t_over_L,d_mm,L_mm,N,lattice_type,band_mean_alpha,alpha_1000hz,C11,C12,C44,surrogate_method
0.03,0.5,10.0,5,SC,0.573148,0.328267,0.0665301360208154,0.0109701336217035,0.011967370308351,GPR
0.040714,0.5,10.0,5,SC,0.555238,0.342315,0.0871591469673739,0.0147691118431046,0.0158255560173288,GPR
0.051429,0.5,10.0,5,SC,0.545559,0.367686,0.1081048454087395,0.0188236042560309,0.0198265841754177,GPR
0.062143,0.5,10.0,5,SC,0.540204,0.40191,0.1293833589694963,0.023142101375831,0.0239770167693537,GPR
0.072857,0.5,10.0,5,SC,0.533249,0.441873,0.151019443555247,0.0277374565718414,0.0282872599342008,GPR
0.083571,0.5,10.0,5,SC,0.523236,0.483984,0.1730383892289127,0.0326253053024461,0.0327699652934809,GPR
0.094286,0.5,10.0,5,SC,0.511492,0.524627,0.1954697303026674,0.0378247459614652,0.0374406540757777,GPR
0.105,0.5,10.0,5,SC,0.4994,0.560761,0.218338456582856,0.0433560907810373,0.0423157014338971,GPR
0.115714,0.5,10.0,5,SC,0.487769,0.590393,0.2416771621073271,0.0492434037935011,0.0474146302078575,GPR
0.126429,0.5,10.0,5,SC,0.47697,0.612738,0.2655195274429045,0.0555127379871405,0.0527585182943906,GPR
0.137143,0.5,10.0,5,SC,0.467125,0.628044,0.2898929889554009,0.0621896940324536,0.0583679749887721,GPR
0.147857,0.5,10.0,5,SC,0.458229,0.637227,0.3148316088633973,0.0693023202596536,0.0642656499918911,GPR
0.158571,0.5,10.0,5,SC,0.450219,0.641505,0.3403667345946098,0.0768781438068387,0.0704737443187441,GPR
0.169286,0.5,10.0,5,SC,0.44301,0.642105,0.3665311724803841,0.0849447992251045,0.077014574771215,GPR
0.18,0.5,10.0,5,SC,0.436516,0.640101,0.3933488582912199,0.0935262224977547,0.0839075324330423,GPR
0.03,0.6786,10.0,5,SC,0.542574,0.316409,0.0665301360208154,0.0109701336217035,0.011967370308351,GPR
0.040714,0.6786,10.0,5,SC,0.554488,0.299983,0.0871591469673739,0.0147691118431046,0.0158255560173288,GPR
0.051429,0.6786,10.0,5,SC,0.555543,0.287145,0.1081048454087395,0.0188236042560309,0.0198265841754177,GPR
0.062143,0.6786,10.0,5,SC,0.550979,0.277464,0.1293833589694963,0.023142101375831,0.0239770167693537,GPR
0.072857,0.6786,10.0,5,SC,0.543728,0.270364,0.151019443555247,0.0277374565718414,0.0282872599342008,GPR
0.083571,0.6786,10.0,5,SC,0.535444,0.265298,0.1730383892289127,0.0326253053024461,0.0327699652934809,GPR
0.094286,0.6786,10.0,5,SC,0.527049,0.261785,0.1954697303026674,0.0378247459614652,0.0374406540757777,GPR
0.105,0.6786,10.0,5,SC,0.519034,0.25942,0.218338456582856,0.0433560907810373,0.0423157014338971,GPR
0.115714,0.6786,10.0,5,SC,0.511634,0.257861,0.2416771621073271,0.0492434037935011,0.0474146302078575,GPR
0.126429,0.6786,10.0,5,SC,0.504932,0.256826,0.2655195274429045,0.0555127379871405,0.0527585182943906,GPR
0.137143,0.6786,10.0,5,SC,0.498922,0.256086,0.2898929889554009,0.0621896940324536,0.0583679749887721,GPR
0.147857,0.6786,10.0,5,SC,0.493552,0.255456,0.3148316088633973,0.0693023202596536,0.0642656499918911,GPR
0.158571,0.6786,10.0,5,SC,0.488751,0.254792,0.3403667345946098,0.0768781438068387,0.0704737443187441,GPR
0.169286,0.6786,10.0,5,SC,0.484446,0.253989,0.3665311724803841,0.0849447992251045,0.077014574771215,GPR
0.18,0.6786,10.0,5,SC,0.480571,0.252974,0.3933488582912199,0.0935262224977547,0.0839075324330423,GPR
0.03,0.8571,10.0,5,SC,0.379324,0.345046,0.0665301360208154,0.0109701336217035,0.011967370308351,GPR
0.040714,0.8571,10.0,5,SC,0.416138,0.332075,0.0871591469673739,0.0147691118431046,0.0158255560173288,GPR
0.051429,0.8571,10.0,5,SC,0.445847,0.319304,0.1081048454087395,0.0188236042560309,0.0198265841754177,GPR
0.062143,0.8571,10.0,5,SC,0.46806,0.307565,0.1293833589694963,0.023142101375831,0.0239770167693537,GPR
0.072857,0.8571,10.0,5,SC,0.483893,0.297127,0.151019443555247,0.0277374565718414,0.0282872599342008,GPR
0.083571,0.8571,10.0,5,SC,0.494838,0.288009,0.1730383892289127,0.0326253053024461,0.0327699652934809,GPR
0.094286,0.8571,10.0,5,SC,0.502221,0.280121,0.1954697303026674,0.0378247459614652,0.0374406540757777,GPR
0.105,0.8571,10.0,5,SC,0.507066,0.273341,0.218338456582856,0.0433560907810373,0.0423157014338971,GPR
0.115714,0.8571,10.0,5,SC,0.510127,0.267538,0.2416771621073271,0.0492434037935011,0.0474146302078575,GPR
0.126429,0.8571,10.0,5,SC,0.51195,0.262595,0.2655195274429045,0.0555127379871405,0.0527585182943906,GPR
0.137143,0.8571,10.0,5,SC,0.51293,0.258406,0.2898929889554009,0.0621896940324536,0.0583679749887721,GPR
0.147857,0.8571,10.0,5,SC,0.513351,0.254883,0.3148316088633973,0.0693023202596536,0.0642656499918911,GPR
0.158571,0.8571,10.0,5,SC,0.513418,0.251955,0.3403667345946098,0.0768781438068387,0.0704737443187441,GPR
0.169286,0.8571,10.0,5,SC,0.513278,0.249564,0.3665311724803841,0.0849447992251045,0.077014574771215,GPR
0.18,0.8571,10.0,5,SC,0.513035,0.247666,0.3933488582912199,0.0935262224977547,0.0839075324330423,GPR
0.03,1.0357,10.0,5,SC,0.263023,0.350901,0.0665301360208154,0.0109701336217035,0.011967370308351,GPR
0.040714,1.0357,10.0,5,SC,0.281077,0.349992,0.0871591469673739,0.0147691118431046,0.0158255560173288,GPR
0.051429,1.0357,10.0,5,SC,0.298063,0.346344,0.1081048454087395,0.0188236042560309,0.0198265841754177,GPR
0.062143,1.0357,10.0,5,SC,0.314084,0.341353,0.1293833589694963,0.023142101375831,0.0239770167693537,GPR
0.072857,1.0357,10.0,5,SC,0.329066,0.335879,0.151019443555247,0.0277374565718414,0.0282872599342008,GPR
0.083571,1.0357,10.0,5,SC,0.342851,0.330435,0.1730383892289127,0.0326253053024461,0.0327699652934809,GPR
0.094286,1.0357,10.0,5,SC,0.355277,0.32532,0.1954697303026674,0.0378247459614652,0.0374406540757777,GPR
0.105,1.0357,10.0,5,SC,0.366232,0.320703,0.218338456582856,0.0433560907810373,0.0423157014338971,GPR
0.115714,1.0357,10.0,5,SC,0.375673,0.316674,0.2416771621073271,0.0492434037935011,0.0474146302078575,GPR
0.126429,1.0357,10.0,5,SC,0.383619,0.313278,0.2655195274429045,0.0555127379871405,0.0527585182943906,GPR
0.137143,1.0357,10.0,5,SC,0.390132,0.310533,0.2898929889554009,0.0621896940324536,0.0583679749887721,GPR
0.147857,1.0357,10.0,5,SC,0.395298,0.308442,0.3148316088633973,0.0693023202596536,0.0642656499918911,GPR
0.158571,1.0357,10.0,5,SC,0.399207,0.307004,0.3403667345946098,0.0768781438068387,0.0704737443187441,GPR
0.169286,1.0357,10.0,5,SC,0.401945,0.306215,0.3665311724803841,0.0849447992251045,0.077014574771215,GPR
0.18,1.0357,10.0,5,SC,0.403586,0.306073,0.3933488582912199,0.0935262224977547,0.0839075324330423,GPR
0.03,1.2143,10.0,5,SC,0.205251,0.322964,0.0665301360208154,0.0109701336217035,0.011967370308351,GPR
0.040714,1.2143,10.0,5,SC,0.216205,0.333305,0.0871591469673739,0.0147691118431046,0.0158255560173288,GPR
0.051429,1.2143,10.0,5,SC,0.225898,0.340257,0.1081048454087395,0.0188236042560309,0.0198265841754177,GPR
0.062143,1.2143,10.0,5,SC,0.234526,0.344815,0.1293833589694963,0.023142101375831,0.0239770167693537,GPR
0.072857,1.2143,10.0,5,SC,0.242225,0.347748,0.151019443555247,0.0277374565718414,0.0282872599342008,GPR
0.083571,1.2143,10.0,5,SC,0.249089,0.349638,0.1730383892289127,0.0326253053024461,0.0327699652934809,GPR
0.094286,1.2143,10.0,5,SC,0.255185,0.350921,0.1954697303026674,0.0378247459614652,0.0374406540757777,GPR
0.105,1.2143,10.0,5,SC,0.26056,0.351917,0.218338456582856,0.0433560907810373,0.0423157014338971,GPR
0.115714,1.2143,10.0,5,SC,0.26525,0.352864,0.2416771621073271,0.0492434037935011,0.0474146302078575,GPR
0.126429,1.2143,10.0,5,SC,0.269289,0.353938,0.2655195274429045,0.0555127379871405,0.0527585182943906,GPR
0.137143,1.2143,10.0,5,SC,0.272707,0.355271,0.2898929889554009,0.0621896940324536,0.0583679749887721,GPR
0.147857,1.2143,10.0,5,SC,0.275538,0.356965,0.3148316088633973,0.0693023202596536,0.0642656499918911,GPR
0.158571,1.2143,10.0,5,SC,0.27782,0.359098,0.3403667345946098,0.0768781438068387,0.0704737443187441,GPR
0.169286,1.2143,10.0,5,SC,0.279596,0.361733,0.3665311724803841,0.0849447992251045,0.077014574771215,GPR
0.18,1.2143,10.0,5,SC,0.280912,0.364925,0.3933488582912199,0.0935262224977547,0.0839075324330423,GPR
0.03,1.3929,10.0,5,SC,0.167893,0.274192,0.0665301360208154,0.0109701336217035,0.011967370308351,GPR
0.040714,1.3929,10.0,5,SC,0.176171,0.289285,0.0871591469673739,0.0147691118431046,0.0158255560173288,GPR
0.051429,1.3929,10.0,5,SC,0.183479,0.301954,0.1081048454087395,0.0188236042560309,0.0198265841754177,GPR
0.062143,1.3929,10.0,5,SC,0.189952,0.312645,0.1293833589694963,0.023142101375831,0.0239770167693537,GPR
0.072857,1.3929,10.0,5,SC,0.195701,0.321764,0.151019443555247,0.0277374565718414,0.0282872599342008,GPR
0.083571,1.3929,10.0,5,SC,0.200812,0.329665,0.1730383892289127,0.0326253053024461,0.0327699652934809,GPR
0.094286,1.3929,10.0,5,SC,0.205358,0.336648,0.1954697303026674,0.0378247459614652,0.0374406540757777,GPR
0.105,1.3929,10.0,5,SC,0.2094,0.342968,0.218338456582856,0.0433560907810373,0.0423157014338971,GPR
0.115714,1.3929,10.0,5,SC,0.21299,0.348833,0.2416771621073271,0.0492434037935011,0.0474146302078575,GPR
0.126429,1.3929,10.0,5,SC,0.216174,0.354416,0.2655195274429045,0.0555127379871405,0.0527585182943906,GPR
0.137143,1.3929,10.0,5,SC,0.218992,0.359858,0.2898929889554009,0.0621896940324536,0.0583679749887721,GPR
0.147857,1.3929,10.0,5,SC,0.221483,0.365273,0.3148316088633973,0.0693023202596536,0.0642656499918911,GPR
0.158571,1.3929,10.0,5,SC,0.223682,0.370752,0.3403667345946098,0.0768781438068387,0.0704737443187441,GPR
0.169286,1.3929,10.0,5,SC,0.225621,0.376367,0.3665311724803841,0.0849447992251045,0.077014574771215,GPR
0.18,1.3929,10.0,5,SC,0.227331,0.382173,0.3933488582912199,0.0935262224977547,0.0839075324330423,GPR
0.03,1.5714,10.0,5,SC,0.140442,0.222205,0.0665301360208154,0.0109701336217035,0.011967370308351,GPR
0.040714,1.5714,10.0,5,SC,0.147114,0.236636,0.0871591469673739,0.0147691118431046,0.0158255560173288,GPR
0.051429,1.5714,10.0,5,SC,0.153078,0.249624,0.1081048454087395,0.0188236042560309,0.0198265841754177,GPR
0.062143,1.5714,10.0,5,SC,0.158424,0.261334,0.1293833589694963,0.023142101375831,0.0239770167693537,GPR
0.072857,1.5714,10.0,5,SC,0.163227,0.27193,0.151019443555247,0.0277374565718414,0.0282872599342008,GPR
0.083571,1.5714,10.0,5,SC,0.167552,0.28157,0.1730383892289127,0.0326253053024461,0.0327699652934809,GPR
0.094286,1.5714,10.0,5,SC,0.171452,0.290394,0.1954697303026674,0.0378247459614652,0.0374406540757777,GPR
0.105,1.5714,10.0,5,SC,0.174974,0.298531,0.218338456582856,0.0433560907810373,0.0423157014338971,GPR
0.115714,1.5714,10.0,5,SC,0.17816,0.306089,0.2416771621073271,0.0492434037935011,0.0474146302078575,GPR
0.126429,1.5714,10.0,5,SC,0.181045,0.31316,0.2655195274429045,0.0555127379871405,0.0527585182943906,GPR
0.137143,1.5714,10.0,5,SC,0.183661,0.319818,0.2898929889554009,0.0621896940324536,0.0583679749887721,GPR
0.147857,1.5714,10.0,5,SC,0.186035,0.32612,0.3148316088633973,0.0693023202596536,0.0642656499918911,GPR
0.158571,1.5714,10.0,5,SC,0.188195,0.332107,0.3403667345946098,0.0768781438068387,0.0704737443187441,GPR
0.169286,1.5714,10.0,5,SC,0.190161,0.337801,0.3665311724803841,0.0849447992251045,0.077014574771215,GPR
0.18,1.5714,10.0,5,SC,0.191955,0.343211,0.3933488582912199,0.0935262224977547,0.0839075324330423,GPR
0.03,0.5,13.3333,5,SC,0.505314,0.596895,0.0665301360208154,0.0109701336217035,0.011967370308351,GPR
0.040714,0.5,13.3333,5,SC,0.465878,0.467065,0.0871591469673739,0.0147691118431046,0.0158255560173288,GPR
0.051429,0.5,13.3333,5,SC,0.429248,0.412595,0.1081048454087395,0.0188236042560309,0.0198265841754177,GPR
0.062143,0.5,13.3333,5,SC,0.397164,0.39868,0.1293833589694963,0.023142101375831,0.0239770167693537,GPR
0.072857,0.5,13.3333,5,SC,0.369829,0.405671,0.151019443555247,0.0277374565718414,0.0282872599342008,GPR
0.083571,0.5,13.3333,5,SC,0.346623,0.41967,0.1730383892289127,0.0326253053024461,0.0327699652934809,GPR
0.094286,0.5,13.3333,5,SC,0.326852,0.430606,0.1954697303026674,0.0378247459614652,0.0374406540757777,GPR
0.105,0.5,13.3333,5,SC,0.309925,0.433462,0.218338456582856,0.0433560907810373,0.0423157014338971,GPR
0.115714,0.5,13.3333,5,SC,0.295365,0.428111,0.2416771621073271,0.0492434037935011,0.0474146302078575,GPR
0.126429,0.5,13.3333,5,SC,0.282795,0.417096,0.2655195274429045,0.0555127379871405,0.0527585182943906,GPR
0.137143,0.5,13.3333,5,SC,0.271917,0.403346,0.2898929889554009,0.0621896940324536,0.0583679749887721,GPR
0.147857,0.5,13.3333,5,SC,0.262489,0.389048,0.3148316088633973,0.0693023202596536,0.0642656499918911,GPR
0.158571,0.5,13.3333,5,SC,0.254315,0.375495,0.3403667345946098,0.0768781438068387,0.0704737443187441,GPR
0.169286,0.5,13.3333,5,SC,0.247236,0.363306,0.3665311724803841,0.0849447992251045,0.077014574771215,GPR
0.18,0.5,13.3333,5,SC,0.241118,0.35269,0.3933488582912199,0.0935262224977547,0.0839075324330423,GPR
0.03,0.6786,13.3333,5,SC,0.541924,0.678315,0.0665301360208154,0.0109701336217035,0.011967370308351,GPR
0.040714,0.6786,13.3333,5,SC,0.525575,0.88843,0.0871591469673739,0.0147691118431046,0.0158255560173288,GPR
0.051429,0.6786,13.3333,5,SC,0.513922,0.949055,0.1081048454087395,0.0188236042560309,0.0198265841754177,GPR
0.062143,0.6786,13.3333,5,SC,0.507156,0.871041,0.1293833589694963,0.023142101375831,0.0239770167693537,GPR
0.072857,0.6786,13.3333,5,SC,0.497943,0.752289,0.151019443555247,0.0277374565718414,0.0282872599342008,GPR
0.083571,0.6786,13.3333,5,SC,0.485447,0.646395,0.1730383892289127,0.0326253053024461,0.0327699652934809,GPR
0.094286,0.6786,13.3333,5,SC,0.472204,0.564564,0.1954697303026674,0.0378247459614652,0.0374406540757777,GPR
0.105,0.6786,13.3333,5,SC,0.459618,0.503801,0.218338456582856,0.0433560907810373,0.0423157014338971,GPR
0.115714,0.6786,13.3333,5,SC,0.448052,0.458912,0.2416771621073271,0.0492434037935011,0.0474146302078575,GPR
0.126429,0.6786,13.3333,5,SC,0.437436,0.425527,0.2655195274429045,0.0555127379871405,0.0527585182943906,GPR
0.137143,0.6786,13.3333,5,SC,0.42767,0.400441,0.2898929889554009,0.0621896940324536,0.0583679749887721,GPR
0.147857,0.6786,13.3333,5,SC,0.418722,0.381384,0.3148316088633973,0.0693023202596536,0.0642656499918911,GPR
0.158571,0.6786,13.3333,5,SC,0.410585,0.366753,0.3403667345946098,0.0768781438068387,0.0704737443187441,GPR
0.169286,0.6786,13.3333,5,SC,0.403249,0.35541,0.3665311724803841,0.0849447992251045,0.077014574771215,GPR
0.18,0.6786,13.3333,5,SC,0.396687,0.346546,0.3933488582912199,0.0935262224977547,0.0839075324330423,GPR
0.03,0.8571,13.3333,5,SC,0.464562,0.260948,0.0665301360208154,0.0109701336217035,0.011967370308351,GPR
0.040714,0.8571,13.3333,5,SC,0.495927,0.309183,0.0871591469673739,0.0147691118431046,0.0158255560173288,GPR
0.051429,0.8571,13.3333,5,SC,0.511451,0.37236,0.1081048454087395,0.0188236042560309,0.0198265841754177,GPR
0.062143,0.8571,13.3333,5,SC,0.512956,0.449961,0.1293833589694963,0.023142101375831,0.0239770167693537,GPR
0.072857,0.8571,13.3333,5,SC,0.508058,0.538882,0.151019443555247,0.0277374565718414,0.0282872599342008,GPR
0.083571,0.8571,13.3333,5,SC,0.500842,0.63304,0.1730383892289127,0.0326253053024461,0.0327699652934809,GPR
0.094286,0.8571,13.3333,5,SC,0.49315,0.724188,0.1954697303026674,0.0378247459614652,0.0374406540757777,GPR
0.105,0.8571,13.3333,5,SC,0.485811,0.804075,0.218338456582856,0.0433560907810373,0.0423157014338971,GPR
0.115714,0.8571,13.3333,5,SC,0.479168,0.866939,0.2416771621073271,0.0492434037935011,0.0474146302078575,GPR
0.126429,0.8571,13.3333,5,SC,0.473316,0.910879,0.2655195274429045,0.0555127379871405,0.0527585182943906,GPR
0.137143,0.8571,13.3333,5,SC,0.468206,0.937504,0.2898929889554009,0.0621896940324536,0.0583679749887721,GPR
0.147857,0.8571,13.3333,5,SC,0.46371,0.95048,0.3148316088633973,0.0693023202596536,0.0642656499918911,GPR
0.158571,0.8571,13.3333,5,SC,0.459673,0.954015,0.3403667345946098,0.0768781438068387,0.0704737443187441,GPR
0.169286,0.8571,13.3333,5,SC,0.455948,0.951859,0.3665311724803841,0.0849447992251045,0.077014574771215,GPR
0.18,0.8571,13.3333,5,SC,0.452421,0.946897,0.3933488582912199,0.0935262224977547,0.0839075324330423,GPR
0.03,1.0357,13.3333,5,SC,0.39533,0.186521,0.0665301360208154,0.0109701336217035,0.011967370308351,GPR
0.040714,1.0357,13.3333,5,SC,0.401916,0.193437,0.0871591469673739,0.0147691118431046,0.0158255560173288,GPR
0.051429,1.0357,13.3333,5,SC,0.408195,0.202453,0.1081048454087395,0.0188236042560309,0.0198265841754177,GPR
0.062143,1.0357,13.3333,5,SC,0.416208,0.213401,0.1293833589694963,0.023142101375831,0.0239770167693537,GPR
0.072857,1.0357,13.3333,5,SC,0.426726,0.225965,0.151019443555247,0.0277374565718414,0.0282872599342008,GPR
0.083571,1.0357,13.3333,5,SC,0.438828,0.239736,0.1730383892289127,0.0326253053024461,0.0327699652934809,GPR
0.094286,1.0357,13.3333,5,SC,0.450309,0.254235,0.1954697303026674,0.0378247459614652,0.0374406540757777,GPR
0.105,1.0357,13.3333,5,SC,0.45929,0.26894,0.218338456582856,0.0433560907810373,0.0423157014338971,GPR
0.115714,1.0357,13.3333,5,SC,0.465231,0.283311,0.2416771621073271,0.0492434037935011,0.0474146302078575,GPR
0.126429,1.0357,13.3333,5,SC,0.468552,0.296821,0.2655195274429045,0.0555127379871405,0.0527585182943906,GPR
0.137143,1.0357,13.3333,5,SC,0.469947,0.308982,0.2898929889554009,0.0621896940324536,0.0583679749887721,GPR
0.147857,1.0357,13.3333,5,SC,0.470033,0.319373,0.3148316088633973,0.0693023202596536,0.0642656499918911,GPR
0.158571,1.0357,13.3333,5,SC,0.469266,0.327655,0.3403667345946098,0.0768781438068387,0.0704737443187441,GPR
0.169286,1.0357,13.3333,5,SC,0.46796,0.333589,0.3665311724803841,0.0849447992251045,0.077014574771215,GPR
0.18,1.0357,13.3333,5,SC,0.466321,0.337041,0.3933488582912199,0.0935262224977547,0.0839075324330423,GPR
0.03,1.2143,13.3333,5,SC,0.353361,0.168311,0.0665301360208154,0.0109701336217035,0.011967370308351,GPR
0.040714,1.2143,13.3333,5,SC,0.363012,0.168139,0.0871591469673739,0.0147691118431046,0.0158255560173288,GPR
0.051429,1.2143,13.3333,5,SC,0.369278,0.168358,0.1081048454087395,0.0188236042560309,0.0198265841754177,GPR
0.062143,1.2143,13.3333,5,SC,0.373368,0.169009,0.1293833589694963,0.023142101375831,0.0239770167693537,GPR
0.072857,1.2143,13.3333,5,SC,0.376095,0.170035,0.151019443555247,0.0277374565718414,0.0282872599342008,GPR
0.083571,1.2143,13.3333,5,SC,0.377993,0.171333,0.1730383892289127,0.0326253053024461,0.0327699652934809,GPR
0.094286,1.2143,13.3333,5,SC,0.379403,0.172785,0.1954697303026674,0.0378247459614652,0.0374406540757777,GPR
0.105,1.2143,13.3333,5,SC,0.38053,0.174271,0.218338456582856,0.0433560907810373,0.0423157014338971,GPR
0.115714,1.2143,13.3333,5,SC,0.381477,0.17568,0.2416771621073271,0.0492434037935011,0.0474146302078575,GPR
0.126429,1.2143,13.3333,5,SC,0.382284,0.176915,0.2655195274429045,0.0555127379871405,0.0527585182943906,GPR
0.137143,1.2143,13.3333,5,SC,0.382951,0.177896,0.2898929889554009,0.0621896940324536,0.0583679749887721,GPR
0.147857,1.2143,13.3333,5,SC,0.383458,0.17856,0.3148316088633973,0.0693023202596536,0.0642656499918911,GPR
0.158571,1.2143,13.3333,5,SC,0.383782,0.178866,0.3403667345946098,0.0768781438068387,0.0704737443187441,GPR
0.169286,1.2143,13.3333,5,SC,0.38391,0.178793,0.3665311724803841,0.0849447992251045,0.077014574771215,GPR
0.18,1.2143,13.3333,5,SC,0.383842,0.178338,0.3933488582912199,0.0935262224977547,0.0839075324330423,GPR
0.03,1.3929,13.3333,5,SC,0.307076,0.162442,0.0665301360208154,0.0109701336217035,0.011967370308351,GPR
0.040714,1.3929,13.3333,5,SC,0.320518,0.16144,0.0871591469673739,0.0147691118431046,0.0158255560173288,GPR
0.051429,1.3929,13.3333,5,SC,0.33063,0.160299,0.1081048454087395,0.0188236042560309,0.0198265841754177,GPR
0.062143,1.3929,13.3333,5,SC,0.338292,0.159191,0.1293833589694963,0.023142101375831,0.0239770167693537,GPR
0.072857,1.3929,13.3333,5,SC,0.344147,0.158189,0.151019443555247,0.0277374565718414,0.0282872599342008,GPR
0.083571,1.3929,13.3333,5,SC,0.348668,0.157312,0.1730383892289127,0.0326253053024461,0.0327699652934809,GPR
0.094286,1.3929,13.3333,5,SC,0.352207,0.156553,0.1954697303026674,0.0378247459614652,0.0374406540757777,GPR
0.105,1.3929,13.3333,5,SC,0.355021,0.155893,0.218338456582856,0.0433560907810373,0.0423157014338971,GPR
0.115714,1.3929,13.3333,5,SC,0.357306,0.15531,0.2416771621073271,0.0492434037935011,0.0474146302078575,GPR
0.126429,1.3929,13.3333,5,SC,0.359209,0.15478,0.2655195274429045,0.0555127379871405,0.0527585182943906,GPR
0.137143,1.3929,13.3333,5,SC,0.360841,0.154288,0.2898929889554009,0.0621896940324536,0.0583679749887721,GPR
0.147857,1.3929,13.3333,5,SC,0.362289,0.153819,0.3148316088633973,0.0693023202596536,0.0642656499918911,GPR
0.158571,1.3929,13.3333,5,SC,0.36362,0.153366,0.3403667345946098,0.0768781438068387,0.0704737443187441,GPR
0.169286,1.3929,13.3333,5,SC,0.364888,0.152929,0.3665311724803841,0.0849447992251045,0.077014574771215,GPR
0.18,1.3929,13.3333,5,SC,0.366138,0.152511,0.3933488582912199,0.0935262224977547,0.0839075324330423,GPR
0.03,1.5714,13.3333,5,SC,0.258646,0.159041,0.0665301360208154,0.0109701336217035,0.011967370308351,GPR
0.040714,1.5714,13.3333,5,SC,0.273711,0.158918,0.0871591469673739,0.0147691118431046,0.0158255560173288,GPR
0.051429,1.5714,13.3333,5,SC,0.285973,0.158367,0.1081048454087395,0.0188236042560309,0.0198265841754177,GPR
0.062143,1.5714,13.3333,5,SC,0.296006,0.157614,0.1293833589694963,0.023142101375831,0.0239770167693537,GPR
0.072857,1.5714,13.3333,5,SC,0.304274,0.156793,0.151019443555247,0.0277374565718414,0.0282872599342008,GPR
0.083571,1.5714,13.3333,5,SC,0.311148,0.155984,0.1730383892289127,0.0326253053024461,0.0327699652934809,GPR
0.094286,1.5714,13.3333,5,SC,0.316922,0.155232,0.1954697303026674,0.0378247459614652,0.0374406540757777,GPR
0.105,1.5714,13.3333,5,SC,0.321823,0.154563,0.218338456582856,0.0433560907810373,0.0423157014338971,GPR
0.115714,1.5714,13.3333,5,SC,0.326033,0.153993,0.2416771621073271,0.0492434037935011,0.0474146302078575,GPR
0.126429,1.5714,13.3333,5,SC,0.329696,0.15353,0.2655195274429045,0.0555127379871405,0.0527585182943906,GPR
0.137143,1.5714,13.3333,5,SC,0.332922,0.153179,0.2898929889554009,0.0621896940324536,0.0583679749887721,GPR
0.147857,1.5714,13.3333,5,SC,0.335802,0.152947,0.3148316088633973,0.0693023202596536,0.0642656499918911,GPR
0.158571,1.5714,13.3333,5,SC,0.338405,0.152838,0.3403667345946098,0.0768781438068387,0.0704737443187441,GPR
0.169286,1.5714,13.3333,5,SC,0.340786,0.152861,0.3665311724803841,0.0849447992251045,0.077014574771215,GPR
0.18,1.5714,13.3333,5,SC,0.342985,0.153022,0.3933488582912199,0.0935262224977547,0.0839075324330423,GPR
0.03,1.75,13.3333,5,SC,0.211875,0.155077,0.0665301360208154,0.0109701336217035,0.011967370308351,GPR
0.040714,1.75,13.3333,5,SC,0.226288,0.156301,0.0871591469673739,0.0147691118431046,0.0158255560173288,GPR
0.051429,1.75,13.3333,5,SC,0.23872,0.156943,0.1081048454087395,0.0188236042560309,0.0198265841754177,GPR
0.062143,1.75,13.3333,5,SC,0.249407,0.157231,0.1293833589694963,0.023142101375831,0.0239770167693537,GPR
0.072857,1.75,13.3333,5,SC,0.258592,0.157319,0.151019443555247,0.0277374565718414,0.0282872599342008,GPR
0.083571,1.75,13.3333,5,SC,0.2665,0.157314,0.1730383892289127,0.0326253053024461,0.0327699652934809,GPR
0.094286,1.75,13.3333,5,SC,0.273329,0.157291,0.1954697303026674,0.0378247459614652,0.0374406540757777,GPR
0.105,1.75,13.3333,5,SC,0.279245,0.157299,0.218338456582856,0.0433560907810373,0.0423157014338971,GPR
0.115714,1.75,13.3333,5,SC,0.284387,0.157377,0.2416771621073271,0.0492434037935011,0.0474146302078575,GPR
0.126429,1.75,13.3333,5,SC,0.288866,0.157552,0.2655195274429045,0.0555127379871405,0.0527585182943906,GPR
0.137143,1.75,13.3333,5,SC,0.292772,0.157847,0.2898929889554009,0.0621896940324536,0.0583679749887721,GPR
0.147857,1.75,13.3333,5,SC,0.296175,0.158278,0.3148316088633973,0.0693023202596536,0.0642656499918911,GPR
0.158571,1.75,13.3333,5,SC,0.299129,0.158864,0.3403667345946098,0.0768781438068387,0.0704737443187441,GPR
0.169286,1.75,13.3333,5,SC,0.301671,0.159618,0.3665311724803841,0.0849447992251045,0.077014574771215,GPR
0.18,1.75,13.3333,5,SC,0.303825,0.160557,0.3933488582912199,0.0935262224977547,0.0839075324330423,GPR
0.03,1.9286,13.3333,5,SC,0.171437,0.149622,0.0665301360208154,0.0109701336217035,0.011967370308351,GPR
0.040714,1.9286,13.3333,5,SC,0.183201,0.152161,0.0871591469673739,0.0147691118431046,0.0158255560173288,GPR
0.051429,1.9286,13.3333,5,SC,0.193801,0.15407,0.1081048454087395,0.0188236042560309,0.0198265841754177,GPR
0.062143,1.9286,13.3333,5,SC,0.203267,0.155551,0.1293833589694963,0.023142101375831,0.0239770167693537,GPR
0.072857,1.9286,13.3333,5,SC,0.211659,0.156753,0.151019443555247,0.0277374565718414,0.0282872599342008,GPR
0.083571,1.9286,13.3333,5,SC,0.219055,0.157789,0.1730383892289127,0.0326253053024461,0.0327699652934809,GPR
0.094286,1.9286,13.3333,5,SC,0.225533,0.15874,0.1954697303026674,0.0378247459614652,0.0374406540757777,GPR
0.105,1.9286,13.3333,5,SC,0.231171,0.15967,0.218338456582856,0.0433560907810373,0.0423157014338971,GPR
0.115714,1.9286,13.3333,5,SC,0.236038,0.16063,0.2416771621073271,0.0492434037935011,0.0474146302078575,GPR
0.126429,1.9286,13.3333,5,SC,0.240194,0.161659,0.2655195274429045,0.0555127379871405,0.0527585182943906,GPR
0.137143,1.9286,13.3333,5,SC,0.243685,0.162789,0.2898929889554009,0.0621896940324536,0.0583679749887721,GPR
0.147857,1.9286,13.3333,5,SC,0.246545,0.164047,0.3148316088633973,0.0693023202596536,0.0642656499918911,GPR
0.158571,1.9286,13.3333,5,SC,0.248799,0.165459,0.3403667345946098,0.0768781438068387,0.0704737443187441,GPR
0.169286,1.9286,13.3333,5,SC,0.250458,0.167047,0.3665311724803841,0.0849447992251045,0.077014574771215,GPR
0.18,1.9286,13.3333,5,SC,0.251522,0.168832,0.3933488582912199,0.0935262224977547,0.0839075324330423,GPR
0.03,2.1071,13.3333,5,SC,0.140315,0.142608,0.0665301360208154,0.0109701336217035,0.011967370308351,GPR
0.040714,2.1071,13.3333,5,SC,0.148966,0.146192,0.0871591469673739,0.0147691118431046,0.0158255560173288,GPR
0.051429,2.1071,13.3333,5,SC,0.15687,0.149177,0.1081048454087395,0.0188236042560309,0.0198265841754177,GPR
0.062143,2.1071,13.3333,5,SC,0.164027,0.151727,0.1293833589694963,0.023142101375831,0.0239770167693537,GPR
0.072857,2.1071,13.3333,5,SC,0.170446,0.15397,0.151019443555247,0.0277374565718414,0.0282872599342008,GPR
0.083571,2.1071,13.3333,5,SC,0.176141,0.156009,0.1730383892289127,0.0326253053024461,0.0327699652934809,GPR
0.094286,2.1071,13.3333,5,SC,0.181129,0.157924,0.1954697303026674,0.0378247459614652,0.0374406540757777,GPR
0.105,2.1071,13.3333,5,SC,0.185431,0.15978,0.218338456582856,0.0433560907810373,0.0423157014338971,GPR
0.115714,2.1071,13.3333,5,SC,0.189068,0.161631,0.2416771621073271,0.0492434037935011,0.0474146302078575,GPR
0.126429,2.1071,13.3333,5,SC,0.192061,0.16352,0.2655195274429045,0.0555127379871405,0.0527585182943906,GPR
0.137143,2.1071,13.3333,5,SC,0.194427,0.165484,0.2898929889554009,0.0621896940324536,0.0583679749887721,GPR
0.147857,2.1071,13.3333,5,SC,0.196186,0.167556,0.3148316088633973,0.0693023202596536,0.0642656499918911,GPR
0.158571,2.1071,13.3333,5,SC,0.197353,0.169765,0.3403667345946098,0.0768781438068387,0.0704737443187441,GPR
0.169286,2.1071,13.3333,5,SC,0.197949,0.172136,0.3665311724803841,0.0849447992251045,0.077014574771215,GPR
0.18,2.1071,13.3333,5,SC,0.197995,0.174695,0.3933488582912199,0.0935262224977547,0.0839075324330423,GPR
0.03,0.5,16.6667,5,SC,0.323476,0.483531,0.0665301360208154,0.0109701336217035,0.011967370308351,GPR
0.040714,0.5,16.6667,5,SC,0.274418,0.38099,0.0871591469673739,0.0147691118431046,0.0158255560173288,GPR
0.051429,0.5,16.6667,5,SC,0.237731,0.343089,0.1081048454087395,0.0188236042560309,0.0198265841754177,GPR
0.062143,0.5,16.6667,5,SC,0.210164,0.31353,0.1293833589694963,0.023142101375831,0.0239770167693537,GPR
0.072857,0.5,16.6667,5,SC,0.189098,0.277954,0.151019443555247,0.0277374565718414,0.0282872599342008,GPR
0.083571,0.5,16.6667,5,SC,0.172633,0.244955,0.1730383892289127,0.0326253053024461,0.0327699652934809,GPR
0.094286,0.5,16.6667,5,SC,0.159475,0.217815,0.1954697303026674,0.0378247459614652,0.0374406540757777,GPR
0.105,0.5,16.6667,5,SC,0.148761,0.195814,0.218338456582856,0.0433560907810373,0.0423157014338971,GPR
0.115714,0.5,16.6667,5,SC,0.139904,0.177932,0.2416771621073271,0.0492434037935011,0.0474146302078575,GPR
0.126429,0.5,16.6667,5,SC,0.132496,0.163416,0.2655195274429045,0.0555127379871405,0.0527585182943906,GPR
0.137143,0.5,16.6667,5,SC,0.126246,0.151649,0.2898929889554009,0.0621896940324536,0.0583679749887721,GPR
0.147857,0.5,16.6667,5,SC,0.120939,0.142102,0.3148316088633973,0.0693023202596536,0.0642656499918911,GPR
0.158571,0.5,16.6667,5,SC,0.116416,0.134338,0.3403667345946098,0.0768781438068387,0.0704737443187441,GPR
0.169286,0.5,16.6667,5,SC,0.112552,0.12801,0.3665311724803841,0.0849447992251045,0.077014574771215,GPR
0.18,0.5,16.6667,5,SC,0.109252,0.122849,0.3933488582912199,0.0935262224977547,0.0839075324330423,GPR
0.03,0.6786,16.6667,5,SC,0.464165,0.371707,0.0665301360208154,0.0109701336217035,0.011967370308351,GPR
0.040714,0.6786,16.6667,5,SC,0.422445,0.422848,0.0871591469673739,0.0147691118431046,0.0158255560173288,GPR
0.051429,0.6786,16.6667,5,SC,0.387175,0.532712,0.1081048454087395,0.0188236042560309,0.0198265841754177,GPR
0.062143,0.6786,16.6667,5,SC,0.357497,0.611167,0.1293833589694963,0.023142101375831,0.0239770167693537,GPR
0.072857,0.6786,16.6667,5,SC,0.332334,0.588867,0.151019443555247,0.0277374565718414,0.0282872599342008,GPR
0.083571,0.6786,16.6667,5,SC,0.310812,0.51383,0.1730383892289127,0.0326253053024461,0.0327699652934809,GPR
0.094286,0.6786,16.6667,5,SC,0.292283,0.44256,0.1954697303026674,0.0378247459614652,0.0374406540757777,GPR
0.105,0.6786,16.6667,5,SC,0.276265,0.390547,0.218338456582856,0.0433560907810373,0.0423157014338971,GPR
0.115714,0.6786,16.6667,5,SC,0.262397,0.355793,0.2416771621073271,0.0492434037935011,0.0474146302078575,GPR
0.126429,0.6786,16.6667,5,SC,0.250393,0.333413,0.2655195274429045,0.0555127379871405,0.0527585182943906,GPR
0.137143,0.6786,16.6667,5,SC,0.240017,0.319251,0.2898929889554009,0.0621896940324536,0.0583679749887721,GPR
0.147857,0.6786,16.6667,5,SC,0.231068,0.310264,0.3148316088633973,0.0693023202596536,0.0642656499918911,GPR
0.158571,0.6786,16.6667,5,SC,0.223372,0.304339,0.3403667345946098,0.0768781438068387,0.0704737443187441,GPR
0.169286,0.6786,16.6667,5,SC,0.216777,0.300079,0.3665311724803841,0.0849447992251045,0.077014574771215,GPR
0.18,0.6786,16.6667,5,SC,0.211154,0.296617,0.3933488582912199,0.0935262224977547,0.0839075324330423,GPR
0.03,0.8571,16.6667,5,SC,0.515976,0.590133,0.0665301360208154,0.0109701336217035,0.011967370308351,GPR
0.040714,0.8571,16.6667,5,SC,0.50014,0.439099,0.0871591469673739,0.0147691118431046,0.0158255560173288,GPR
0.051429,0.8571,16.6667,5,SC,0.482053,0.363497,0.1081048454087395,0.0188236042560309,0.0198265841754177,GPR
0.062143,0.8571,16.6667,5,SC,0.460695,0.328437,0.1293833589694963,0.023142101375831,0.0239770167693537,GPR
0.072857,0.8571,16.6667,5,SC,0.440145,0.317769,0.151019443555247,0.0277374565718414,0.0282872599342008,GPR
0.083571,0.8571,16.6667,5,SC,0.421536,0.323842,0.1730383892289127,0.0326253053024461,0.0327699652934809,GPR
0.094286,0.8571,16.6667,5,SC,0.404982,0.34236,0.1954697303026674,0.0378247459614652,0.0374406540757777,GPR
0.105,0.8571,16.6667,5,SC,0.390342,0.370046,0.218338456582856,0.0433560907810373,0.0423157014338971,GPR
0.115714,0.8571,16.6667,5,SC,0.377421,0.403598,0.2416771621073271,0.0492434037935011,0.0474146302078575,GPR
0.126429,0.8571,16.6667,5,SC,0.366027,0.439422,0.2655195274429045,0.0555127379871405,0.0527585182943906,GPR
0.137143,0.8571,16.6667,5,SC,0.355989,0.473942,0.2898929889554009,0.0621896940324536,0.0583679749887721,GPR
0.147857,0.8571,16.6667,5,SC,0.347158,0.504198,0.3148316088633973,0.0693023202596536,0.0642656499918911,GPR
0.158571,0.8571,16.6667,5,SC,0.339403,0.528346,0.3403667345946098,0.0768781438068387,0.0704737443187441,GPR
0.169286,0.8571,16.6667,5,SC,0.332618,0.545775,0.3665311724803841,0.0849447992251045,0.077014574771215,GPR
0.18,0.8571,16.6667,5,SC,0.326706,0.556845,0.3933488582912199,0.0935262224977547,0.0839075324330423,GPR
0.03,1.0357,16.6667,5,SC,0.467057,0.95175,0.0665301360208154,0.0109701336217035,0.011967370308351,GPR
0.040714,1.0357,16.6667,5,SC,0.484308,0.915717,0.0871591469673739,0.0147691118431046,0.0158255560173288,GPR
0.051429,1.0357,16.6667,5,SC,0.496088,0.755741,0.1081048454087395,0.0188236042560309,0.0198265841754177,GPR
0.062143,1.0357,16.6667,5,SC,0.492503,0.610577,0.1293833589694963,0.023142101375831,0.0239770167693537,GPR
0.072857,1.0357,16.6667,5,SC,0.484028,0.506568,0.151019443555247,0.0277374565718414,0.0282872599342008,GPR
0.083571,1.0357,16.6667,5,SC,0.47554,0.435269,0.1730383892289127,0.0326253053024461,0.0327699652934809,GPR
0.094286,1.0357,16.6667,5,SC,0.468118,0.386138,0.1954697303026674,0.0378247459614652,0.0374406540757777,GPR
0.105,1.0357,16.6667,5,SC,0.460619,0.351733,0.218338456582856,0.0433560907810373,0.0423157014338971,GPR
0.115714,1.0357,16.6667,5,SC,0.452548,0.327246,0.2416771621073271,0.0492434037935011,0.0474146302078575,GPR
0.126429,1.0357,16.6667,5,SC,0.444395,0.309573,0.2655195274429045,0.0555127379871405,0.0527585182943906,GPR
0.137143,1.0357,16.6667,5,SC,0.436599,0.296658,0.2898929889554009,0.0621896940324536,0.0583679749887721,GPR
0.147857,1.0357,16.6667,5,SC,0.429374,0.2871,0.3148316088633973,0.0693023202596536,0.0642656499918911,GPR
0.158571,1.0357,16.6667,5,SC,0.422805,0.279923,0.3403667345946098,0.0768781438068387,0.0704737443187441,GPR
0.169286,1.0357,16.6667,5,SC,0.416906,0.274437,0.3665311724803841,0.0849447992251045,0.077014574771215,GPR
0.18,1.0357,16.6667,5,SC,0.411665,0.270155,0.3933488582912199,0.0935262224977547,0.0839075324330423,GPR
0.03,1.2143,16.6667,5,SC,0.435921,0.462664,0.0665301360208154,0.0109701336217035,0.011967370308351,GPR
0.040714,1.2143,16.6667,5,SC,0.439324,0.634191,0.0871591469673739,0.0147691118431046,0.0158255560173288,GPR
0.051429,1.2143,16.6667,5,SC,0.439917,0.806353,0.1081048454087395,0.0188236042560309,0.0198265841754177,GPR
0.062143,1.2143,16.6667,5,SC,0.441209,0.924832,0.1293833589694963,0.023142101375831,0.0239770167693537,GPR
0.072857,1.2143,16.6667,5,SC,0.445681,0.959372,0.151019443555247,0.0277374565718414,0.0282872599342008,GPR
0.083571,1.2143,16.6667,5,SC,0.453744,0.925996,0.1730383892289127,0.0326253053024461,0.0327699652934809,GPR
0.094286,1.2143,16.6667,5,SC,0.461586,0.859908,0.1954697303026674,0.0378247459614652,0.0374406540757777,GPR
0.105,1.2143,16.6667,5,SC,0.465484,0.787572,0.218338456582856,0.0433560907810373,0.0423157014338971,GPR
0.115714,1.2143,16.6667,5,SC,0.465678,0.721711,0.2416771621073271,0.0492434037935011,0.0474146302078575,GPR
0.126429,1.2143,16.6667,5,SC,0.463702,0.666393,0.2655195274429045,0.0555127379871405,0.0527585182943906,GPR
0.137143,1.2143,16.6667,5,SC,0.460678,0.621793,0.2898929889554009,0.0621896940324536,0.0583679749887721,GPR
0.147857,1.2143,16.6667,5,SC,0.457237,0.586753,0.3148316088633973,0.0693023202596536,0.0642656499918911,GPR
0.158571,1.2143,16.6667,5,SC,0.453716,0.559868,0.3403667345946098,0.0768781438068387,0.0704737443187441,GPR
0.169286,1.2143,16.6667,5,SC,0.450291,0.539885,0.3665311724803841,0.0849447992251045,0.077014574771215,GPR
0.18,1.2143,16.6667,5,SC,0.44705,0.52581,0.3933488582912199,0.0935262224977547,0.0839075324330423,GPR
0.03,1.3929,16.6667,5,SC,0.383721,0.235727,0.0665301360208154,0.0109701336217035,0.011967370308351,GPR
0.040714,1.3929,16.6667,5,SC,0.403994,0.289349,0.0871591469673739,0.0147691118431046,0.0158255560173288,GPR
0.051429,1.3929,16.6667,5,SC,0.413539,0.354378,0.1081048454087395,0.0188236042560309,0.0198265841754177,GPR
0.062143,1.3929,16.6667,5,SC,0.417665,0.429779,0.1293833589694963,0.023142101375831,0.0239770167693537,GPR
0.072857,1.3929,16.6667,5,SC,0.419044,0.512616,0.151019443555247,0.0277374565718414,0.0282872599342008,GPR
0.083571,1.3929,16.6667,5,SC,0.419044,0.598137,0.1730383892289127,0.0326253053024461,0.0327699652934809,GPR
0.094286,1.3929,16.6667,5,SC,0.4184,0.6806,0.1954697303026674,0.0378247459614652,0.0374406540757777,GPR
0.105,1.3929,16.6667,5,SC,0.417519,0.75465,0.218338456582856,0.0433560907810373,0.0423157014338971,GPR
0.115714,1.3929,16.6667,5,SC,0.416618,0.816635,0.2416771621073271,0.0492434037935011,0.0474146302078575,GPR
0.126429,1.3929,16.6667,5,SC,0.415789,0.865218,0.2655195274429045,0.0555127379871405,0.0527585182943906,GPR
0.137143,1.3929,16.6667,5,SC,0.415043,0.901138,0.2898929889554009,0.0621896940324536,0.0583679749887721,GPR
0.147857,1.3929,16.6667,5,SC,0.414338,0.926432,0.3148316088633973,0.0693023202596536,0.0642656499918911,GPR
0.158571,1.3929,16.6667,5,SC,0.413606,0.943586,0.3403667345946098,0.0768781438068387,0.0704737443187441,GPR
0.169286,1.3929,16.6667,5,SC,0.412779,0.954909,0.3665311724803841,0.0849447992251045,0.077014574771215,GPR
0.18,1.3929,16.6667,5,SC,0.411805,0.962186,0.3933488582912199,0.0935262224977547,0.0839075324330423,GPR
0.03,1.5714,16.6667,5,SC,0.300168,0.158965,0.0665301360208154,0.0109701336217035,0.011967370308351,GPR
0.040714,1.5714,16.6667,5,SC,0.32745,0.177562,0.0871591469673739,0.0147691118431046,0.0158255560173288,GPR
0.051429,1.5714,16.6667,5,SC,0.352654,0.198421,0.1081048454087395,0.0188236042560309,0.0198265841754177,GPR
0.062143,1.5714,16.6667,5,SC,0.371169,0.221302,0.1293833589694963,0.023142101375831,0.0239770167693537,GPR
0.072857,1.5714,16.6667,5,SC,0.383208,0.245763,0.151019443555247,0.0277374565718414,0.0282872599342008,GPR
0.083571,1.5714,16.6667,5,SC,0.390733,0.271191,0.1730383892289127,0.0326253053024461,0.0327699652934809,GPR
0.094286,1.5714,16.6667,5,SC,0.395383,0.296836,0.1954697303026674,0.0378247459614652,0.0374406540757777,GPR
0.105,1.5714,16.6667,5,SC,0.398219,0.321871,0.218338456582856,0.0433560907810373,0.0423157014338971,GPR
0.115714,1.5714,16.6667,5,SC,0.399901,0.34545,0.2416771621073271,0.0492434037935011,0.0474146302078575,GPR
0.126429,1.5714,16.6667,5,SC,0.400843,0.366773,0.2655195274429045,0.0555127379871405,0.0527585182943906,GPR
0.137143,1.5714,16.6667,5,SC,0.401309,0.385138,0.2898929889554009,0.0621896940324536,0.0583679749887721,GPR
0.147857,1.5714,16.6667,5,SC,0.401474,0.39998,0.3148316088633973,0.0693023202596536,0.0642656499918911,GPR
0.158571,1.5714,16.6667,5,SC,0.401452,0.410896,0.3403667345946098,0.0768781438068387,0.0704737443187441,GPR
0.169286,1.5714,16.6667,5,SC,0.401323,0.417648,0.3665311724803841,0.0849447992251045,0.077014574771215,GPR
0.18,1.5714,16.6667,5,SC,0.401141,0.420158,0.3933488582912199,0.0935262224977547,0.0839075324330423,GPR
0.03,1.75,16.6667,5,SC,0.253768,0.126555,0.0665301360208154,0.0109701336217035,0.011967370308351,GPR
0.040714,1.75,16.6667,5,SC,0.266036,0.134429,0.0871591469673739,0.0147691118431046,0.0158255560173288,GPR
0.051429,1.75,16.6667,5,SC,0.278585,0.142604,0.1081048454087395,0.0188236042560309,0.0198265841754177,GPR
0.062143,1.75,16.6667,5,SC,0.291823,0.150982,0.1293833589694963,0.023142101375831,0.0239770167693537,GPR
0.072857,1.75,16.6667,5,SC,0.305486,0.159401,0.151019443555247,0.0277374565718414,0.0282872599342008,GPR
0.083571,1.75,16.6667,5,SC,0.318735,0.167661,0.1730383892289127,0.0326253053024461,0.0327699652934809,GPR
0.094286,1.75,16.6667,5,SC,0.33062,0.175546,0.1954697303026674,0.0378247459614652,0.0374406540757777,GPR
0.105,1.75,16.6667,5,SC,0.340568,0.182835,0.218338456582856,0.0433560907810373,0.0423157014338971,GPR
0.115714,1.75,16.6667,5,SC,0.348486,0.189321,0.2416771621073271,0.0492434037935011,0.0474146302078575,GPR
0.126429,1.75,16.6667,5,SC,0.354577,0.194825,0.2655195274429045,0.0555127379871405,0.0527585182943906,GPR
0.137143,1.75,16.6667,5,SC,0.359142,0.199201,0.2898929889554009,0.0621896940324536,0.0583679749887721,GPR
0.147857,1.75,16.6667,5,SC,0.362465,0.202347,0.3148316088633973,0.0693023202596536,0.0642656499918911,GPR
0.158571,1.75,16.6667,5,SC,0.364776,0.204209,0.3403667345946098,0.0768781438068387,0.0704737443187441,GPR
0.169286,1.75,16.6667,5,SC,0.366237,0.204778,0.3665311724803841,0.0849447992251045,0.077014574771215,GPR
0.18,1.75,16.6667,5,SC,0.366951,0.204094,0.3933488582912199,0.0935262224977547,0.0839075324330423,GPR
0.03,1.9286,16.6667,5,SC,0.226723,0.110076,0.0665301360208154,0.0109701336217035,0.011967370308351,GPR
0.040714,1.9286,16.6667,5,SC,0.235569,0.114076,0.0871591469673739,0.0147691118431046,0.0158255560173288,GPR
0.051429,1.9286,16.6667,5,SC,0.243246,0.117921,0.1081048454087395,0.0188236042560309,0.0198265841754177,GPR
0.062143,1.9286,16.6667,5,SC,0.250103,0.121608,0.1293833589694963,0.023142101375831,0.0239770167693537,GPR
0.072857,1.9286,16.6667,5,SC,0.256366,0.125102,0.151019443555247,0.0277374565718414,0.0282872599342008,GPR
0.083571,1.9286,16.6667,5,SC,0.262154,0.128348,0.1730383892289127,0.0326253053024461,0.0327699652934809,GPR
0.094286,1.9286,16.6667,5,SC,0.267509,0.131286,0.1954697303026674,0.0378247459614652,0.0374406540757777,GPR
0.105,1.9286,16.6667,5,SC,0.27241,0.133858,0.218338456582856,0.0433560907810373,0.0423157014338971,GPR
0.115714,1.9286,16.6667,5,SC,0.276804,0.136013,0.2416771621073271,0.0492434037935011,0.0474146302078575,GPR
0.126429,1.9286,16.6667,5,SC,0.280626,0.13771,0.2655195274429045,0.0555127379871405,0.0527585182943906,GPR
0.137143,1.9286,16.6667,5,SC,0.283819,0.138926,0.2898929889554009,0.0621896940324536,0.0583679749887721,GPR
0.147857,1.9286,16.6667,5,SC,0.286348,0.139651,0.3148316088633973,0.0693023202596536,0.0642656499918911,GPR
0.158571,1.9286,16.6667,5,SC,0.288207,0.13989,0.3403667345946098,0.0768781438068387,0.0704737443187441,GPR
0.169286,1.9286,16.6667,5,SC,0.289422,0.139665,0.3665311724803841,0.0849447992251045,0.077014574771215,GPR
0.18,1.9286,16.6667,5,SC,0.290048,0.139008,0.3933488582912199,0.0935262224977547,0.0839075324330423,GPR
0.03,2.1071,16.6667,5,SC,0.205119,0.100363,0.0665301360208154,0.0109701336217035,0.011967370308351,GPR
0.040714,2.1071,16.6667,5,SC,0.213271,0.102851,0.0871591469673739,0.0147691118431046,0.0158255560173288,GPR
0.051429,2.1071,16.6667,5,SC,0.220171,0.105064,0.1081048454087395,0.0188236042560309,0.0198265841754177,GPR
0.062143,2.1071,16.6667,5,SC,0.226082,0.107048,0.1293833589694963,0.023142101375831,0.0239770167693537,GPR
0.072857,2.1071,16.6667,5,SC,0.231202,0.10882,0.151019443555247,0.0277374565718414,0.0282872599342008,GPR
0.083571,2.1071,16.6667,5,SC,0.235675,0.110383,0.1730383892289127,0.0326253053024461,0.0327699652934809,GPR
0.094286,2.1071,16.6667,5,SC,0.239608,0.111732,0.1954697303026674,0.0378247459614652,0.0374406540757777,GPR
0.105,2.1071,16.6667,5,SC,0.243078,0.11286,0.218338456582856,0.0433560907810373,0.0423157014338971,GPR
0.115714,2.1071,16.6667,5,SC,0.246143,0.113763,0.2416771621073271,0.0492434037935011,0.0474146302078575,GPR
0.126429,2.1071,16.6667,5,SC,0.248852,0.114439,0.2655195274429045,0.0555127379871405,0.0527585182943906,GPR
0.137143,2.1071,16.6667,5,SC,0.251245,0.114893,0.2898929889554009,0.0621896940324536,0.0583679749887721,GPR
0.147857,2.1071,16.6667,5,SC,0.253361,0.115133,0.3148316088633973,0.0693023202596536,0.0642656499918911,GPR
0.158571,2.1071,16.6667,5,SC,0.255238,0.115174,0.3403667345946098,0.0768781438068387,0.0704737443187441,GPR
0.169286,2.1071,16.6667,5,SC,0.256917,0.115036,0.3665311724803841,0.0849447992251045,0.077014574771215,GPR
0.18,2.1071,16.6667,5,SC,0.258439,0.114741,0.3933488582912199,0.0935262224977547,0.0839075324330423,GPR
0.03,2.2857,16.6667,5,SC,0.185968,0.093861,0.0665301360208154,0.0109701336217035,0.011967370308351,GPR
0.040714,2.2857,16.6667,5,SC,0.193809,0.095776,0.0871591469673739,0.0147691118431046,0.0158255560173288,GPR
0.051429,2.2857,16.6667,5,SC,0.200537,0.097392,0.1081048454087395,0.0188236042560309,0.0198265841754177,GPR
0.062143,2.2857,16.6667,5,SC,0.20636,0.098771,0.1293833589694963,0.023142101375831,0.0239770167693537,GPR
0.072857,2.2857,16.6667,5,SC,0.211439,0.099951,0.151019443555247,0.0277374565718414,0.0282872599342008,GPR
0.083571,2.2857,16.6667,5,SC,0.215904,0.10096,0.1730383892289127,0.0326253053024461,0.0327699652934809,GPR
0.094286,2.2857,16.6667,5,SC,0.21986,0.101813,0.1954697303026674,0.0378247459614652,0.0374406540757777,GPR
0.105,2.2857,16.6667,5,SC,0.223389,0.102524,0.218338456582856,0.0433560907810373,0.0423157014338971,GPR
0.115714,2.2857,16.6667,5,SC,0.226562,0.103105,0.2416771621073271,0.0492434037935011,0.0474146302078575,GPR
0.126429,2.2857,16.6667,5,SC,0.229435,0.103567,0.2655195274429045,0.0555127379871405,0.0527585182943906,GPR
0.137143,2.2857,16.6667,5,SC,0.232058,0.103922,0.2898929889554009,0.0621896940324536,0.0583679749887721,GPR
0.147857,2.2857,16.6667,5,SC,0.234475,0.104185,0.3148316088633973,0.0693023202596536,0.0642656499918911,GPR
0.158571,2.2857,16.6667,5,SC,0.236721,0.10437,0.3403667345946098,0.0768781438068387,0.0704737443187441,GPR
0.169286,2.2857,16.6667,5,SC,0.238832,0.104495,0.3665311724803841,0.0849447992251045,0.077014574771215,GPR
0.18,2.2857,16.6667,5,SC,0.240836,0.104578,0.3933488582912199,0.0935262224977547,0.0839075324330423,GPR
0.03,2.4643,16.6667,5,SC,0.168519,0.088987,0.0665301360208154,0.0109701336217035,0.011967370308351,GPR
0.040714,2.4643,16.6667,5,SC,0.176006,0.090738,0.0871591469673739,0.0147691118431046,0.0158255560173288,GPR
0.051429,2.4643,16.6667,5,SC,0.182545,0.092194,0.1081048454087395,0.0188236042560309,0.0198265841754177,GPR
0.062143,2.4643,16.6667,5,SC,0.188295,0.093422,0.1293833589694963,0.023142101375831,0.0239770167693537,GPR
0.072857,2.4643,16.6667,5,SC,0.193384,0.094468,0.151019443555247,0.0277374565718414,0.0282872599342008,GPR
0.083571,2.4643,16.6667,5,SC,0.197917,0.095367,0.1730383892289127,0.0326253053024461,0.0327699652934809,GPR
0.094286,2.4643,16.6667,5,SC,0.201984,0.096145,0.1954697303026674,0.0378247459614652,0.0374406540757777,GPR
0.105,2.4643,16.6667,5,SC,0.205656,0.096824,0.218338456582856,0.0433560907810373,0.0423157014338971,GPR
0.115714,2.4643,16.6667,5,SC,0.208995,0.097421,0.2416771621073271,0.0492434037935011,0.0474146302078575,GPR
0.126429,2.4643,16.6667,5,SC,0.212051,0.097953,0.2655195274429045,0.0555127379871405,0.0527585182943906,GPR
0.137143,2.4643,16.6667,5,SC,0.214869,0.098436,0.2898929889554009,0.0621896940324536,0.0583679749887721,GPR
0.147857,2.4643,16.6667,5,SC,0.217484,0.098884,0.3148316088633973,0.0693023202596536,0.0642656499918911,GPR
0.158571,2.4643,16.6667,5,SC,0.219927,0.099314,0.3403667345946098,0.0768781438068387,0.0704737443187441,GPR
0.169286,2.4643,16.6667,5,SC,0.222224,0.099741,0.3665311724803841,0.0849447992251045,0.077014574771215,GPR
0.18,2.4643,16.6667,5,SC,0.224396,0.100181,0.3933488582912199,0.0935262224977547,0.0839075324330423,GPR
0.03,2.6429,16.6667,5,SC,0.15253,0.084973,0.0665301360208154,0.0109701336217035,0.011967370308351,GPR
0.040714,2.6429,16.6667,5,SC,0.15956,0.086737,0.0871591469673739,0.0147691118431046,0.0158255560173288,GPR
0.051429,2.6429,16.6667,5,SC,0.165795,0.088225,0.1081048454087395,0.0188236042560309,0.0198265841754177,GPR
0.062143,2.6429,16.6667,5,SC,0.17135,0.089497,0.1293833589694963,0.023142101375831,0.0239770167693537,GPR
0.072857,2.6429,16.6667,5,SC,0.176324,0.090604,0.151019443555247,0.0277374565718414,0.0282872599342008,GPR
0.083571,2.6429,16.6667,5,SC,0.180802,0.091581,0.1730383892289127,0.0326253053024461,0.0327699652934809,GPR
0.094286,2.6429,16.6667,5,SC,0.184854,0.092459,0.1954697303026674,0.0378247459614652,0.0374406540757777,GPR
0.105,2.6429,16.6667,5,SC,0.188537,0.093261,0.218338456582856,0.0433560907810373,0.0423157014338971,GPR
0.115714,2.6429,16.6667,5,SC,0.191902,0.094008,0.2416771621073271,0.0492434037935011,0.0474146302078575,GPR
0.126429,2.6429,16.6667,5,SC,0.19499,0.094719,0.2655195274429045,0.0555127379871405,0.0527585182943906,GPR
0.137143,2.6429,16.6667,5,SC,0.197837,0.095411,0.2898929889554009,0.0621896940324536,0.0583679749887721,GPR
0.147857,2.6429,16.6667,5,SC,0.200469,0.0961,0.3148316088633973,0.0693023202596536,0.0642656499918911,GPR
0.158571,2.6429,16.6667,5,SC,0.202911,0.096801,0.3403667345946098,0.0768781438068387,0.0704737443187441,GPR
0.169286,2.6429,16.6667,5,SC,0.205181,0.097529,0.3665311724803841,0.0849447992251045,0.077014574771215,GPR
0.18,2.6429,16.6667,5,SC,0.207292,0.098299,0.3933488582912199,0.0935262224977547,0.0839075324330423,GPR
0.03,0.5,20.0,5,SC,0.182252,0.242946,0.0665301360208154,0.0109701336217035,0.011967370308351,GPR
0.040714,0.5,20.0,5,SC,0.150165,0.172098,0.0871591469673739,0.0147691118431046,0.0158255560173288,GPR
0.051429,0.5,20.0,5,SC,0.127706,0.132567,0.1081048454087395,0.0188236042560309,0.0198265841754177,GPR
0.062143,0.5,20.0,5,SC,0.111046,0.109278,0.1293833589694963,0.023142101375831,0.0239770167693537,GPR
0.072857,0.5,20.0,5,SC,0.098325,0.094078,0.151019443555247,0.0277374565718414,0.0282872599342008,GPR
0.083571,0.5,20.0,5,SC,0.08843,0.083374,0.1730383892289127,0.0326253053024461,0.0327699652934809,GPR
0.094286,0.5,20.0,5,SC,0.080607,0.075428,0.1954697303026674,0.0378247459614652,0.0374406540757777,GPR
0.105,0.5,20.0,5,SC,0.074324,0.069305,0.218338456582856,0.0433560907810373,0.0423157014338971,GPR
0.115714,0.5,20.0,5,SC,0.069207,0.064455,0.2416771621073271,0.0492434037935011,0.0474146302078575,GPR
0.126429,0.5,20.0,5,SC,0.06499,0.060536,0.2655195274429045,0.0555127379871405,0.0527585182943906,GPR
0.137143,0.5,20.0,5,SC,0.061482,0.057319,0.2898929889554009,0.0621896940324536,0.0583679749887721,GPR
0.147857,0.5,20.0,5,SC,0.058542,0.054647,0.3148316088633973,0.0693023202596536,0.0642656499918911,GPR
0.158571,0.5,20.0,5,SC,0.056066,0.05241,0.3403667345946098,0.0768781438068387,0.0704737443187441,GPR
0.169286,0.5,20.0,5,SC,0.053974,0.050527,0.3665311724803841,0.0849447992251045,0.077014574771215,GPR
0.18,0.5,20.0,5,SC,0.052204,0.048935,0.3933488582912199,0.0935262224977547,0.0839075324330423,GPR
0.03,0.6786,20.0,5,SC,0.304564,0.392887,0.0665301360208154,0.0109701336217035,0.011967370308351,GPR
0.040714,0.6786,20.0,5,SC,0.257413,0.389661,0.0871591469673739,0.0147691118431046,0.0158255560173288,GPR
0.051429,0.6786,20.0,5,SC,0.222187,0.37861,0.1081048454087395,0.0188236042560309,0.0198265841754177,GPR
0.062143,0.6786,20.0,5,SC,0.196412,0.307101,0.1293833589694963,0.023142101375831,0.0239770167693537,GPR
0.072857,0.6786,20.0,5,SC,0.177106,0.254043,0.151019443555247,0.0277374565718414,0.0282872599342008,GPR
0.083571,0.6786,20.0,5,SC,0.162148,0.217206,0.1730383892289127,0.0326253053024461,0.0327699652934809,GPR
0.094286,0.6786,20.0,5,SC,0.150211,0.186421,0.1954697303026674,0.0378247459614652,0.0374406540757777,GPR
0.105,0.6786,20.0,5,SC,0.140463,0.161586,0.218338456582856,0.0433560907810373,0.0423157014338971,GPR
0.115714,0.6786,20.0,5,SC,0.132366,0.142709,0.2416771621073271,0.0492434037935011,0.0474146302078575,GPR
0.126429,0.6786,20.0,5,SC,0.125556,0.128553,0.2655195274429045,0.0555127379871405,0.0527585182943906,GPR
0.137143,0.6786,20.0,5,SC,0.119779,0.117828,0.2898929889554009,0.0621896940324536,0.0583679749887721,GPR
0.147857,0.6786,20.0,5,SC,0.114854,0.109566,0.3148316088633973,0.0693023202596536,0.0642656499918911,GPR
0.158571,0.6786,20.0,5,SC,0.110641,0.103103,0.3403667345946098,0.0768781438068387,0.0704737443187441,GPR
0.169286,0.6786,20.0,5,SC,0.107039,0.097989,0.3665311724803841,0.0849447992251045,0.077014574771215,GPR
0.18,0.6786,20.0,5,SC,0.103964,0.093916,0.3933488582912199,0.0935262224977547,0.0839075324330423,GPR
0.03,0.8571,20.0,5,SC,0.402317,0.708023,0.0665301360208154,0.0109701336217035,0.011967370308351,GPR
0.040714,0.8571,20.0,5,SC,0.365368,0.750011,0.0871591469673739,0.0147691118431046,0.0158255560173288,GPR
0.051429,0.8571,20.0,5,SC,0.333459,0.521774,0.1081048454087395,0.0188236042560309,0.0198265841754177,GPR
0.062143,0.8571,20.0,5,SC,0.305599,0.389982,0.1293833589694963,0.023142101375831,0.0239770167693537,GPR
0.072857,0.8571,20.0,5,SC,0.281156,0.340518,0.151019443555247,0.0277374565718414,0.0282872599342008,GPR
0.083571,0.8571,20.0,5,SC,0.259861,0.337615,0.1730383892289127,0.0326253053024461,0.0327699652934809,GPR
0.094286,0.8571,20.0,5,SC,0.241589,0.359309,0.1954697303026674,0.0378247459614652,0.0374406540757777,GPR
0.105,0.8571,20.0,5,SC,0.226148,0.383674,0.218338456582856,0.0433560907810373,0.0423157014338971,GPR
0.115714,0.8571,20.0,5,SC,0.21322,0.391949,0.2416771621073271,0.0492434037935011,0.0474146302078575,GPR
0.126429,0.8571,20.0,5,SC,0.20243,0.38034,0.2655195274429045,0.0555127379871405,0.0527585182943906,GPR
0.137143,0.8571,20.0,5,SC,0.193414,0.357399,0.2898929889554009,0.0621896940324536,0.0583679749887721,GPR
0.147857,0.8571,20.0,5,SC,0.185859,0.332291,0.3148316088633973,0.0693023202596536,0.0642656499918911,GPR
0.158571,0.8571,20.0,5,SC,0.179511,0.309819,0.3403667345946098,0.0768781438068387,0.0704737443187441,GPR
0.169286,0.8571,20.0,5,SC,0.174172,0.291415,0.3665311724803841,0.0849447992251045,0.077014574771215,GPR
0.18,0.8571,20.0,5,SC,0.169683,0.276973,0.3933488582912199,0.0935262224977547,0.0839075324330423,GPR
0.03,1.0357,20.0,5,SC,0.458261,0.294667,0.0665301360208154,0.0109701336217035,0.011967370308351,GPR
0.040714,1.0357,20.0,5,SC,0.431138,0.349604,0.0871591469673739,0.0147691118431046,0.0158255560173288,GPR
0.051429,1.0357,20.0,5,SC,0.406476,0.481041,0.1081048454087395,0.0188236042560309,0.0198265841754177,GPR
0.062143,1.0357,20.0,5,SC,0.384594,0.676282,0.1293833589694963,0.023142101375831,0.0239770167693537,GPR
0.072857,1.0357,20.0,5,SC,0.365283,0.817329,0.151019443555247,0.0277374565718414,0.0282872599342008,GPR
0.083571,1.0357,20.0,5,SC,0.348232,0.790347,0.1730383892289127,0.0326253053024461,0.0327699652934809,GPR
0.094286,1.0357,20.0,5,SC,0.333144,0.670472,0.1954697303026674,0.0378247459614652,0.0374406540757777,GPR
0.105,1.0357,20.0,5,SC,0.319769,0.55461,0.218338456582856,0.0433560907810373,0.0423157014338971,GPR
0.115714,1.0357,20.0,5,SC,0.307902,0.468915,0.2416771621073271,0.0492434037935011,0.0474146302078575,GPR
0.126429,1.0357,20.0,5,SC,0.297383,0.409759,0.2655195274429045,0.0555127379871405,0.0527585182943906,GPR
0.137143,1.0357,20.0,5,SC,0.288081,0.369382,0.2898929889554009,0.0621896940324536,0.0583679749887721,GPR
0.147857,1.0357,20.0,5,SC,0.279891,0.34168,0.3148316088633973,0.0693023202596536,0.0642656499918911,GPR
0.158571,1.0357,20.0,5,SC,0.272724,0.322495,0.3403667345946098,0.0768781438068387,0.0704737443187441,GPR
0.169286,1.0357,20.0,5,SC,0.266503,0.309052,0.3665311724803841,0.0849447992251045,0.077014574771215,GPR
0.18,1.0357,20.0,5,SC,0.261158,0.299495,0.3933488582912199,0.0935262224977547,0.0839075324330423,GPR
0.03,1.2143,20.0,5,SC,0.474659,0.33047,0.0665301360208154,0.0109701336217035,0.011967370308351,GPR
0.040714,1.2143,20.0,5,SC,0.466253,0.28201,0.0871591469673739,0.0147691118431046,0.0158255560173288,GPR
0.051429,1.2143,20.0,5,SC,0.450317,0.264646,0.1081048454087395,0.0188236042560309,0.0198265841754177,GPR
0.062143,1.2143,20.0,5,SC,0.434077,0.268237,0.1293833589694963,0.023142101375831,0.0239770167693537,GPR
0.072857,1.2143,20.0,5,SC,0.418888,0.289015,0.151019443555247,0.0277374565718414,0.0282872599342008,GPR
0.083571,1.2143,20.0,5,SC,0.405049,0.325705,0.1730383892289127,0.0326253053024461,0.0327699652934809,GPR
0.094286,1.2143,20.0,5,SC,0.392581,0.377391,0.1954697303026674,0.0378247459614652,0.0374406540757777,GPR
0.105,1.2143,20.0,5,SC,0.381408,0.441886,0.218338456582856,0.0433560907810373,0.0423157014338971,GPR
0.115714,1.2143,20.0,5,SC,0.371433,0.514579,0.2416771621073271,0.0492434037935011,0.0474146302078575,GPR
0.126429,1.2143,20.0,5,SC,0.362552,0.588403,0.2655195274429045,0.0555127379871405,0.0527585182943906,GPR
0.137143,1.2143,20.0,5,SC,0.354669,0.65544,0.2898929889554009,0.0621896940324536,0.0583679749887721,GPR
0.147857,1.2143,20.0,5,SC,0.347696,0.709499,0.3148316088633973,0.0693023202596536,0.0642656499918911,GPR
0.158571,1.2143,20.0,5,SC,0.341555,0.747967,0.3403667345946098,0.0768781438068387,0.0704737443187441,GPR
0.169286,1.2143,20.0,5,SC,0.336179,0.771769,0.3665311724803841,0.0849447992251045,0.077014574771215,GPR
0.18,1.2143,20.0,5,SC,0.331506,0.78392,0.3933488582912199,0.0935262224977547,0.0839075324330423,GPR
0.03,1.3929,20.0,5,SC,0.453314,0.516893,0.0665301360208154,0.0109701336217035,0.011967370308351,GPR
0.040714,1.3929,20.0,5,SC,0.453844,0.404531,0.0871591469673739,0.0147691118431046,0.0158255560173288,GPR
0.051429,1.3929,20.0,5,SC,0.454316,0.334774,0.1081048454087395,0.0188236042560309,0.0198265841754177,GPR
0.062143,1.3929,20.0,5,SC,0.455069,0.291849,0.1293833589694963,0.023142101375831,0.0239770167693537,GPR
0.072857,1.3929,20.0,5,SC,0.448796,0.265436,0.151019443555247,0.0277374565718414,0.0282872599342008,GPR
0.083571,1.3929,20.0,5,SC,0.440102,0.249598,0.1730383892289127,0.0326253053024461,0.0327699652934809,GPR
0.094286,1.3929,20.0,5,SC,0.431166,0.240827,0.1954697303026674,0.0378247459614652,0.0374406540757777,GPR
0.105,1.3929,20.0,5,SC,0.422641,0.236902,0.218338456582856,0.0433560907810373,0.0423157014338971,GPR
0.115714,1.3929,20.0,5,SC,0.414746,0.236293,0.2416771621073271,0.0492434037935011,0.0474146302078575,GPR
0.126429,1.3929,20.0,5,SC,0.407546,0.237857,0.2655195274429045,0.0555127379871405,0.0527585182943906,GPR
0.137143,1.3929,20.0,5,SC,0.401046,0.240676,0.2898929889554009,0.0621896940324536,0.0583679749887721,GPR
0.147857,1.3929,20.0,5,SC,0.395228,0.243993,0.3148316088633973,0.0693023202596536,0.0642656499918911,GPR
0.158571,1.3929,20.0,5,SC,0.39006,0.24718,0.3403667345946098,0.0768781438068387,0.0704737443187441,GPR
0.169286,1.3929,20.0,5,SC,0.385506,0.249737,0.3665311724803841,0.0849447992251045,0.077014574771215,GPR
0.18,1.3929,20.0,5,SC,0.381533,0.251298,0.3933488582912199,0.0935262224977547,0.0839075324330423,GPR
0.03,1.5714,20.0,5,SC,0.388918,0.734673,0.0665301360208154,0.0109701336217035,0.011967370308351,GPR
0.040714,1.5714,20.0,5,SC,0.423075,0.64513,0.0871591469673739,0.0147691118431046,0.0158255560173288,GPR
0.051429,1.5714,20.0,5,SC,0.435854,0.540754,0.1081048454087395,0.0188236042560309,0.0198265841754177,GPR
0.062143,1.5714,20.0,5,SC,0.437745,0.456662,0.1293833589694963,0.023142101375831,0.0239770167693537,GPR
0.072857,1.5714,20.0,5,SC,0.43635,0.394968,0.151019443555247,0.0277374565718414,0.0282872599342008,GPR
0.083571,1.5714,20.0,5,SC,0.43468,0.350487,0.1730383892289127,0.0326253053024461,0.0327699652934809,GPR
0.094286,1.5714,20.0,5,SC,0.434278,0.318228,0.1954697303026674,0.0378247459614652,0.0374406540757777,GPR
0.105,1.5714,20.0,5,SC,0.434634,0.294556,0.218338456582856,0.0433560907810373,0.0423157014338971,GPR
0.115714,1.5714,20.0,5,SC,0.433671,0.27698,0.2416771621073271,0.0492434037935011,0.0474146302078575,GPR
0.126429,1.5714,20.0,5,SC,0.431158,0.263798,0.2655195274429045,0.0555127379871405,0.0527585182943906,GPR
0.137143,1.5714,20.0,5,SC,0.42789,0.253839,0.2898929889554009,0.0621896940324536,0.0583679749887721,GPR
0.147857,1.5714,20.0,5,SC,0.424427,0.246286,0.3148316088633973,0.0693023202596536,0.0642656499918911,GPR
0.158571,1.5714,20.0,5,SC,0.421054,0.240562,0.3403667345946098,0.0768781438068387,0.0704737443187441,GPR
0.169286,1.5714,20.0,5,SC,0.417911,0.236264,0.3665311724803841,0.0849447992251045,0.077014574771215,GPR
0.18,1.5714,20.0,5,SC,0.415064,0.233116,0.3933488582912199,0.0935262224977547,0.0839075324330423,GPR
0.03,1.75,20.0,5,SC,0.341069,0.621459,0.0665301360208154,0.0109701336217035,0.011967370308351,GPR
0.040714,1.75,20.0,5,SC,0.352321,0.719017,0.0871591469673739,0.0147691118431046,0.0158255560173288,GPR
0.051429,1.75,20.0,5,SC,0.367893,0.74027,0.1081048454087395,0.0188236042560309,0.0198265841754177,GPR
0.062143,1.75,20.0,5,SC,0.389685,0.704564,0.1293833589694963,0.023142101375831,0.0239770167693537,GPR
0.072857,1.75,20.0,5,SC,0.407879,0.645466,0.151019443555247,0.0277374565718414,0.0282872599342008,GPR
0.083571,1.75,20.0,5,SC,0.416974,0.584914,0.1730383892289127,0.0326253053024461,0.0327699652934809,GPR
0.094286,1.75,20.0,5,SC,0.420442,0.531883,0.1954697303026674,0.0378247459614652,0.0374406540757777,GPR
0.105,1.75,20.0,5,SC,0.42119,0.488406,0.218338456582856,0.0433560907810373,0.0423157014338971,GPR
0.115714,1.75,20.0,5,SC,0.420643,0.453845,0.2416771621073271,0.0492434037935011,0.0474146302078575,GPR
0.126429,1.75,20.0,5,SC,0.419492,0.42685,0.2655195274429045,0.0555127379871405,0.0527585182943906,GPR
0.137143,1.75,20.0,5,SC,0.418085,0.406088,0.2898929889554009,0.0621896940324536,0.0583679749887721,GPR
0.147857,1.75,20.0,5,SC,0.4166,0.390454,0.3148316088633973,0.0693023202596536,0.0642656499918911,GPR
0.158571,1.75,20.0,5,SC,0.415125,0.379101,0.3403667345946098,0.0768781438068387,0.0704737443187441,GPR
0.169286,1.75,20.0,5,SC,0.413699,0.371411,0.3665311724803841,0.0849447992251045,0.077014574771215,GPR
0.18,1.75,20.0,5,SC,0.412338,0.366958,0.3933488582912199,0.0935262224977547,0.0839075324330423,GPR
0.03,1.9286,20.0,5,SC,0.31502,0.381533,0.0665301360208154,0.0109701336217035,0.011967370308351,GPR
0.040714,1.9286,20.0,5,SC,0.32381,0.482254,0.0871591469673739,0.0147691118431046,0.0158255560173288,GPR
0.051429,1.9286,20.0,5,SC,0.330525,0.580693,0.1081048454087395,0.0188236042560309,0.0198265841754177,GPR
0.062143,1.9286,20.0,5,SC,0.336382,0.662422,0.1293833589694963,0.023142101375831,0.0239770167693537,GPR
0.072857,1.9286,20.0,5,SC,0.34231,0.717631,0.151019443555247,0.0277374565718414,0.0282872599342008,GPR
0.083571,1.9286,20.0,5,SC,0.349045,0.745107,0.1730383892289127,0.0326253053024461,0.0327699652934809,GPR
0.094286,1.9286,20.0,5,SC,0.356994,0.750521,0.1954697303026674,0.0378247459614652,0.0374406540757777,GPR
0.105,1.9286,20.0,5,SC,0.365873,0.741983,0.218338456582856,0.0433560907810373,0.0423157014338971,GPR
0.115714,1.9286,20.0,5,SC,0.374583,0.726687,0.2416771621073271,0.0492434037935011,0.0474146302078575,GPR
0.126429,1.9286,20.0,5,SC,0.381902,0.709727,0.2655195274429045,0.0555127379871405,0.0527585182943906,GPR
0.137143,1.9286,20.0,5,SC,0.387286,0.694241,0.2898929889554009,0.0621896940324536,0.0583679749887721,GPR
0.147857,1.9286,20.0,5,SC,0.390857,0.681984,0.3148316088633973,0.0693023202596536,0.0642656499918911,GPR
0.158571,1.9286,20.0,5,SC,0.392983,0.673867,0.3403667345946098,0.0768781438068387,0.0704737443187441,GPR
0.169286,1.9286,20.0,5,SC,0.394008,0.67033,0.3665311724803841,0.0849447992251045,0.077014574771215,GPR
0.18,1.9286,20.0,5,SC,0.394176,0.671579,0.3933488582912199,0.0935262224977547,0.0839075324330423,GPR
0.03,2.1071,20.0,5,SC,0.288534,0.239975,0.0665301360208154,0.0109701336217035,0.011967370308351,GPR
0.040714,2.1071,20.0,5,SC,0.299578,0.291782,0.0871591469673739,0.0147691118431046,0.0158255560173288,GPR
0.051429,2.1071,20.0,5,SC,0.307485,0.348791,0.1081048454087395,0.0188236042560309,0.0198265841754177,GPR
0.062143,2.1071,20.0,5,SC,0.31337,0.408674,0.1293833589694963,0.023142101375831,0.0239770167693537,GPR
0.072857,2.1071,20.0,5,SC,0.317922,0.46847,0.151019443555247,0.0277374565718414,0.0282872599342008,GPR
0.083571,2.1071,20.0,5,SC,0.321579,0.525154,0.1730383892289127,0.0326253053024461,0.0327699652934809,GPR
0.094286,2.1071,20.0,5,SC,0.324622,0.576257,0.1954697303026674,0.0378247459614652,0.0374406540757777,GPR
0.105,2.1071,20.0,5,SC,0.327227,0.620282,0.218338456582856,0.0433560907810373,0.0423157014338971,GPR
0.115714,2.1071,20.0,5,SC,0.329494,0.656788,0.2416771621073271,0.0492434037935011,0.0474146302078575,GPR
0.126429,2.1071,20.0,5,SC,0.331472,0.686175,0.2655195274429045,0.0555127379871405,0.0527585182943906,GPR
0.137143,2.1071,20.0,5,SC,0.333174,0.709337,0.2898929889554009,0.0621896940324536,0.0583679749887721,GPR
0.147857,2.1071,20.0,5,SC,0.334598,0.727309,0.3148316088633973,0.0693023202596536,0.0642656499918911,GPR
0.158571,2.1071,20.0,5,SC,0.335737,0.741,0.3403667345946098,0.0768781438068387,0.0704737443187441,GPR
0.169286,2.1071,20.0,5,SC,0.336596,0.751037,0.3665311724803841,0.0849447992251045,0.077014574771215,GPR
0.18,2.1071,20.0,5,SC,0.337195,0.757678,0.3933488582912199,0.0935262224977547,0.0839075324330423,GPR
0.03,2.2857,20.0,5,SC,0.257307,0.167222,0.0665301360208154,0.0109701336217035,0.011967370308351,GPR
0.040714,2.2857,20.0,5,SC,0.271832,0.193152,0.0871591469673739,0.0147691118431046,0.0158255560173288,GPR
0.051429,2.2857,20.0,5,SC,0.28244,0.220911,0.1081048454087395,0.0188236042560309,0.0198265841754177,GPR
0.062143,2.2857,20.0,5,SC,0.290381,0.249883,0.1293833589694963,0.023142101375831,0.0239770167693537,GPR
0.072857,2.2857,20.0,5,SC,0.296477,0.279287,0.151019443555247,0.0277374565718414,0.0282872599342008,GPR
0.083571,2.2857,20.0,5,SC,0.301269,0.308241,0.1730383892289127,0.0326253053024461,0.0327699652934809,GPR
0.094286,2.2857,20.0,5,SC,0.305115,0.335851,0.1954697303026674,0.0378247459614652,0.0374406540757777,GPR
0.105,2.2857,20.0,5,SC,0.308262,0.361279,0.218338456582856,0.0433560907810373,0.0423157014338971,GPR
0.115714,2.2857,20.0,5,SC,0.31088,0.383806,0.2416771621073271,0.0492434037935011,0.0474146302078575,GPR
0.126429,2.2857,20.0,5,SC,0.313093,0.402858,0.2655195274429045,0.0555127379871405,0.0527585182943906,GPR
0.137143,2.2857,20.0,5,SC,0.314989,0.418012,0.2898929889554009,0.0621896940324536,0.0583679749887721,GPR
0.147857,2.2857,20.0,5,SC,0.316637,0.428986,0.3148316088633973,0.0693023202596536,0.0642656499918911,GPR
0.158571,2.2857,20.0,5,SC,0.318088,0.435624,0.3403667345946098,0.0768781438068387,0.0704737443187441,GPR
0.169286,2.2857,20.0,5,SC,0.319385,0.437875,0.3665311724803841,0.0849447992251045,0.077014574771215,GPR
0.18,2.2857,20.0,5,SC,0.320562,0.435792,0.3933488582912199,0.0935262224977547,0.0839075324330423,GPR
0.03,2.4643,20.0,5,SC,0.220223,0.127461,0.0665301360208154,0.0109701336217035,0.011967370308351,GPR
0.040714,2.4643,20.0,5,SC,0.237422,0.141514,0.0871591469673739,0.0147691118431046,0.0158255560173288,GPR
0.051429,2.4643,20.0,5,SC,0.25115,0.155873,0.1081048454087395,0.0188236042560309,0.0198265841754177,GPR
0.062143,2.4643,20.0,5,SC,0.261872,0.170254,0.1293833589694963,0.023142101375831,0.0239770167693537,GPR
0.072857,2.4643,20.0,5,SC,0.270277,0.184324,0.151019443555247,0.0277374565718414,0.0282872599342008,GPR
0.083571,2.4643,20.0,5,SC,0.276955,0.197725,0.1730383892289127,0.0326253053024461,0.0327699652934809,GPR
0.094286,2.4643,20.0,5,SC,0.282345,0.210099,0.1954697303026674,0.0378247459614652,0.0374406540757777,GPR
0.105,2.4643,20.0,5,SC,0.286764,0.221111,0.218338456582856,0.0433560907810373,0.0423157014338971,GPR
0.115714,2.4643,20.0,5,SC,0.290438,0.230468,0.2416771621073271,0.0492434037935011,0.0474146302078575,GPR
0.126429,2.4643,20.0,5,SC,0.293533,0.237936,0.2655195274429045,0.0555127379871405,0.0527585182943906,GPR
0.137143,2.4643,20.0,5,SC,0.296169,0.243349,0.2898929889554009,0.0621896940324536,0.0583679749887721,GPR
0.147857,2.4643,20.0,5,SC,0.298434,0.246615,0.3148316088633973,0.0693023202596536,0.0642656499918911,GPR
0.158571,2.4643,20.0,5,SC,0.300393,0.247716,0.3403667345946098,0.0768781438068387,0.0704737443187441,GPR
0.169286,2.4643,20.0,5,SC,0.302092,0.24671,0.3665311724803841,0.0849447992251045,0.077014574771215,GPR
0.18,2.4643,20.0,5,SC,0.303561,0.243719,0.3933488582912199,0.0935262224977547,0.0839075324330423,GPR
0.03,2.6429,20.0,5,SC,0.185638,0.103824,0.0665301360208154,0.0109701336217035,0.011967370308351,GPR
0.040714,2.6429,20.0,5,SC,0.199946,0.112151,0.0871591469673739,0.0147691118431046,0.0158255560173288,GPR
0.051429,2.6429,20.0,5,SC,0.213356,0.120289,0.1081048454087395,0.0188236042560309,0.0198265841754177,GPR
0.062143,2.6429,20.0,5,SC,0.225281,0.128106,0.1293833589694963,0.023142101375831,0.0239770167693537,GPR
0.072857,2.6429,20.0,5,SC,0.235473,0.135453,0.151019443555247,0.0277374565718414,0.0282872599342008,GPR
0.083571,2.6429,20.0,5,SC,0.243991,0.142177,0.1730383892289127,0.0326253053024461,0.0327699652934809,GPR
0.094286,2.6429,20.0,5,SC,0.251039,0.148136,0.1954697303026674,0.0378247459614652,0.0374406540757777,GPR
0.105,2.6429,20.0,5,SC,0.256853,0.153202,0.218338456582856,0.0433560907810373,0.0423157014338971,GPR
0.115714,2.6429,20.0,5,SC,0.261647,0.157278,0.2416771621073271,0.0492434037935011,0.0474146302078575,GPR
0.126429,2.6429,20.0,5,SC,0.265592,0.160294,0.2655195274429045,0.0555127379871405,0.0527585182943906,GPR
0.137143,2.6429,20.0,5,SC,0.268818,0.162217,0.2898929889554009,0.0621896940324536,0.0583679749887721,GPR
0.147857,2.6429,20.0,5,SC,0.271415,0.163046,0.3148316088633973,0.0693023202596536,0.0642656499918911,GPR
0.158571,2.6429,20.0,5,SC,0.273443,0.162817,0.3403667345946098,0.0768781438068387,0.0704737443187441,GPR
0.169286,2.6429,20.0,5,SC,0.27493,0.161595,0.3665311724803841,0.0849447992251045,0.077014574771215,GPR
0.18,2.6429,20.0,5,SC,0.275876,0.159471,0.3933488582912199,0.0935262224977547,0.0839075324330423,GPR
0.03,2.8214,20.0,5,SC,0.161535,0.088669,0.0665301360208154,0.0109701336217035,0.011967370308351,GPR
0.040714,2.8214,20.0,5,SC,0.171214,0.094038,0.0871591469673739,0.0147691118431046,0.0158255560173288,GPR
0.051429,2.8214,20.0,5,SC,0.180523,0.099087,0.1081048454087395,0.0188236042560309,0.0198265841754177,GPR
0.062143,2.8214,20.0,5,SC,0.189357,0.103761,0.1293833589694963,0.023142101375831,0.0239770167693537,GPR
0.072857,2.8214,20.0,5,SC,0.197561,0.108,0.151019443555247,0.0277374565718414,0.0282872599342008,GPR
0.083571,2.8214,20.0,5,SC,0.204983,0.111746,0.1730383892289127,0.0326253053024461,0.0327699652934809,GPR
0.094286,2.8214,20.0,5,SC,0.21152,0.114944,0.1954697303026674,0.0378247459614652,0.0374406540757777,GPR
0.105,2.8214,20.0,5,SC,0.217124,0.117554,0.218338456582856,0.0433560907810373,0.0423157014338971,GPR
0.115714,2.8214,20.0,5,SC,0.221792,0.119551,0.2416771621073271,0.0492434037935011,0.0474146302078575,GPR
0.126429,2.8214,20.0,5,SC,0.225547,0.120922,0.2655195274429045,0.0555127379871405,0.0527585182943906,GPR
0.137143,2.8214,20.0,5,SC,0.228421,0.121676,0.2898929889554009,0.0621896940324536,0.0583679749887721,GPR
0.147857,2.8214,20.0,5,SC,0.230445,0.121834,0.3148316088633973,0.0693023202596536,0.0642656499918911,GPR
0.158571,2.8214,20.0,5,SC,0.231646,0.121435,0.3403667345946098,0.0768781438068387,0.0704737443187441,GPR
0.169286,2.8214,20.0,5,SC,0.232048,0.120528,0.3665311724803841,0.0849447992251045,0.077014574771215,GPR
0.18,2.8214,20.0,5,SC,0.231681,0.119174,0.3933488582912199,0.0935262224977547,0.0839075324330423,GPR
0.03,3.0,20.0,5,SC,0.145085,0.07831,0.0665301360208154,0.0109701336217035,0.011967370308351,GPR
0.040714,3.0,20.0,5,SC,0.152234,0.082057,0.0871591469673739,0.0147691118431046,0.0158255560173288,GPR
0.051429,3.0,20.0,5,SC,0.158835,0.085471,0.1081048454087395,0.0188236042560309,0.0198265841754177,GPR
0.062143,3.0,20.0,5,SC,0.164918,0.08854,0.1293833589694963,0.023142101375831,0.0239770167693537,GPR
0.072857,3.0,20.0,5,SC,0.170482,0.091246,0.151019443555247,0.0277374565718414,0.0282872599342008,GPR
0.083571,3.0,20.0,5,SC,0.175506,0.093572,0.1730383892289127,0.0326253053024461,0.0327699652934809,GPR
0.094286,3.0,20.0,5,SC,0.179964,0.095506,0.1954697303026674,0.0378247459614652,0.0374406540757777,GPR
0.105,3.0,20.0,5,SC,0.183835,0.097041,0.218338456582856,0.0433560907810373,0.0423157014338971,GPR
0.115714,3.0,20.0,5,SC,0.187105,0.098179,0.2416771621073271,0.0492434037935011,0.0474146302078575,GPR
0.126429,3.0,20.0,5,SC,0.189779,0.098927,0.2655195274429045,0.0555127379871405,0.0527585182943906,GPR
0.137143,3.0,20.0,5,SC,0.191875,0.099305,0.2898929889554009,0.0621896940324536,0.0583679749887721,GPR
0.147857,3.0,20.0,5,SC,0.193431,0.099336,0.3148316088633973,0.0693023202596536,0.0642656499918911,GPR
0.158571,3.0,20.0,5,SC,0.194499,0.099053,0.3403667345946098,0.0768781438068387,0.0704737443187441,GPR
0.169286,3.0,20.0,5,SC,0.195148,0.098491,0.3665311724803841,0.0849447992251045,0.077014574771215,GPR
0.18,3.0,20.0,5,SC,0.195459,0.097693,0.3933488582912199,0.0935262224977547,0.0839075324330423,GPR
0.03,0.5,23.3333,5,SC,0.106799,0.098033,0.0665301360208154,0.0109701336217035,0.011967370308351,GPR
0.040714,0.5,23.3333,5,SC,0.084656,0.077054,0.0871591469673739,0.0147691118431046,0.0158255560173288,GPR
0.051429,0.5,23.3333,5,SC,0.070171,0.064389,0.1081048454087395,0.0188236042560309,0.0198265841754177,GPR
0.062143,0.5,23.3333,5,SC,0.060067,0.055833,0.1293833589694963,0.023142101375831,0.0239770167693537,GPR
0.072857,0.5,23.3333,5,SC,0.052708,0.04965,0.151019443555247,0.0277374565718414,0.0282872599342008,GPR
0.083571,0.5,23.3333,5,SC,0.047175,0.044974,0.1730383892289127,0.0326253053024461,0.0327699652934809,GPR
0.094286,0.5,23.3333,5,SC,0.042905,0.041323,0.1954697303026674,0.0378247459614652,0.0374406540757777,GPR
0.105,0.5,23.3333,5,SC,0.039535,0.0384,0.218338456582856,0.0433560907810373,0.0423157014338971,GPR
0.115714,0.5,23.3333,5,SC,0.036826,0.036018,0.2416771621073271,0.0492434037935011,0.0474146302078575,GPR
0.126429,0.5,23.3333,5,SC,0.034614,0.034046,0.2655195274429045,0.0555127379871405,0.0527585182943906,GPR
0.137143,0.5,23.3333,5,SC,0.032786,0.032397,0.2898929889554009,0.0621896940324536,0.0583679749887721,GPR
0.147857,0.5,23.3333,5,SC,0.031259,0.031005,0.3148316088633973,0.0693023202596536,0.0642656499918911,GPR
0.158571,0.5,23.3333,5,SC,0.029975,0.029823,0.3403667345946098,0.0768781438068387,0.0704737443187441,GPR
0.169286,0.5,23.3333,5,SC,0.028888,0.028813,0.3665311724803841,0.0849447992251045,0.077014574771215,GPR
0.18,0.5,23.3333,5,SC,0.027967,0.02795,0.3933488582912199,0.0935262224977547,0.0839075324330423,GPR
0.03,0.6786,23.3333,5,SC,0.179528,0.231652,0.0665301360208154,0.0109701336217035,0.011967370308351,GPR
0.040714,0.6786,23.3333,5,SC,0.150198,0.149888,0.0871591469673739,0.0147691118431046,0.0158255560173288,GPR
0.051429,0.6786,23.3333,5,SC,0.128867,0.111777,0.1081048454087395,0.0188236042560309,0.0198265841754177,GPR
0.062143,0.6786,23.3333,5,SC,0.112257,0.091268,0.1293833589694963,0.023142101375831,0.0239770167693537,GPR
0.072857,0.6786,23.3333,5,SC,0.099024,0.078354,0.151019443555247,0.0277374565718414,0.0282872599342008,GPR
0.083571,0.6786,23.3333,5,SC,0.088511,0.069407,0.1730383892289127,0.0326253053024461,0.0327699652934809,GPR
0.094286,0.6786,23.3333,5,SC,0.080192,0.062821,0.1954697303026674,0.0378247459614652,0.0374406540757777,GPR
0.105,0.6786,23.3333,5,SC,0.073571,0.05777,0.218338456582856,0.0433560907810373,0.0423157014338971,GPR
0.115714,0.6786,23.3333,5,SC,0.068239,0.053782,0.2416771621073271,0.0492434037935011,0.0474146302078575,GPR
0.126429,0.6786,23.3333,5,SC,0.063888,0.050566,0.2655195274429045,0.0555127379871405,0.0527585182943906,GPR
0.137143,0.6786,23.3333,5,SC,0.060294,0.04793,0.2898929889554009,0.0621896940324536,0.0583679749887721,GPR
0.147857,0.6786,23.3333,5,SC,0.057301,0.045745,0.3148316088633973,0.0693023202596536,0.0642656499918911,GPR
0.158571,0.6786,23.3333,5,SC,0.054793,0.043919,0.3403667345946098,0.0768781438068387,0.0704737443187441,GPR
0.169286,0.6786,23.3333,5,SC,0.052686,0.042385,0.3665311724803841,0.0849447992251045,0.077014574771215,GPR
0.18,0.6786,23.3333,5,SC,0.050915,0.041092,0.3933488582912199,0.0935262224977547,0.0839075324330423,GPR
0.03,0.8571,23.3333,5,SC,0.263175,0.467295,0.0665301360208154,0.0109701336217035,0.011967370308351,GPR
0.040714,0.8571,23.3333,5,SC,0.221561,0.407343,0.0871591469673739,0.0147691118431046,0.0158255560173288,GPR
0.051429,0.8571,23.3333,5,SC,0.193085,0.286795,0.1081048454087395,0.0188236042560309,0.0198265841754177,GPR
0.062143,0.8571,23.3333,5,SC,0.172614,0.237623,0.1293833589694963,0.023142101375831,0.0239770167693537,GPR
0.072857,0.8571,23.3333,5,SC,0.157033,0.184427,0.151019443555247,0.0277374565718414,0.0282872599342008,GPR
0.083571,0.8571,23.3333,5,SC,0.144663,0.144995,0.1730383892289127,0.0326253053024461,0.0327699652934809,GPR
0.094286,0.8571,23.3333,5,SC,0.134543,0.12039,0.1954697303026674,0.0378247459614652,0.0374406540757777,GPR
0.105,0.8571,23.3333,5,SC,0.126085,0.104396,0.218338456582856,0.0433560907810373,0.0423157014338971,GPR
0.115714,0.8571,23.3333,5,SC,0.11891,0.093313,0.2416771621073271,0.0492434037935011,0.0474146302078575,GPR
0.126429,0.8571,23.3333,5,SC,0.112765,0.085228,0.2655195274429045,0.0555127379871405,0.0527585182943906,GPR
0.137143,0.8571,23.3333,5,SC,0.107474,0.079103,0.2898929889554009,0.0621896940324536,0.0583679749887721,GPR
0.147857,0.8571,23.3333,5,SC,0.102913,0.074338,0.3148316088633973,0.0693023202596536,0.0642656499918911,GPR
0.158571,0.8571,23.3333,5,SC,0.098987,0.070562,0.3403667345946098,0.0768781438068387,0.0704737443187441,GPR
0.169286,0.8571,23.3333,5,SC,0.095622,0.067535,0.3665311724803841,0.0849447992251045,0.077014574771215,GPR
0.18,0.8571,23.3333,5,SC,0.092756,0.065093,0.3933488582912199,0.0935262224977547,0.0839075324330423,GPR
0.03,1.0357,23.3333,5,SC,0.342558,0.47044,0.0665301360208154,0.0109701336217035,0.011967370308351,GPR
0.040714,1.0357,23.3333,5,SC,0.306445,0.33725,0.0871591469673739,0.0147691118431046,0.0158255560173288,GPR
0.051429,1.0357,23.3333,5,SC,0.27335,0.366283,0.1081048454087395,0.0188236042560309,0.0198265841754177,GPR
0.062143,1.0357,23.3333,5,SC,0.244881,0.479856,0.1293833589694963,0.023142101375831,0.0239770167693537,GPR
0.072857,1.0357,23.3333,5,SC,0.222047,0.488873,0.151019443555247,0.0277374565718414,0.0282872599342008,GPR
0.083571,1.0357,23.3333,5,SC,0.204221,0.386153,0.1730383892289127,0.0326253053024461,0.0327699652934809,GPR
0.094286,1.0357,23.3333,5,SC,0.190196,0.30664,0.1954697303026674,0.0378247459614652,0.0374406540757777,GPR
0.105,1.0357,23.3333,5,SC,0.178948,0.26572,0.218338456582856,0.0433560907810373,0.0423157014338971,GPR
0.115714,1.0357,23.3333,5,SC,0.169756,0.246432,0.2416771621073271,0.0492434037935011,0.0474146302078575,GPR
0.126429,1.0357,23.3333,5,SC,0.162128,0.233613,0.2655195274429045,0.0555127379871405,0.0527585182943906,GPR
0.137143,1.0357,23.3333,5,SC,0.155726,0.219378,0.2898929889554009,0.0621896940324536,0.0583679749887721,GPR
0.147857,1.0357,23.3333,5,SC,0.15031,0.203388,0.3148316088633973,0.0693023202596536,0.0642656499918911,GPR
0.158571,1.0357,23.3333,5,SC,0.145709,0.188013,0.3403667345946098,0.0768781438068387,0.0704737443187441,GPR
0.169286,1.0357,23.3333,5,SC,0.141791,0.174836,0.3665311724803841,0.0849447992251045,0.077014574771215,GPR
0.18,1.0357,23.3333,5,SC,0.138458,0.164281,0.3933488582912199,0.0935262224977547,0.0839075324330423,GPR
0.03,1.2143,23.3333,5,SC,0.386997,0.862818,0.0665301360208154,0.0109701336217035,0.011967370308351,GPR
0.040714,1.2143,23.3333,5,SC,0.361758,0.84582,0.0871591469673739,0.0147691118431046,0.0158255560173288,GPR
0.051429,1.2143,23.3333,5,SC,0.338615,0.53542,0.1081048454087395,0.0188236042560309,0.0198265841754177,GPR
0.062143,1.2143,23.3333,5,SC,0.3174,0.377378,0.1293833589694963,0.023142101375831,0.0239770167693537,GPR
0.072857,1.2143,23.3333,5,SC,0.297868,0.31356,0.151019443555247,0.0277374565718414,0.0282872599342008,GPR
0.083571,1.2143,23.3333,5,SC,0.279908,0.299118,0.1730383892289127,0.0326253053024461,0.0327699652934809,GPR
0.094286,1.2143,23.3333,5,SC,0.26358,0.317617,0.1954697303026674,0.0378247459614652,0.0374406540757777,GPR
0.105,1.2143,23.3333,5,SC,0.249025,0.360951,0.218338456582856,0.0433560907810373,0.0423157014338971,GPR
0.115714,1.2143,23.3333,5,SC,0.236327,0.417742,0.2416771621073271,0.0492434037935011,0.0474146302078575,GPR
0.126429,1.2143,23.3333,5,SC,0.225443,0.469205,0.2655195274429045,0.0555127379871405,0.0527585182943906,GPR
0.137143,1.2143,23.3333,5,SC,0.21622,0.497639,0.2898929889554009,0.0621896940324536,0.0583679749887721,GPR
0.147857,1.2143,23.3333,5,SC,0.208455,0.499137,0.3148316088633973,0.0693023202596536,0.0642656499918911,GPR
0.158571,1.2143,23.3333,5,SC,0.201945,0.482609,0.3403667345946098,0.0768781438068387,0.0704737443187441,GPR
0.169286,1.2143,23.3333,5,SC,0.196507,0.459221,0.3665311724803841,0.0849447992251045,0.077014574771215,GPR
0.18,1.2143,23.3333,5,SC,0.191989,0.436299,0.3933488582912199,0.0935262224977547,0.0839075324330423,GPR
0.03,1.3929,23.3333,5,SC,0.41171,0.31014,0.0665301360208154,0.0109701336217035,0.011967370308351,GPR
0.040714,1.3929,23.3333,5,SC,0.393488,0.480124,0.0871591469673739,0.0147691118431046,0.0158255560173288,GPR
0.051429,1.3929,23.3333,5,SC,0.376228,0.770543,0.1081048454087395,0.0188236042560309,0.0198265841754177,GPR
0.062143,1.3929,23.3333,5,SC,0.36033,0.964923,0.1293833589694963,0.023142101375831,0.0239770167693537,GPR
0.072857,1.3929,23.3333,5,SC,0.345846,0.84806,0.151019443555247,0.0277374565718414,0.0282872599342008,GPR
0.083571,1.3929,23.3333,5,SC,0.332707,0.646044,0.1730383892289127,0.0326253053024461,0.0327699652934809,GPR
0.094286,1.3929,23.3333,5,SC,0.320809,0.499431,0.1954697303026674,0.0378247459614652,0.0374406540757777,GPR
0.105,1.3929,23.3333,5,SC,0.310053,0.407645,0.218338456582856,0.0433560907810373,0.0423157014338971,GPR
0.115714,1.3929,23.3333,5,SC,0.300353,0.350729,0.2416771621073271,0.0492434037935011,0.0474146302078575,GPR
0.126429,1.3929,23.3333,5,SC,0.291641,0.314944,0.2655195274429045,0.0555127379871405,0.0527585182943906,GPR
0.137143,1.3929,23.3333,5,SC,0.283862,0.292227,0.2898929889554009,0.0621896940324536,0.0583679749887721,GPR
0.147857,1.3929,23.3333,5,SC,0.276972,0.277786,0.3148316088633973,0.0693023202596536,0.0642656499918911,GPR
0.158571,1.3929,23.3333,5,SC,0.270932,0.268621,0.3403667345946098,0.0768781438068387,0.0704737443187441,GPR
0.169286,1.3929,23.3333,5,SC,0.265703,0.262753,0.3665311724803841,0.0849447992251045,0.077014574771215,GPR
0.18,1.3929,23.3333,5,SC,0.261249,0.258839,0.3933488582912199,0.0935262224977547,0.0839075324330423,GPR
0.03,1.5714,23.3333,5,SC,0.422981,0.220921,0.0665301360208154,0.0109701336217035,0.011967370308351,GPR
0.040714,1.5714,23.3333,5,SC,0.411164,0.236537,0.0871591469673739,0.0147691118431046,0.0158255560173288,GPR
0.051429,1.5714,23.3333,5,SC,0.398762,0.279649,0.1081048454087395,0.0188236042560309,0.0198265841754177,GPR
0.062143,1.5714,23.3333,5,SC,0.386767,0.356912,0.1293833589694963,0.023142101375831,0.0239770167693537,GPR
0.072857,1.5714,23.3333,5,SC,0.375542,0.476065,0.151019443555247,0.0277374565718414,0.0282872599342008,GPR
0.083571,1.5714,23.3333,5,SC,0.365211,0.635034,0.1730383892289127,0.0326253053024461,0.0327699652934809,GPR
0.094286,1.5714,23.3333,5,SC,0.355795,0.8043,0.1954697303026674,0.0378247459614652,0.0374406540757777,GPR
0.105,1.5714,23.3333,5,SC,0.347268,0.927434,0.218338456582856,0.0433560907810373,0.0423157014338971,GPR
0.115714,1.5714,23.3333,5,SC,0.339587,0.965677,0.2416771621073271,0.0492434037935011,0.0474146302078575,GPR
0.126429,1.5714,23.3333,5,SC,0.332703,0.932266,0.2655195274429045,0.0555127379871405,0.0527585182943906,GPR
0.137143,1.5714,23.3333,5,SC,0.326565,0.865804,0.2898929889554009,0.0621896940324536,0.0583679749887721,GPR
0.147857,1.5714,23.3333,5,SC,0.321128,0.795571,0.3148316088633973,0.0693023202596536,0.0642656499918911,GPR
0.158571,1.5714,23.3333,5,SC,0.316347,0.73491,0.3403667345946098,0.0768781438068387,0.0704737443187441,GPR
0.169286,1.5714,23.3333,5,SC,0.312181,0.687553,0.3665311724803841,0.0849447992251045,0.077014574771215,GPR
0.18,1.5714,23.3333,5,SC,0.308593,0.653293,0.3933488582912199,0.0935262224977547,0.0839075324330423,GPR
0.03,1.75,23.3333,5,SC,0.418817,0.233078,0.0665301360208154,0.0109701336217035,0.011967370308351,GPR
0.040714,1.75,23.3333,5,SC,0.41713,0.21356,0.0871591469673739,0.0147691118431046,0.0158255560173288,GPR
0.051429,1.75,23.3333,5,SC,0.41016,0.207738,0.1081048454087395,0.0188236042560309,0.0198265841754177,GPR
0.062143,1.75,23.3333,5,SC,0.402082,0.21227,0.1293833589694963,0.023142101375831,0.0239770167693537,GPR
0.072857,1.75,23.3333,5,SC,0.393938,0.225575,0.151019443555247,0.0277374565718414,0.0282872599342008,GPR
0.083571,1.75,23.3333,5,SC,0.386126,0.246841,0.1730383892289127,0.0326253053024461,0.0327699652934809,GPR
0.094286,1.75,23.3333,5,SC,0.378816,0.275422,0.1954697303026674,0.0378247459614652,0.0374406540757777,GPR
0.105,1.75,23.3333,5,SC,0.372078,0.310413,0.218338456582856,0.0433560907810373,0.0423157014338971,GPR
0.115714,1.75,23.3333,5,SC,0.365934,0.350366,0.2416771621073271,0.0492434037935011,0.0474146302078575,GPR
0.126429,1.75,23.3333,5,SC,0.360379,0.393165,0.2655195274429045,0.0555127379871405,0.0527585182943906,GPR
0.137143,1.75,23.3333,5,SC,0.355397,0.436139,0.2898929889554009,0.0621896940324536,0.0583679749887721,GPR
0.147857,1.75,23.3333,5,SC,0.350965,0.476385,0.3148316088633973,0.0693023202596536,0.0642656499918911,GPR
0.158571,1.75,23.3333,5,SC,0.347057,0.511195,0.3403667345946098,0.0768781438068387,0.0704737443187441,GPR
0.169286,1.75,23.3333,5,SC,0.343648,0.538426,0.3665311724803841,0.0849447992251045,0.077014574771215,GPR
0.18,1.75,23.3333,5,SC,0.340711,0.556685,0.3933488582912199,0.0935262224977547,0.0839075324330423,GPR
0.03,1.9286,23.3333,5,SC,0.383385,0.286535,0.0665301360208154,0.0109701336217035,0.011967370308351,GPR
0.040714,1.9286,23.3333,5,SC,0.396457,0.247397,0.0871591469673739,0.0147691118431046,0.0158255560173288,GPR
0.051429,1.9286,23.3333,5,SC,0.407609,0.222729,0.1081048454087395,0.0188236042560309,0.0198265841754177,GPR
0.062143,1.9286,23.3333,5,SC,0.406695,0.207654,0.1293833589694963,0.023142101375831,0.0239770167693537,GPR
0.072857,1.9286,23.3333,5,SC,0.402626,0.199113,0.151019443555247,0.0277374565718414,0.0282872599342008,GPR
0.083571,1.9286,23.3333,5,SC,0.397735,0.195159,0.1730383892289127,0.0326253053024461,0.0327699652934809,GPR
0.094286,1.9286,23.3333,5,SC,0.392719,0.194465,0.1954697303026674,0.0378247459614652,0.0374406540757777,GPR
0.105,1.9286,23.3333,5,SC,0.387863,0.19605,0.218338456582856,0.0433560907810373,0.0423157014338971,GPR
0.115714,1.9286,23.3333,5,SC,0.3833,0.199121,0.2416771621073271,0.0492434037935011,0.0474146302078575,GPR
0.126429,1.9286,23.3333,5,SC,0.379095,0.203003,0.2655195274429045,0.0555127379871405,0.0527585182943906,GPR
0.137143,1.9286,23.3333,5,SC,0.375276,0.207103,0.2898929889554009,0.0621896940324536,0.0583679749887721,GPR
0.147857,1.9286,23.3333,5,SC,0.371854,0.210908,0.3148316088633973,0.0693023202596536,0.0642656499918911,GPR
0.158571,1.9286,23.3333,5,SC,0.368829,0.213997,0.3403667345946098,0.0768781438068387,0.0704737443187441,GPR
0.169286,1.9286,23.3333,5,SC,0.366193,0.216051,0.3665311724803841,0.0849447992251045,0.077014574771215,GPR
0.18,1.9286,23.3333,5,SC,0.363937,0.216866,0.3933488582912199,0.0935262224977547,0.0839075324330423,GPR
0.03,2.1071,23.3333,5,SC,0.361606,0.36938,0.0665301360208154,0.0109701336217035,0.011967370308351,GPR
0.040714,2.1071,23.3333,5,SC,0.369742,0.316379,0.0871591469673739,0.0147691118431046,0.0158255560173288,GPR
0.051429,2.1071,23.3333,5,SC,0.374582,0.277494,0.1081048454087395,0.0188236042560309,0.0198265841754177,GPR
0.062143,2.1071,23.3333,5,SC,0.38096,0.249661,0.1293833589694963,0.023142101375831,0.0239770167693537,GPR
0.072857,2.1071,23.3333,5,SC,0.39111,0.229765,0.151019443555247,0.0277374565718414,0.0282872599342008,GPR
0.083571,2.1071,23.3333,5,SC,0.39599,0.215487,0.1730383892289127,0.0326253053024461,0.0327699652934809,GPR
0.094286,2.1071,23.3333,5,SC,0.39598,0.205204,0.1954697303026674,0.0378247459614652,0.0374406540757777,GPR
0.105,2.1071,23.3333,5,SC,0.394226,0.197782,0.218338456582856,0.0433560907810373,0.0423157014338971,GPR
0.115714,2.1071,23.3333,5,SC,0.391889,0.192415,0.2416771621073271,0.0492434037935011,0.0474146302078575,GPR
0.126429,2.1071,23.3333,5,SC,0.389415,0.188517,0.2655195274429045,0.0555127379871405,0.0527585182943906,GPR
0.137143,2.1071,23.3333,5,SC,0.387006,0.185658,0.2898929889554009,0.0621896940324536,0.0583679749887721,GPR
0.147857,2.1071,23.3333,5,SC,0.384762,0.183523,0.3148316088633973,0.0693023202596536,0.0642656499918911,GPR
0.158571,2.1071,23.3333,5,SC,0.382737,0.181885,0.3403667345946098,0.0768781438068387,0.0704737443187441,GPR
0.169286,2.1071,23.3333,5,SC,0.380959,0.180591,0.3665311724803841,0.0849447992251045,0.077014574771215,GPR
0.18,2.1071,23.3333,5,SC,0.379442,0.179547,0.3933488582912199,0.0935262224977547,0.0839075324330423,GPR
0.03,2.2857,23.3333,5,SC,0.322138,0.456245,0.0665301360208154,0.0109701336217035,0.011967370308351,GPR
0.040714,2.2857,23.3333,5,SC,0.34495,0.408847,0.0871591469673739,0.0147691118431046,0.0158255560173288,GPR
0.051429,2.2857,23.3333,5,SC,0.355305,0.363807,0.1081048454087395,0.0188236042560309,0.0198265841754177,GPR
0.062143,2.2857,23.3333,5,SC,0.360575,0.326641,0.1293833589694963,0.023142101375831,0.0239770167693537,GPR
0.072857,2.2857,23.3333,5,SC,0.363652,0.297458,0.151019443555247,0.0277374565718414,0.0282872599342008,GPR
0.083571,2.2857,23.3333,5,SC,0.365898,0.274914,0.1730383892289127,0.0326253053024461,0.0327699652934809,GPR
0.094286,2.2857,23.3333,5,SC,0.3682,0.257569,0.1954697303026674,0.0378247459614652,0.0374406540757777,GPR
0.105,2.2857,23.3333,5,SC,0.371214,0.244228,0.218338456582856,0.0433560907810373,0.0423157014338971,GPR
0.115714,2.2857,23.3333,5,SC,0.37501,0.23398,0.2416771621073271,0.0492434037935011,0.0474146302078575,GPR
0.126429,2.2857,23.3333,5,SC,0.378606,0.226147,0.2655195274429045,0.0555127379871405,0.0527585182943906,GPR
0.137143,2.2857,23.3333,5,SC,0.380986,0.220235,0.2898929889554009,0.0621896940324536,0.0583679749887721,GPR
0.147857,2.2857,23.3333,5,SC,0.382124,0.215887,0.3148316088633973,0.0693023202596536,0.0642656499918911,GPR
0.158571,2.2857,23.3333,5,SC,0.38243,0.212854,0.3403667345946098,0.0768781438068387,0.0704737443187441,GPR
0.169286,2.2857,23.3333,5,SC,0.38225,0.210967,0.3665311724803841,0.0849447992251045,0.077014574771215,GPR
0.18,2.2857,23.3333,5,SC,0.381788,0.210121,0.3933488582912199,0.0935262224977547,0.0839075324330423,GPR
0.03,2.4643,23.3333,5,SC,0.267417,0.489221,0.0665301360208154,0.0109701336217035,0.011967370308351,GPR
0.040714,2.4643,23.3333,5,SC,0.292077,0.483189,0.0871591469673739,0.0147691118431046,0.0158255560173288,GPR
0.051429,2.4643,23.3333,5,SC,0.317953,0.457754,0.1081048454087395,0.0188236042560309,0.0198265841754177,GPR
0.062143,2.4643,23.3333,5,SC,0.334544,0.426283,0.1293833589694963,0.023142101375831,0.0239770167693537,GPR
0.072857,2.4643,23.3333,5,SC,0.343718,0.395913,0.151019443555247,0.0277374565718414,0.0282872599342008,GPR
0.083571,2.4643,23.3333,5,SC,0.349047,0.369435,0.1730383892289127,0.0326253053024461,0.0327699652934809,GPR
0.094286,2.4643,23.3333,5,SC,0.35235,0.347485,0.1954697303026674,0.0378247459614652,0.0374406540757777,GPR
0.105,2.4643,23.3333,5,SC,0.354508,0.329823,0.218338456582856,0.0433560907810373,0.0423157014338971,GPR
0.115714,2.4643,23.3333,5,SC,0.355982,0.315947,0.2416771621073271,0.0492434037935011,0.0474146302078575,GPR
0.126429,2.4643,23.3333,5,SC,0.357031,0.305338,0.2655195274429045,0.0555127379871405,0.0527585182943906,GPR
0.137143,2.4643,23.3333,5,SC,0.357803,0.297555,0.2898929889554009,0.0621896940324536,0.0583679749887721,GPR
0.147857,2.4643,23.3333,5,SC,0.358383,0.292253,0.3148316088633973,0.0693023202596536,0.0642656499918911,GPR
0.158571,2.4643,23.3333,5,SC,0.358822,0.289185,0.3403667345946098,0.0768781438068387,0.0704737443187441,GPR
0.169286,2.4643,23.3333,5,SC,0.359152,0.288193,0.3665311724803841,0.0849447992251045,0.077014574771215,GPR
0.18,2.4643,23.3333,5,SC,0.359402,0.289201,0.3933488582912199,0.0935262224977547,0.0839075324330423,GPR
0.03,2.6429,23.3333,5,SC,0.241012,0.436656,0.0665301360208154,0.0109701336217035,0.011967370308351,GPR
0.040714,2.6429,23.3333,5,SC,0.25219,0.477262,0.0871591469673739,0.0147691118431046,0.0158255560173288,GPR
0.051429,2.6429,23.3333,5,SC,0.264555,0.495665,0.1081048454087395,0.0188236042560309,0.0198265841754177,GPR
0.062143,2.6429,23.3333,5,SC,0.279435,0.496846,0.1293833589694963,0.023142101375831,0.0239770167693537,GPR
0.072857,2.6429,23.3333,5,SC,0.296157,0.487579,0.151019443555247,0.0277374565718414,0.0282872599342008,GPR
0.083571,2.6429,23.3333,5,SC,0.311221,0.473539,0.1730383892289127,0.0326253053024461,0.0327699652934809,GPR
0.094286,2.6429,23.3333,5,SC,0.322317,0.45849,0.1954697303026674,0.0378247459614652,0.0374406540757777,GPR
0.105,2.6429,23.3333,5,SC,0.329871,0.444584,0.218338456582856,0.0433560907810373,0.0423157014338971,GPR
0.115714,2.6429,23.3333,5,SC,0.335014,0.432916,0.2416771621073271,0.0492434037935011,0.0474146302078575,GPR
0.126429,2.6429,23.3333,5,SC,0.3386,0.423977,0.2655195274429045,0.0555127379871405,0.0527585182943906,GPR
0.137143,2.6429,23.3333,5,SC,0.341164,0.417952,0.2898929889554009,0.0621896940324536,0.0583679749887721,GPR
0.147857,2.6429,23.3333,5,SC,0.343027,0.414896,0.3148316088633973,0.0693023202596536,0.0642656499918911,GPR
0.158571,2.6429,23.3333,5,SC,0.344387,0.414826,0.3403667345946098,0.0768781438068387,0.0704737443187441,GPR
0.169286,2.6429,23.3333,5,SC,0.34536,0.417775,0.3665311724803841,0.0849447992251045,0.077014574771215,GPR
0.18,2.6429,23.3333,5,SC,0.346008,0.423819,0.3933488582912199,0.0935262224977547,0.0839075324330423,GPR
0.03,2.8214,23.3333,5,SC,0.223513,0.343469,0.0665301360208154,0.0109701336217035,0.011967370308351,GPR
0.040714,2.8214,23.3333,5,SC,0.232142,0.395869,0.0871591469673739,0.0147691118431046,0.0158255560173288,GPR
0.051429,2.8214,23.3333,5,SC,0.23981,0.439615,0.1081048454087395,0.0188236042560309,0.0198265841754177,GPR
0.062143,2.8214,23.3333,5,SC,0.246964,0.472777,0.1293833589694963,0.023142101375831,0.0239770167693537,GPR
0.072857,2.8214,23.3333,5,SC,0.253942,0.495664,0.151019443555247,0.0277374565718414,0.0282872599342008,GPR
0.083571,2.8214,23.3333,5,SC,0.260952,0.510119,0.1730383892289127,0.0326253053024461,0.0327699652934809,GPR
0.094286,2.8214,23.3333,5,SC,0.268036,0.518582,0.1954697303026674,0.0378247459614652,0.0374406540757777,GPR
0.105,2.8214,23.3333,5,SC,0.275028,0.523407,0.218338456582856,0.0433560907810373,0.0423157014338971,GPR
0.115714,2.8214,23.3333,5,SC,0.281596,0.526532,0.2416771621073271,0.0492434037935011,0.0474146302078575,GPR
0.126429,2.8214,23.3333,5,SC,0.287364,0.52941,0.2655195274429045,0.0555127379871405,0.0527585182943906,GPR
0.137143,2.8214,23.3333,5,SC,0.29205,0.533065,0.2898929889554009,0.0621896940324536,0.0583679749887721,GPR
0.147857,2.8214,23.3333,5,SC,0.295517,0.53819,0.3148316088633973,0.0693023202596536,0.0642656499918911,GPR
0.158571,2.8214,23.3333,5,SC,0.297746,0.545224,0.3403667345946098,0.0768781438068387,0.0704737443187441,GPR
0.169286,2.8214,23.3333,5,SC,0.298783,0.554411,0.3665311724803841,0.0849447992251045,0.077014574771215,GPR
0.18,2.8214,23.3333,5,SC,0.298712,0.565822,0.3933488582912199,0.0935262224977547,0.0839075324330423,GPR
0.03,3.0,23.3333,5,SC,0.208392,0.258973,0.0665301360208154,0.0109701336217035,0.011967370308351,GPR
0.040714,3.0,23.3333,5,SC,0.21654,0.300616,0.0871591469673739,0.0147691118431046,0.0158255560173288,GPR
0.051429,3.0,23.3333,5,SC,0.223433,0.340781,0.1081048454087395,0.0188236042560309,0.0198265841754177,GPR
0.062143,3.0,23.3333,5,SC,0.22938,0.377871,0.1293833589694963,0.023142101375831,0.0239770167693537,GPR
0.072857,3.0,23.3333,5,SC,0.234601,0.410826,0.151019443555247,0.0277374565718414,0.0282872599342008,GPR
0.083571,3.0,23.3333,5,SC,0.239245,0.43922,0.1730383892289127,0.0326253053024461,0.0327699652934809,GPR
0.094286,3.0,23.3333,5,SC,0.243406,0.463177,0.1954697303026674,0.0378247459614652,0.0374406540757777,GPR
0.105,3.0,23.3333,5,SC,0.247134,0.48319,0.218338456582856,0.0433560907810373,0.0423157014338971,GPR
0.115714,3.0,23.3333,5,SC,0.250454,0.499919,0.2416771621073271,0.0492434037935011,0.0474146302078575,GPR
0.126429,3.0,23.3333,5,SC,0.25337,0.514024,0.2655195274429045,0.0555127379871405,0.0527585182943906,GPR
0.137143,3.0,23.3333,5,SC,0.255885,0.52605,0.2898929889554009,0.0621896940324536,0.0583679749887721,GPR
0.147857,3.0,23.3333,5,SC,0.258009,0.536353,0.3148316088633973,0.0693023202596536,0.0642656499918911,GPR
0.158571,3.0,23.3333,5,SC,0.259764,0.54507,0.3403667345946098,0.0768781438068387,0.0704737443187441,GPR
0.169286,3.0,23.3333,5,SC,0.261191,0.552098,0.3665311724803841,0.0849447992251045,0.077014574771215,GPR
0.18,3.0,23.3333,5,SC,0.262345,0.557098,0.3933488582912199,0.0935262224977547,0.0839075324330423,GPR
0.03,0.5,26.6667,5,SC,0.063351,0.058202,0.0665301360208154,0.0109701336217035,0.011967370308351,GPR
0.040714,0.5,26.6667,5,SC,0.049791,0.047382,0.0871591469673739,0.0147691118431046,0.0158255560173288,GPR
0.051429,0.5,26.6667,5,SC,0.041335,0.040315,0.1081048454087395,0.0188236042560309,0.0198265841754177,GPR
0.062143,0.5,26.6667,5,SC,0.035631,0.035333,0.1293833589694963,0.023142101375831,0.0239770167693537,GPR
0.072857,0.5,26.6667,5,SC,0.031543,0.031637,0.151019443555247,0.0277374565718414,0.0282872599342008,GPR
0.083571,0.5,26.6667,5,SC,0.028476,0.028793,0.1730383892289127,0.0326253053024461,0.0327699652934809,GPR
0.094286,0.5,26.6667,5,SC,0.026095,0.026544,0.1954697303026674,0.0378247459614652,0.0374406540757777,GPR
0.105,0.5,26.6667,5,SC,0.024198,0.024727,0.218338456582856,0.0433560907810373,0.0423157014338971,GPR
0.115714,0.5,26.6667,5,SC,0.022658,0.023234,0.2416771621073271,0.0492434037935011,0.0474146302078575,GPR
0.126429,0.5,26.6667,5,SC,0.021387,0.021992,0.2655195274429045,0.0555127379871405,0.0527585182943906,GPR
0.137143,0.5,26.6667,5,SC,0.020325,0.020947,0.2898929889554009,0.0621896940324536,0.0583679749887721,GPR
0.147857,0.5,26.6667,5,SC,0.019431,0.020061,0.3148316088633973,0.0693023202596536,0.0642656499918911,GPR
0.158571,0.5,26.6667,5,SC,0.018672,0.019305,0.3403667345946098,0.0768781438068387,0.0704737443187441,GPR
0.169286,0.5,26.6667,5,SC,0.018024,0.018657,0.3665311724803841,0.0849447992251045,0.077014574771215,GPR
0.18,0.5,26.6667,5,SC,0.01747,0.0181,0.3933488582912199,0.0935262224977547,0.0839075324330423,GPR
0.03,0.6786,26.6667,5,SC,0.111401,0.084942,0.0665301360208154,0.0109701336217035,0.011967370308351,GPR
0.040714,0.6786,26.6667,5,SC,0.087415,0.066866,0.0871591469673739,0.0147691118431046,0.0158255560173288,GPR
0.051429,0.6786,26.6667,5,SC,0.071928,0.056055,0.1081048454087395,0.0188236042560309,0.0198265841754177,GPR
0.062143,0.6786,26.6667,5,SC,0.061175,0.048763,0.1293833589694963,0.023142101375831,0.0239770167693537,GPR
0.072857,0.6786,26.6667,5,SC,0.053207,0.043487,0.151019443555247,0.0277374565718414,0.0282872599342008,GPR
0.083571,0.6786,26.6667,5,SC,0.047139,0.039492,0.1730383892289127,0.0326253053024461,0.0327699652934809,GPR
0.094286,0.6786,26.6667,5,SC,0.042458,0.036365,0.1954697303026674,0.0378247459614652,0.0374406540757777,GPR
0.105,0.6786,26.6667,5,SC,0.038797,0.03386,0.218338456582856,0.0433560907810373,0.0423157014338971,GPR
0.115714,0.6786,26.6667,5,SC,0.03589,0.031814,0.2416771621073271,0.0492434037935011,0.0474146302078575,GPR
0.126429,0.6786,26.6667,5,SC,0.033548,0.03012,0.2655195274429045,0.0555127379871405,0.0527585182943906,GPR
0.137143,0.6786,26.6667,5,SC,0.031637,0.028702,0.2898929889554009,0.0621896940324536,0.0583679749887721,GPR
0.147857,0.6786,26.6667,5,SC,0.030062,0.027505,0.3148316088633973,0.0693023202596536,0.0642656499918911,GPR
0.158571,0.6786,26.6667,5,SC,0.028754,0.026488,0.3403667345946098,0.0768781438068387,0.0704737443187441,GPR
0.169286,0.6786,26.6667,5,SC,0.027661,0.025621,0.3665311724803841,0.0849447992251045,0.077014574771215,GPR
0.18,0.6786,26.6667,5,SC,0.026745,0.024879,0.3933488582912199,0.0935262224977547,0.0839075324330423,GPR
0.03,0.8571,26.6667,5,SC,0.166699,0.169927,0.0665301360208154,0.0109701336217035,0.011967370308351,GPR
0.040714,0.8571,26.6667,5,SC,0.141246,0.109427,0.0871591469673739,0.0147691118431046,0.0158255560173288,GPR
0.051429,0.8571,26.6667,5,SC,0.121383,0.084427,0.1081048454087395,0.0188236042560309,0.0198265841754177,GPR
0.062143,0.8571,26.6667,5,SC,0.104925,0.070427,0.1293833589694963,0.023142101375831,0.0239770167693537,GPR
0.072857,0.8571,26.6667,5,SC,0.091492,0.0613,0.151019443555247,0.0277374565718414,0.0282872599342008,GPR
0.083571,0.8571,26.6667,5,SC,0.081031,0.05482,0.1730383892289127,0.0326253053024461,0.0327699652934809,GPR
0.094286,0.8571,26.6667,5,SC,0.073032,0.049966,0.1954697303026674,0.0378247459614652,0.0374406540757777,GPR
0.105,0.8571,26.6667,5,SC,0.066832,0.046195,0.218338456582856,0.0433560907810373,0.0423157014338971,GPR
0.115714,0.8571,26.6667,5,SC,0.061909,0.043189,0.2416771621073271,0.0492434037935011,0.0474146302078575,GPR
0.126429,0.8571,26.6667,5,SC,0.057912,0.040746,0.2655195274429045,0.0555127379871405,0.0527585182943906,GPR
0.137143,0.8571,26.6667,5,SC,0.054612,0.038732,0.2898929889554009,0.0621896940324536,0.0583679749887721,GPR
0.147857,0.8571,26.6667,5,SC,0.051857,0.037055,0.3148316088633973,0.0693023202596536,0.0642656499918911,GPR
0.158571,0.8571,26.6667,5,SC,0.049545,0.035648,0.3403667345946098,0.0768781438068387,0.0704737443187441,GPR
0.169286,0.8571,26.6667,5,SC,0.0476,0.034463,0.3665311724803841,0.0849447992251045,0.077014574771215,GPR
0.18,0.8571,26.6667,5,SC,0.045969,0.033463,0.3933488582912199,0.0935262224977547,0.0839075324330423,GPR
0.03,1.0357,26.6667,5,SC,0.218883,0.375337,0.0665301360208154,0.0109701336217035,0.011967370308351,GPR
0.040714,1.0357,26.6667,5,SC,0.188734,0.282622,0.0871591469673739,0.0147691118431046,0.0158255560173288,GPR
0.051429,1.0357,26.6667,5,SC,0.167532,0.198984,0.1081048454087395,0.0188236042560309,0.0198265841754177,GPR
0.062143,1.0357,26.6667,5,SC,0.151406,0.134158,0.1293833589694963,0.023142101375831,0.0239770167693537,GPR
0.072857,1.0357,26.6667,5,SC,0.138484,0.103787,0.151019443555247,0.0277374565718414,0.0282872599342008,GPR
0.083571,1.0357,26.6667,5,SC,0.127738,0.08683,0.1730383892289127,0.0326253053024461,0.0327699652934809,GPR
0.094286,1.0357,26.6667,5,SC,0.118557,0.075945,0.1954697303026674,0.0378247459614652,0.0374406540757777,GPR
0.105,1.0357,26.6667,5,SC,0.110571,0.068325,0.218338456582856,0.0433560907810373,0.0423157014338971,GPR
0.115714,1.0357,26.6667,5,SC,0.103566,0.062682,0.2416771621073271,0.0492434037935011,0.0474146302078575,GPR
0.126429,1.0357,26.6667,5,SC,0.097428,0.058343,0.2655195274429045,0.0555127379871405,0.0527585182943906,GPR
0.137143,1.0357,26.6667,5,SC,0.092091,0.054919,0.2898929889554009,0.0621896940324536,0.0583679749887721,GPR
0.147857,1.0357,26.6667,5,SC,0.087502,0.052167,0.3148316088633973,0.0693023202596536,0.0642656499918911,GPR
0.158571,1.0357,26.6667,5,SC,0.083604,0.049928,0.3403667345946098,0.0768781438068387,0.0704737443187441,GPR
0.169286,1.0357,26.6667,5,SC,0.080328,0.048094,0.3665311724803841,0.0849447992251045,0.077014574771215,GPR
0.18,1.0357,26.6667,5,SC,0.077606,0.046588,0.3933488582912199,0.0935262224977547,0.0839075324330423,GPR
0.03,1.2143,26.6667,5,SC,0.279972,0.3872,0.0665301360208154,0.0109701336217035,0.011967370308351,GPR
0.040714,1.2143,26.6667,5,SC,0.242451,0.632902,0.0871591469673739,0.0147691118431046,0.0158255560173288,GPR
0.051429,1.2143,26.6667,5,SC,0.214532,0.41419,0.1081048454087395,0.0188236042560309,0.0198265841754177,GPR
0.062143,1.2143,26.6667,5,SC,0.194276,0.286814,0.1293833589694963,0.023142101375831,0.0239770167693537,GPR
0.072857,1.2143,26.6667,5,SC,0.178938,0.272126,0.151019443555247,0.0277374565718414,0.0282872599342008,GPR
0.083571,1.2143,26.6667,5,SC,0.166829,0.243249,0.1730383892289127,0.0326253053024461,0.0327699652934809,GPR
0.094286,1.2143,26.6667,5,SC,0.156975,0.186929,0.1954697303026674,0.0378247459614652,0.0374406540757777,GPR
0.105,1.2143,26.6667,5,SC,0.148782,0.146986,0.218338456582856,0.0433560907810373,0.0423157014338971,GPR
0.115714,1.2143,26.6667,5,SC,0.141869,0.122502,0.2416771621073271,0.0492434037935011,0.0474146302078575,GPR
0.126429,1.2143,26.6667,5,SC,0.135975,0.10679,0.2655195274429045,0.0555127379871405,0.0527585182943906,GPR
0.137143,1.2143,26.6667,5,SC,0.130917,0.096063,0.2898929889554009,0.0621896940324536,0.0583679749887721,GPR
0.147857,1.2143,26.6667,5,SC,0.126559,0.088373,0.3148316088633973,0.0693023202596536,0.0642656499918911,GPR
0.158571,1.2143,26.6667,5,SC,0.122802,0.08267,0.3403667345946098,0.0768781438068387,0.0704737443187441,GPR
0.169286,1.2143,26.6667,5,SC,0.119569,0.078348,0.3665311724803841,0.0849447992251045,0.077014574771215,GPR
0.18,1.2143,26.6667,5,SC,0.116799,0.075039,0.3933488582912199,0.0935262224977547,0.0839075324330423,GPR
0.03,1.3929,26.6667,5,SC,0.325009,0.364687,0.0665301360208154,0.0109701336217035,0.011967370308351,GPR
0.040714,1.3929,26.6667,5,SC,0.297853,0.291761,0.0871591469673739,0.0147691118431046,0.0158255560173288,GPR
0.051429,1.3929,26.6667,5,SC,0.271078,0.351929,0.1081048454087395,0.0188236042560309,0.0198265841754177,GPR
0.062143,1.3929,26.6667,5,SC,0.246651,0.542997,0.1293833589694963,0.023142101375831,0.0239770167693537,GPR
0.072857,1.3929,26.6667,5,SC,0.226325,0.63842,0.151019443555247,0.0277374565718414,0.0282872599342008,GPR
0.083571,1.3929,26.6667,5,SC,0.210175,0.484727,0.1730383892289127,0.0326253053024461,0.0327699652934809,GPR
0.094286,1.3929,26.6667,5,SC,0.197366,0.351009,0.1954697303026674,0.0378247459614652,0.0374406540757777,GPR
0.105,1.3929,26.6667,5,SC,0.187045,0.283374,0.218338456582856,0.0433560907810373,0.0423157014338971,GPR
0.115714,1.3929,26.6667,5,SC,0.17858,0.255815,0.2416771621073271,0.0492434037935011,0.0474146302078575,GPR
0.126429,1.3929,26.6667,5,SC,0.171536,0.249925,0.2655195274429045,0.0555127379871405,0.0527585182943906,GPR
0.137143,1.3929,26.6667,5,SC,0.165612,0.252154,0.2898929889554009,0.0621896940324536,0.0583679749887721,GPR
0.147857,1.3929,26.6667,5,SC,0.160593,0.252074,0.3148316088633973,0.0693023202596536,0.0642656499918911,GPR
0.158571,1.3929,26.6667,5,SC,0.156326,0.245693,0.3403667345946098,0.0768781438068387,0.0704737443187441,GPR
0.169286,1.3929,26.6667,5,SC,0.152695,0.234979,0.3665311724803841,0.0849447992251045,0.077014574771215,GPR
0.18,1.3929,26.6667,5,SC,0.149613,0.22342,0.3933488582912199,0.0935262224977547,0.0839075324330423,GPR
0.03,1.5714,26.6667,5,SC,0.348497,0.879981,0.0665301360208154,0.0109701336217035,0.011967370308351,GPR
0.040714,1.5714,26.6667,5,SC,0.330296,0.503542,0.0871591469673739,0.0147691118431046,0.0158255560173288,GPR
0.051429,1.5714,26.6667,5,SC,0.312509,0.336954,0.1081048454087395,0.0188236042560309,0.0198265841754177,GPR
0.062143,1.5714,26.6667,5,SC,0.295283,0.277831,0.1293833589694963,0.023142101375831,0.0239770167693537,GPR
0.072857,1.5714,26.6667,5,SC,0.278708,0.27248,0.151019443555247,0.0277374565718414,0.0282872599342008,GPR
0.083571,1.5714,26.6667,5,SC,0.263035,0.308528,0.1730383892289127,0.0326253053024461,0.0327699652934809,GPR
0.094286,1.5714,26.6667,5,SC,0.248661,0.386381,0.1954697303026674,0.0378247459614652,0.0374406540757777,GPR
0.105,1.5714,26.6667,5,SC,0.23593,0.497809,0.218338456582856,0.0433560907810373,0.0423157014338971,GPR
0.115714,1.5714,26.6667,5,SC,0.224971,0.601821,0.2416771621073271,0.0492434037935011,0.0474146302078575,GPR
0.126429,1.5714,26.6667,5,SC,0.2157,0.642662,0.2655195274429045,0.0555127379871405,0.0527585182943906,GPR
0.137143,1.5714,26.6667,5,SC,0.207924,0.61459,0.2898929889554009,0.0621896940324536,0.0583679749887721,GPR
0.147857,1.5714,26.6667,5,SC,0.201422,0.55609,0.3148316088633973,0.0693023202596536,0.0642656499918911,GPR
0.158571,1.5714,26.6667,5,SC,0.195996,0.497906,0.3403667345946098,0.0768781438068387,0.0704737443187441,GPR
0.169286,1.5714,26.6667,5,SC,0.191482,0.451136,0.3665311724803841,0.0849447992251045,0.077014574771215,GPR
0.18,1.5714,26.6667,5,SC,0.18775,0.416902,0.3933488582912199,0.0935262224977547,0.0839075324330423,GPR
0.03,1.75,26.6667,5,SC,0.360743,0.64329,0.0665301360208154,0.0109701336217035,0.011967370308351,GPR
0.040714,1.75,26.6667,5,SC,0.347923,0.988743,0.0871591469673739,0.0147691118431046,0.0158255560173288,GPR
0.051429,1.75,26.6667,5,SC,0.335217,0.826275,0.1081048454087395,0.0188236042560309,0.0198265841754177,GPR
0.062143,1.75,26.6667,5,SC,0.323037,0.5562,0.1293833589694963,0.023142101375831,0.0239770167693537,GPR
0.072857,1.75,26.6667,5,SC,0.311535,0.400695,0.151019443555247,0.0277374565718414,0.0282872599342008,GPR
0.083571,1.75,26.6667,5,SC,0.300752,0.319187,0.1730383892289127,0.0326253053024461,0.0327699652934809,GPR
0.094286,1.75,26.6667,5,SC,0.290697,0.276226,0.1954697303026674,0.0378247459614652,0.0374406540757777,GPR
0.105,1.75,26.6667,5,SC,0.281376,0.254773,0.218338456582856,0.0433560907810373,0.0423157014338971,GPR
0.115714,1.75,26.6667,5,SC,0.272807,0.24655,0.2416771621073271,0.0492434037935011,0.0474146302078575,GPR
0.126429,1.75,26.6667,5,SC,0.265013,0.247036,0.2655195274429045,0.0555127379871405,0.0527585182943906,GPR
0.137143,1.75,26.6667,5,SC,0.258017,0.25329,0.2898929889554009,0.0621896940324536,0.0583679749887721,GPR
0.147857,1.75,26.6667,5,SC,0.251833,0.262992,0.3148316088633973,0.0693023202596536,0.0642656499918911,GPR
0.158571,1.75,26.6667,5,SC,0.246462,0.274081,0.3403667345946098,0.0768781438068387,0.0704737443187441,GPR
0.169286,1.75,26.6667,5,SC,0.241888,0.284684,0.3665311724803841,0.0849447992251045,0.077014574771215,GPR
0.18,1.75,26.6667,5,SC,0.238087,0.29322,0.3933488582912199,0.0935262224977547,0.0839075324330423,GPR
0.03,1.9286,26.6667,5,SC,0.365993,0.279666,0.0665301360208154,0.0109701336217035,0.011967370308351,GPR
0.040714,1.9286,26.6667,5,SC,0.357288,0.430668,0.0871591469673739,0.0147691118431046,0.0158255560173288,GPR
0.051429,1.9286,26.6667,5,SC,0.348147,0.68752,0.1081048454087395,0.0188236042560309,0.0198265841754177,GPR
0.062143,1.9286,26.6667,5,SC,0.339142,0.94814,0.1293833589694963,0.023142101375831,0.0239770167693537,GPR
0.072857,1.9286,26.6667,5,SC,0.330548,0.971121,0.151019443555247,0.0277374565718414,0.0282872599342008,GPR
0.083571,1.9286,26.6667,5,SC,0.322493,0.803416,0.1730383892289127,0.0326253053024461,0.0327699652934809,GPR
0.094286,1.9286,26.6667,5,SC,0.315031,0.630949,0.1954697303026674,0.0378247459614652,0.0374406540757777,GPR
0.105,1.9286,26.6667,5,SC,0.30818,0.507581,0.218338456582856,0.0433560907810373,0.0423157014338971,GPR
0.115714,1.9286,26.6667,5,SC,0.30194,0.425532,0.2416771621073271,0.0492434037935011,0.0474146302078575,GPR
0.126429,1.9286,26.6667,5,SC,0.296302,0.3709,0.2655195274429045,0.0555127379871405,0.0527585182943906,GPR
0.137143,1.9286,26.6667,5,SC,0.291256,0.333882,0.2898929889554009,0.0621896940324536,0.0583679749887721,GPR
0.147857,1.9286,26.6667,5,SC,0.286787,0.308383,0.3148316088633973,0.0693023202596536,0.0642656499918911,GPR
0.158571,1.9286,26.6667,5,SC,0.282879,0.290649,0.3403667345946098,0.0768781438068387,0.0704737443187441,GPR
0.169286,1.9286,26.6667,5,SC,0.279515,0.278337,0.3665311724803841,0.0849447992251045,0.077014574771215,GPR
0.18,1.9286,26.6667,5,SC,0.276676,0.269969,0.3933488582912199,0.0935262224977547,0.0839075324330423,GPR
0.03,2.1071,26.6667,5,SC,0.366162,0.189188,0.0665301360208154,0.0109701336217035,0.011967370308351,GPR
0.040714,2.1071,26.6667,5,SC,0.360992,0.224358,0.0871591469673739,0.0147691118431046,0.0158255560173288,GPR
0.051429,2.1071,26.6667,5,SC,0.35483,0.286099,0.1081048454087395,0.0188236042560309,0.0198265841754177,GPR
0.062143,2.1071,26.6667,5,SC,0.348382,0.38343,0.1293833589694963,0.023142101375831,0.0239770167693537,GPR
0.072857,2.1071,26.6667,5,SC,0.342013,0.523033,0.151019443555247,0.0277374565718414,0.0282872599342008,GPR
0.083571,2.1071,26.6667,5,SC,0.335919,0.696298,0.1730383892289127,0.0326253053024461,0.0327699652934809,GPR
0.094286,2.1071,26.6667,5,SC,0.330202,0.864592,0.1954697303026674,0.0378247459614652,0.0374406540757777,GPR
0.105,2.1071,26.6667,5,SC,0.324916,0.972762,0.218338456582856,0.0433560907810373,0.0423157014338971,GPR
0.115714,2.1071,26.6667,5,SC,0.320083,0.9965,0.2416771621073271,0.0492434037935011,0.0474146302078575,GPR
0.126429,2.1071,26.6667,5,SC,0.315711,0.958448,0.2655195274429045,0.0555127379871405,0.0527585182943906,GPR
0.137143,2.1071,26.6667,5,SC,0.311795,0.895324,0.2898929889554009,0.0621896940324536,0.0583679749887721,GPR
0.147857,2.1071,26.6667,5,SC,0.308327,0.831879,0.3148316088633973,0.0693023202596536,0.0642656499918911,GPR
0.158571,2.1071,26.6667,5,SC,0.305294,0.778991,0.3403667345946098,0.0768781438068387,0.0704737443187441,GPR
0.169286,2.1071,26.6667,5,SC,0.30268,0.739743,0.3665311724803841,0.0849447992251045,0.077014574771215,GPR
0.18,2.1071,26.6667,5,SC,0.300471,0.714091,0.3933488582912199,0.0935262224977547,0.0839075324330423,GPR
0.03,2.2857,26.6667,5,SC,0.362004,0.167589,0.0665301360208154,0.0109701336217035,0.011967370308351,GPR
0.040714,2.2857,26.6667,5,SC,0.360266,0.172524,0.0871591469673739,0.0147691118431046,0.0158255560173288,GPR
0.051429,2.2857,26.6667,5,SC,0.356834,0.186138,0.1081048454087395,0.0188236042560309,0.0198265841754177,GPR
0.062143,2.2857,26.6667,5,SC,0.352676,0.208569,0.1293833589694963,0.023142101375831,0.0239770167693537,GPR
0.072857,2.2857,26.6667,5,SC,0.348269,0.240287,0.151019443555247,0.0277374565718414,0.0282872599342008,GPR
0.083571,2.2857,26.6667,5,SC,0.343874,0.281635,0.1730383892289127,0.0326253053024461,0.0327699652934809,GPR
0.094286,2.2857,26.6667,5,SC,0.339642,0.332323,0.1954697303026674,0.0378247459614652,0.0374406540757777,GPR
0.105,2.2857,26.6667,5,SC,0.335661,0.390935,0.218338456582856,0.0433560907810373,0.0423157014338971,GPR
0.115714,2.2857,26.6667,5,SC,0.331981,0.454631,0.2416771621073271,0.0492434037935011,0.0474146302078575,GPR
0.126429,2.2857,26.6667,5,SC,0.328628,0.519312,0.2655195274429045,0.0555127379871405,0.0527585182943906,GPR
0.137143,2.2857,26.6667,5,SC,0.325614,0.580311,0.2898929889554009,0.0621896940324536,0.0583679749887721,GPR
0.147857,2.2857,26.6667,5,SC,0.322944,0.633367,0.3148316088633973,0.0693023202596536,0.0642656499918911,GPR
0.158571,2.2857,26.6667,5,SC,0.320614,0.675407,0.3403667345946098,0.0768781438068387,0.0704737443187441,GPR
0.169286,2.2857,26.6667,5,SC,0.318619,0.704774,0.3665311724803841,0.0849447992251045,0.077014574771215,GPR
0.18,2.2857,26.6667,5,SC,0.316951,0.720959,0.3933488582912199,0.0935262224977547,0.0839075324330423,GPR
0.03,2.4643,26.6667,5,SC,0.351757,0.170039,0.0665301360208154,0.0109701336217035,0.011967370308351,GPR
0.040714,2.4643,26.6667,5,SC,0.355229,0.163332,0.0871591469673739,0.0147691118431046,0.0158255560173288,GPR
0.051429,2.4643,26.6667,5,SC,0.354801,0.161935,0.1081048454087395,0.0188236042560309,0.0198265841754177,GPR
0.062143,2.4643,26.6667,5,SC,0.35292,0.164753,0.1293833589694963,0.023142101375831,0.0239770167693537,GPR
0.072857,2.4643,26.6667,5,SC,0.350388,0.171002,0.151019443555247,0.0277374565718414,0.0282872599342008,GPR
0.083571,2.4643,26.6667,5,SC,0.347591,0.180029,0.1730383892289127,0.0326253053024461,0.0327699652934809,GPR
0.094286,2.4643,26.6667,5,SC,0.344742,0.191196,0.1954697303026674,0.0378247459614652,0.0374406540757777,GPR
0.105,2.4643,26.6667,5,SC,0.341969,0.203809,0.218338456582856,0.0433560907810373,0.0423157014338971,GPR
0.115714,2.4643,26.6667,5,SC,0.339352,0.217092,0.2416771621073271,0.0492434037935011,0.0474146302078575,GPR
0.126429,2.4643,26.6667,5,SC,0.336939,0.2302,0.2655195274429045,0.0555127379871405,0.0527585182943906,GPR
0.137143,2.4643,26.6667,5,SC,0.334758,0.242272,0.2898929889554009,0.0621896940324536,0.0583679749887721,GPR
0.147857,2.4643,26.6667,5,SC,0.332828,0.252497,0.3148316088633973,0.0693023202596536,0.0642656499918911,GPR
0.158571,2.4643,26.6667,5,SC,0.331156,0.260193,0.3403667345946098,0.0768781438068387,0.0704737443187441,GPR
0.169286,2.4643,26.6667,5,SC,0.329748,0.264876,0.3665311724803841,0.0849447992251045,0.077014574771215,GPR
0.18,2.4643,26.6667,5,SC,0.328603,0.266298,0.3933488582912199,0.0935262224977547,0.0839075324330423,GPR
0.03,2.6429,26.6667,5,SC,0.316395,0.18482,0.0665301360208154,0.0109701336217035,0.011967370308351,GPR
0.040714,2.6429,26.6667,5,SC,0.340585,0.171854,0.0871591469673739,0.0147691118431046,0.0158255560173288,GPR
0.051429,2.6429,26.6667,5,SC,0.347598,0.163545,0.1081048454087395,0.0188236042560309,0.0198265841754177,GPR
0.062143,2.6429,26.6667,5,SC,0.349005,0.158687,0.1293833589694963,0.023142101375831,0.0239770167693537,GPR
0.072857,2.6429,26.6667,5,SC,0.348657,0.156377,0.151019443555247,0.0277374565718414,0.0282872599342008,GPR
0.083571,2.6429,26.6667,5,SC,0.347554,0.155922,0.1730383892289127,0.0326253053024461,0.0327699652934809,GPR
0.094286,2.6429,26.6667,5,SC,0.346108,0.156767,0.1954697303026674,0.0378247459614652,0.0374406540757777,GPR
0.105,2.6429,26.6667,5,SC,0.344533,0.158447,0.218338456582856,0.0433560907810373,0.0423157014338971,GPR
0.115714,2.6429,26.6667,5,SC,0.342956,0.160559,0.2416771621073271,0.0492434037935011,0.0474146302078575,GPR
0.126429,2.6429,26.6667,5,SC,0.341455,0.162755,0.2655195274429045,0.0555127379871405,0.0527585182943906,GPR
0.137143,2.6429,26.6667,5,SC,0.340081,0.164741,0.2898929889554009,0.0621896940324536,0.0583679749887721,GPR
0.147857,2.6429,26.6667,5,SC,0.338867,0.166284,0.3148316088633973,0.0693023202596536,0.0642656499918911,GPR
0.158571,2.6429,26.6667,5,SC,0.337833,0.16722,0.3403667345946098,0.0768781438068387,0.0704737443187441,GPR
0.169286,2.6429,26.6667,5,SC,0.336993,0.167452,0.3665311724803841,0.0849447992251045,0.077014574771215,GPR
0.18,2.6429,26.6667,5,SC,0.336354,0.166955,0.3933488582912199,0.0935262224977547,0.0839075324330423,GPR
0.03,2.8214,26.6667,5,SC,0.293379,0.207703,0.0665301360208154,0.0109701336217035,0.011967370308351,GPR
0.040714,2.8214,26.6667,5,SC,0.303195,0.19089,0.0871591469673739,0.0147691118431046,0.0158255560173288,GPR
0.051429,2.8214,26.6667,5,SC,0.318409,0.178425,0.1081048454087395,0.0188236042560309,0.0198265841754177,GPR
0.062143,2.8214,26.6667,5,SC,0.334834,0.169346,0.1293833589694963,0.023142101375831,0.0239770167693537,GPR
0.072857,2.8214,26.6667,5,SC,0.340852,0.162824,0.151019443555247,0.0277374565718414,0.0282872599342008,GPR
0.083571,2.8214,26.6667,5,SC,0.342821,0.158208,0.1730383892289127,0.0326253053024461,0.0327699652934809,GPR
0.094286,2.8214,26.6667,5,SC,0.343345,0.154996,0.1954697303026674,0.0378247459614652,0.0374406540757777,GPR
0.105,2.8214,26.6667,5,SC,0.343237,0.152797,0.218338456582856,0.0433560907810373,0.0423157014338971,GPR
0.115714,2.8214,26.6667,5,SC,0.342836,0.151308,0.2416771621073271,0.0492434037935011,0.0474146302078575,GPR
0.126429,2.8214,26.6667,5,SC,0.342318,0.150294,0.2655195274429045,0.0555127379871405,0.0527585182943906,GPR
0.137143,2.8214,26.6667,5,SC,0.341784,0.149581,0.2898929889554009,0.0621896940324536,0.0583679749887721,GPR
0.147857,2.8214,26.6667,5,SC,0.341296,0.149039,0.3148316088633973,0.0693023202596536,0.0642656499918911,GPR
0.158571,2.8214,26.6667,5,SC,0.340896,0.148587,0.3403667345946098,0.0768781438068387,0.0704737443187441,GPR
0.169286,2.8214,26.6667,5,SC,0.340609,0.14818,0.3665311724803841,0.0849447992251045,0.077014574771215,GPR
0.18,2.8214,26.6667,5,SC,0.340453,0.14781,0.3933488582912199,0.0935262224977547,0.0839075324330423,GPR
0.03,3.0,26.6667,5,SC,0.27715,0.235734,0.0665301360208154,0.0109701336217035,0.011967370308351,GPR
0.040714,3.0,26.6667,5,SC,0.286073,0.217335,0.0871591469673739,0.0147691118431046,0.0158255560173288,GPR
0.051429,3.0,26.6667,5,SC,0.292972,0.202436,0.1081048454087395,0.0188236042560309,0.0198265841754177,GPR
0.062143,3.0,26.6667,5,SC,0.299436,0.190704,0.1293833589694963,0.023142101375831,0.0239770167693537,GPR
0.072857,3.0,26.6667,5,SC,0.307443,0.181583,0.151019443555247,0.0277374565718414,0.0282872599342008,GPR
0.083571,3.0,26.6667,5,SC,0.318563,0.174541,0.1730383892289127,0.0326253053024461,0.0327699652934809,GPR
0.094286,3.0,26.6667,5,SC,0.328244,0.169136,0.1954697303026674,0.0378247459614652,0.0374406540757777,GPR
0.105,3.0,26.6667,5,SC,0.333402,0.165015,0.218338456582856,0.0433560907810373,0.0423157014338971,GPR
0.115714,3.0,26.6667,5,SC,0.335983,0.161907,0.2416771621073271,0.0492434037935011,0.0474146302078575,GPR
0.126429,3.0,26.6667,5,SC,0.33737,0.159609,0.2655195274429045,0.0555127379871405,0.0527585182943906,GPR
0.137143,3.0,26.6667,5,SC,0.338176,0.15797,0.2898929889554009,0.0621896940324536,0.0583679749887721,GPR
0.147857,3.0,26.6667,5,SC,0.338684,0.156887,0.3148316088633973,0.0693023202596536,0.0642656499918911,GPR
0.158571,3.0,26.6667,5,SC,0.339043,0.156295,0.3403667345946098,0.0768781438068387,0.0704737443187441,GPR
0.169286,3.0,26.6667,5,SC,0.339332,0.156159,0.3665311724803841,0.0849447992251045,0.077014574771215,GPR
0.18,3.0,26.6667,5,SC,0.339595,0.156477,0.3933488582912199,0.0935262224977547,0.0839075324330423,GPR
0.03,0.5,30.0,5,SC,0.040475,0.03972,0.0665301360208154,0.0109701336217035,0.011967370308351,GPR
0.040714,0.5,30.0,5,SC,0.032398,0.032586,0.0871591469673739,0.0147691118431046,0.0158255560173288,GPR
0.051429,0.5,30.0,5,SC,0.027297,0.027832,0.1081048454087395,0.0188236042560309,0.0198265841754177,GPR
0.062143,0.5,30.0,5,SC,0.023774,0.024445,0.1293833589694963,0.023142101375831,0.0239770167693537,GPR
0.072857,0.5,30.0,5,SC,0.021193,0.021916,0.151019443555247,0.0277374565718414,0.0282872599342008,GPR
0.083571,0.5,30.0,5,SC,0.019225,0.019962,0.1730383892289127,0.0326253053024461,0.0327699652934809,GPR
0.094286,0.5,30.0,5,SC,0.017679,0.018412,0.1954697303026674,0.0378247459614652,0.0374406540757777,GPR
0.105,0.5,30.0,5,SC,0.016435,0.017156,0.218338456582856,0.0433560907810373,0.0423157014338971,GPR
0.115714,0.5,30.0,5,SC,0.015417,0.016123,0.2416771621073271,0.0492434037935011,0.0474146302078575,GPR
0.126429,0.5,30.0,5,SC,0.014573,0.015262,0.2655195274429045,0.0555127379871405,0.0527585182943906,GPR
0.137143,0.5,30.0,5,SC,0.013864,0.014537,0.2898929889554009,0.0621896940324536,0.0583679749887721,GPR
0.147857,0.5,30.0,5,SC,0.013264,0.013921,0.3148316088633973,0.0693023202596536,0.0642656499918911,GPR
0.158571,0.5,30.0,5,SC,0.012753,0.013394,0.3403667345946098,0.0768781438068387,0.0704737443187441,GPR
0.169286,0.5,30.0,5,SC,0.012315,0.012943,0.3665311724803841,0.0849447992251045,0.077014574771215,GPR
0.18,0.5,30.0,5,SC,0.011938,0.012554,0.3933488582912199,0.0935262224977547,0.0839075324330423,GPR
0.03,0.6786,30.0,5,SC,0.065948,0.051637,0.0665301360208154,0.0109701336217035,0.011967370308351,GPR
0.040714,0.6786,30.0,5,SC,0.050901,0.042437,0.0871591469673739,0.0147691118431046,0.0158255560173288,GPR
0.051429,0.6786,30.0,5,SC,0.041396,0.036363,0.1081048454087395,0.0188236042560309,0.0198265841754177,GPR
0.062143,0.6786,30.0,5,SC,0.035142,0.032042,0.1293833589694963,0.023142101375831,0.0239770167693537,GPR
0.072857,0.6786,30.0,5,SC,0.030794,0.028814,0.151019443555247,0.0277374565718414,0.0282872599342008,GPR
0.083571,0.6786,30.0,5,SC,0.027623,0.026315,0.1730383892289127,0.0326253053024461,0.0327699652934809,GPR
0.094286,0.6786,30.0,5,SC,0.025214,0.024329,0.1954697303026674,0.0378247459614652,0.0374406540757777,GPR
0.105,0.6786,30.0,5,SC,0.023326,0.022719,0.218338456582856,0.0433560907810373,0.0423157014338971,GPR
0.115714,0.6786,30.0,5,SC,0.02181,0.021393,0.2416771621073271,0.0492434037935011,0.0474146302078575,GPR
0.126429,0.6786,30.0,5,SC,0.02057,0.020286,0.2655195274429045,0.0555127379871405,0.0527585182943906,GPR
0.137143,0.6786,30.0,5,SC,0.019541,0.019354,0.2898929889554009,0.0621896940324536,0.0583679749887721,GPR
0.147857,0.6786,30.0,5,SC,0.01868,0.018562,0.3148316088633973,0.0693023202596536,0.0642656499918911,GPR
0.158571,0.6786,30.0,5,SC,0.017952,0.017887,0.3403667345946098,0.0768781438068387,0.0704737443187441,GPR
0.169286,0.6786,30.0,5,SC,0.017334,0.017307,0.3665311724803841,0.0849447992251045,0.077014574771215,GPR
0.18,0.6786,30.0,5,SC,0.016808,0.01681,0.3933488582912199,0.0935262224977547,0.0839075324330423,GPR
0.03,0.8571,30.0,5,SC,0.107016,0.069108,0.0665301360208154,0.0109701336217035,0.011967370308351,GPR
0.040714,0.8571,30.0,5,SC,0.082972,0.055377,0.0871591469673739,0.0147691118431046,0.0158255560173288,GPR
0.051429,0.8571,30.0,5,SC,0.068171,0.046923,0.1081048454087395,0.0188236042560309,0.0198265841754177,GPR
0.062143,0.8571,30.0,5,SC,0.057908,0.041119,0.1293833589694963,0.023142101375831,0.0239770167693537,GPR
0.072857,0.8571,30.0,5,SC,0.050057,0.036869,0.151019443555247,0.0277374565718414,0.0282872599342008,GPR
0.083571,0.8571,30.0,5,SC,0.043927,0.033622,0.1730383892289127,0.0326253053024461,0.0327699652934809,GPR
0.094286,0.8571,30.0,5,SC,0.039203,0.031064,0.1954697303026674,0.0378247459614652,0.0374406540757777,GPR
0.105,0.8571,30.0,5,SC,0.03556,0.029003,0.218338456582856,0.0433560907810373,0.0423157014338971,GPR
0.115714,0.8571,30.0,5,SC,0.03271,0.027314,0.2416771621073271,0.0492434037935011,0.0474146302078575,GPR
0.126429,0.8571,30.0,5,SC,0.030439,0.02591,0.2655195274429045,0.0555127379871405,0.0527585182943906,GPR
0.137143,0.8571,30.0,5,SC,0.028606,0.024733,0.2898929889554009,0.0621896940324536,0.0583679749887721,GPR
0.147857,0.8571,30.0,5,SC,0.02711,0.023737,0.3148316088633973,0.0693023202596536,0.0642656499918911,GPR
0.158571,0.8571,30.0,5,SC,0.02588,0.022889,0.3403667345946098,0.0768781438068387,0.0704737443187441,GPR
0.169286,0.8571,30.0,5,SC,0.024862,0.022166,0.3665311724803841,0.0849447992251045,0.077014574771215,GPR
0.18,0.8571,30.0,5,SC,0.024019,0.021548,0.3933488582912199,0.0935262224977547,0.0839075324330423,GPR
0.03,1.0357,30.0,5,SC,0.151941,0.108177,0.0665301360208154,0.0109701336217035,0.011967370308351,GPR
0.040714,1.0357,30.0,5,SC,0.128825,0.077968,0.0871591469673739,0.0147691118431046,0.0158255560173288,GPR
0.051429,1.0357,30.0,5,SC,0.108831,0.063193,0.1081048454087395,0.0188236042560309,0.0198265841754177,GPR
0.062143,1.0357,30.0,5,SC,0.091903,0.054111,0.1293833589694963,0.023142101375831,0.0239770167693537,GPR
0.072857,1.0357,30.0,5,SC,0.079262,0.047865,0.151019443555247,0.0277374565718414,0.0282872599342008,GPR
0.083571,1.0357,30.0,5,SC,0.070226,0.043278,0.1730383892289127,0.0326253053024461,0.0327699652934809,GPR
0.094286,1.0357,30.0,5,SC,0.063524,0.039762,0.1954697303026674,0.0378247459614652,0.0374406540757777,GPR
0.105,1.0357,30.0,5,SC,0.058302,0.036983,0.218338456582856,0.0433560907810373,0.0423157014338971,GPR
0.115714,1.0357,30.0,5,SC,0.05407,0.03474,0.2416771621073271,0.0492434037935011,0.0474146302078575,GPR
0.126429,1.0357,30.0,5,SC,0.050551,0.032899,0.2655195274429045,0.0555127379871405,0.0527585182943906,GPR
0.137143,1.0357,30.0,5,SC,0.047582,0.03137,0.2898929889554009,0.0621896940324536,0.0583679749887721,GPR
0.147857,1.0357,30.0,5,SC,0.045062,0.030088,0.3148316088633973,0.0693023202596536,0.0642656499918911,GPR
0.158571,1.0357,30.0,5,SC,0.042926,0.029008,0.3403667345946098,0.0768781438068387,0.0704737443187441,GPR
0.169286,1.0357,30.0,5,SC,0.041127,0.028094,0.3665311724803841,0.0849447992251045,0.077014574771215,GPR
0.18,1.0357,30.0,5,SC,0.039623,0.027319,0.3933488582912199,0.0935262224977547,0.0839075324330423,GPR
0.03,1.2143,30.0,5,SC,0.186711,0.300556,0.0665301360208154,0.0109701336217035,0.011967370308351,GPR
0.040714,1.2143,30.0,5,SC,0.16431,0.150406,0.0871591469673739,0.0147691118431046,0.0158255560173288,GPR
0.051429,1.2143,30.0,5,SC,0.147145,0.100047,0.1081048454087395,0.0188236042560309,0.0198265841754177,GPR
0.062143,1.2143,30.0,5,SC,0.133097,0.07868,0.1293833589694963,0.023142101375831,0.0239770167693537,GPR
0.072857,1.2143,30.0,5,SC,0.12098,0.066552,0.151019443555247,0.0277374565718414,0.0282872599342008,GPR
0.083571,1.2143,30.0,5,SC,0.110115,0.058587,0.1730383892289127,0.0326253053024461,0.0327699652934809,GPR
0.094286,1.2143,30.0,5,SC,0.100264,0.052904,0.1954697303026674,0.0378247459614652,0.0374406540757777,GPR
0.105,1.2143,30.0,5,SC,0.091548,0.048632,0.218338456582856,0.0433560907810373,0.0423157014338971,GPR
0.115714,1.2143,30.0,5,SC,0.084171,0.045306,0.2416771621073271,0.0492434037935011,0.0474146302078575,GPR
0.126429,1.2143,30.0,5,SC,0.078148,0.042653,0.2655195274429045,0.0555127379871405,0.0527585182943906,GPR
0.137143,1.2143,30.0,5,SC,0.073308,0.040499,0.2898929889554009,0.0621896940324536,0.0583679749887721,GPR
0.147857,1.2143,30.0,5,SC,0.069421,0.03873,0.3148316088633973,0.0693023202596536,0.0642656499918911,GPR
0.158571,1.2143,30.0,5,SC,0.066282,0.037263,0.3403667345946098,0.0768781438068387,0.0704737443187441,GPR
0.169286,1.2143,30.0,5,SC,0.063734,0.036044,0.3665311724803841,0.0849447992251045,0.077014574771215,GPR
0.18,1.2143,30.0,5,SC,0.061658,0.035028,0.3933488582912199,0.0935262224977547,0.0839075324330423,GPR
0.03,1.3929,30.0,5,SC,0.221756,0.457075,0.0665301360208154,0.0109701336217035,0.011967370308351,GPR
0.040714,1.3929,30.0,5,SC,0.196131,0.284294,0.0871591469673739,0.0147691118431046,0.0158255560173288,GPR
0.051429,1.3929,30.0,5,SC,0.177634,0.293992,0.1081048454087395,0.0188236042560309,0.0198265841754177,GPR
0.062143,1.3929,30.0,5,SC,0.163344,0.174857,0.1293833589694963,0.023142101375831,0.0239770167693537,GPR
0.072857,1.3929,30.0,5,SC,0.151809,0.119615,0.151019443555247,0.0277374565718414,0.0282872599342008,GPR
0.083571,1.3929,30.0,5,SC,0.142215,0.094341,0.1730383892289127,0.0326253053024461,0.0327699652934809,GPR
0.094286,1.3929,30.0,5,SC,0.13406,0.080022,0.1954697303026674,0.0378247459614652,0.0374406540757777,GPR
0.105,1.3929,30.0,5,SC,0.127016,0.070743,0.218338456582856,0.0433560907810373,0.0423157014338971,GPR
0.115714,1.3929,30.0,5,SC,0.120861,0.064215,0.2416771621073271,0.0492434037935011,0.0474146302078575,GPR
0.126429,1.3929,30.0,5,SC,0.115443,0.059374,0.2655195274429045,0.0555127379871405,0.0527585182943906,GPR
0.137143,1.3929,30.0,5,SC,0.11066,0.055658,0.2898929889554009,0.0621896940324536,0.0583679749887721,GPR
0.147857,1.3929,30.0,5,SC,0.106447,0.052737,0.3148316088633973,0.0693023202596536,0.0642656499918911,GPR
0.158571,1.3929,30.0,5,SC,0.102758,0.050408,0.3403667345946098,0.0768781438068387,0.0704737443187441,GPR
0.169286,1.3929,30.0,5,SC,0.099564,0.048535,0.3665311724803841,0.0849447992251045,0.077014574771215,GPR
0.18,1.3929,30.0,5,SC,0.096837,0.047026,0.3933488582912199,0.0935262224977547,0.0839075324330423,GPR
0.03,1.5714,30.0,5,SC,0.260841,0.468791,0.0665301360208154,0.0109701336217035,0.011967370308351,GPR
0.040714,1.5714,30.0,5,SC,0.231209,0.743325,0.0871591469673739,0.0147691118431046,0.0158255560173288,GPR
0.051429,1.5714,30.0,5,SC,0.208953,0.387688,0.1081048454087395,0.0188236042560309,0.0198265841754177,GPR
0.062143,1.5714,30.0,5,SC,0.192379,0.270688,0.1293833589694963,0.023142101375831,0.0239770167693537,GPR
0.072857,1.5714,30.0,5,SC,0.179511,0.291185,0.151019443555247,0.0277374565718414,0.0282872599342008,GPR
0.083571,1.5714,30.0,5,SC,0.169145,0.292364,0.1730383892289127,0.0326253053024461,0.0327699652934809,GPR
0.094286,1.5714,30.0,5,SC,0.160579,0.21221,0.1954697303026674,0.0378247459614652,0.0374406540757777,GPR
0.105,1.5714,30.0,5,SC,0.153372,0.155991,0.218338456582856,0.0433560907810373,0.0423157014338971,GPR
0.115714,1.5714,30.0,5,SC,0.147237,0.124955,0.2416771621073271,0.0492434037935011,0.0474146302078575,GPR
0.126429,1.5714,30.0,5,SC,0.141971,0.106539,0.2655195274429045,0.0555127379871405,0.0527585182943906,GPR
0.137143,1.5714,30.0,5,SC,0.137429,0.094626,0.2898929889554009,0.0621896940324536,0.0583679749887721,GPR
0.147857,1.5714,30.0,5,SC,0.133504,0.086412,0.3148316088633973,0.0693023202596536,0.0642656499918911,GPR
0.158571,1.5714,30.0,5,SC,0.130111,0.080502,0.3403667345946098,0.0768781438068387,0.0704737443187441,GPR
0.169286,1.5714,30.0,5,SC,0.127188,0.076141,0.3665311724803841,0.0849447992251045,0.077014574771215,GPR
0.18,1.5714,30.0,5,SC,0.124682,0.072889,0.3933488582912199,0.0935262224977547,0.0839075324330423,GPR
0.03,1.75,30.0,5,SC,0.291065,0.258698,0.0665301360208154,0.0109701336217035,0.011967370308351,GPR
0.040714,1.75,30.0,5,SC,0.26801,0.30857,0.0871591469673739,0.0147691118431046,0.0158255560173288,GPR
0.051429,1.75,30.0,5,SC,0.245239,0.554097,0.1081048454087395,0.0188236042560309,0.0198265841754177,GPR
0.062143,1.75,30.0,5,SC,0.225587,0.780271,0.1293833589694963,0.023142101375831,0.0239770167693537,GPR
0.072857,1.75,30.0,5,SC,0.209886,0.531373,0.151019443555247,0.0277374565718414,0.0282872599342008,GPR
0.083571,1.75,30.0,5,SC,0.197468,0.344475,0.1730383892289127,0.0326253053024461,0.0327699652934809,GPR
0.094286,1.75,30.0,5,SC,0.187479,0.267782,0.1954697303026674,0.0378247459614652,0.0374406540757777,GPR
0.105,1.75,30.0,5,SC,0.179279,0.247466,0.218338456582856,0.0433560907810373,0.0423157014338971,GPR
0.115714,1.75,30.0,5,SC,0.172438,0.260107,0.2416771621073271,0.0492434037935011,0.0474146302078575,GPR
0.126429,1.75,30.0,5,SC,0.166662,0.285082,0.2655195274429045,0.0555127379871405,0.0527585182943906,GPR
0.137143,1.75,30.0,5,SC,0.161747,0.295417,0.2898929889554009,0.0621896940324536,0.0583679749887721,GPR
0.147857,1.75,30.0,5,SC,0.157546,0.281384,0.3148316088633973,0.0693023202596536,0.0642656499918911,GPR
0.158571,1.75,30.0,5,SC,0.153951,0.255857,0.3403667345946098,0.0768781438068387,0.0704737443187441,GPR
0.169286,1.75,30.0,5,SC,0.150878,0.231305,0.3665311724803841,0.0849447992251045,0.077014574771215,GPR
0.18,1.75,30.0,5,SC,0.148263,0.212156,0.3933488582912199,0.0935262224977547,0.0839075324330423,GPR
0.03,1.9286,30.0,5,SC,0.306797,0.374869,0.0665301360208154,0.0109701336217035,0.011967370308351,GPR
0.040714,1.9286,30.0,5,SC,0.292003,0.264919,0.0871591469673739,0.0147691118431046,0.0158255560173288,GPR
0.051429,1.9286,30.0,5,SC,0.276402,0.24394,0.1081048454087395,0.0188236042560309,0.0198265841754177,GPR
0.062143,1.9286,30.0,5,SC,0.260531,0.284228,0.1293833589694963,0.023142101375831,0.0239770167693537,GPR
0.072857,1.9286,30.0,5,SC,0.245211,0.403631,0.151019443555247,0.0277374565718414,0.0282872599342008,GPR
0.083571,1.9286,30.0,5,SC,0.23134,0.616517,0.1730383892289127,0.0326253053024461,0.0327699652934809,GPR
0.094286,1.9286,30.0,5,SC,0.219415,0.781981,0.1954697303026674,0.0378247459614652,0.0374406540757777,GPR
0.105,1.9286,30.0,5,SC,0.209436,0.71349,0.218338456582856,0.0433560907810373,0.0423157014338971,GPR
0.115714,1.9286,30.0,5,SC,0.20115,0.554881,0.2416771621073271,0.0492434037935011,0.0474146302078575,GPR
0.126429,1.9286,30.0,5,SC,0.194256,0.432945,0.2655195274429045,0.0555127379871405,0.0527585182943906,GPR
0.137143,1.9286,30.0,5,SC,0.188494,0.355565,0.2898929889554009,0.0621896940324536,0.0583679749887721,GPR
0.147857,1.9286,30.0,5,SC,0.18366,0.307628,0.3148316088633973,0.0693023202596536,0.0642656499918911,GPR
0.158571,1.9286,30.0,5,SC,0.1796,0.277641,0.3403667345946098,0.0768781438068387,0.0704737443187441,GPR
0.169286,1.9286,30.0,5,SC,0.176198,0.258678,0.3665311724803841,0.0849447992251045,0.077014574771215,GPR
0.18,1.9286,30.0,5,SC,0.173365,0.246626,0.3933488582912199,0.0935262224977547,0.0839075324330423,GPR
0.03,2.1071,30.0,5,SC,0.314236,0.760071,0.0665301360208154,0.0109701336217035,0.011967370308351,GPR
0.040714,2.1071,30.0,5,SC,0.304352,0.454914,0.0871591469673739,0.0147691118431046,0.0158255560173288,GPR
0.051429,2.1071,30.0,5,SC,0.293947,0.312368,0.1081048454087395,0.0188236042560309,0.0198265841754177,GPR
0.062143,2.1071,30.0,5,SC,0.283408,0.251588,0.1293833589694963,0.023142101375831,0.0239770167693537,GPR
0.072857,2.1071,30.0,5,SC,0.272942,0.230198,0.151019443555247,0.0277374565718414,0.0282872599342008,GPR
0.083571,2.1071,30.0,5,SC,0.262722,0.233697,0.1730383892289127,0.0326253053024461,0.0327699652934809,GPR
0.094286,2.1071,30.0,5,SC,0.25294,0.258193,0.1954697303026674,0.0378247459614652,0.0374406540757777,GPR
0.105,2.1071,30.0,5,SC,0.243808,0.303832,0.218338456582856,0.0433560907810373,0.0423157014338971,GPR
0.115714,2.1071,30.0,5,SC,0.235506,0.370918,0.2416771621073271,0.0492434037935011,0.0474146302078575,GPR
0.126429,2.1071,30.0,5,SC,0.228146,0.455877,0.2655195274429045,0.0555127379871405,0.0527585182943906,GPR
0.137143,2.1071,30.0,5,SC,0.221755,0.547995,0.2898929889554009,0.0621896940324536,0.0583679749887721,GPR
0.147857,2.1071,30.0,5,SC,0.216303,0.631129,0.3148316088633973,0.0693023202596536,0.0642656499918911,GPR
0.158571,2.1071,30.0,5,SC,0.211723,0.691849,0.3403667345946098,0.0768781438068387,0.0704737443187441,GPR
0.169286,2.1071,30.0,5,SC,0.207939,0.726645,0.3665311724803841,0.0849447992251045,0.077014574771215,GPR
0.18,2.1071,30.0,5,SC,0.204878,0.740888,0.3933488582912199,0.0935262224977547,0.0839075324330423,GPR
0.03,2.2857,30.0,5,SC,0.316912,0.815113,0.0665301360208154,0.0109701336217035,0.011967370308351,GPR
0.040714,2.2857,30.0,5,SC,0.310339,0.8833,0.0871591469673739,0.0147691118431046,0.0158255560173288,GPR
0.051429,2.2857,30.0,5,SC,0.303139,0.625514,0.1081048454087395,0.0188236042560309,0.0198265841754177,GPR
0.062143,2.2857,30.0,5,SC,0.295786,0.433922,0.1293833589694963,0.023142101375831,0.0239770167693537,GPR
0.072857,2.2857,30.0,5,SC,0.288531,0.329207,0.151019443555247,0.0277374565718414,0.0282872599342008,GPR
0.083571,2.2857,30.0,5,SC,0.281521,0.271999,0.1730383892289127,0.0326253053024461,0.0327699652934809,GPR
0.094286,2.2857,30.0,5,SC,0.274845,0.24023,0.1954697303026674,0.0378247459614652,0.0374406540757777,GPR
0.105,2.2857,30.0,5,SC,0.26857,0.223163,0.218338456582856,0.0433560907810373,0.0423157014338971,GPR
0.115714,2.2857,30.0,5,SC,0.262749,0.215245,0.2416771621073271,0.0492434037935011,0.0474146302078575,GPR
0.126429,2.2857,30.0,5,SC,0.257428,0.213246,0.2655195274429045,0.0555127379871405,0.0527585182943906,GPR
0.137143,2.2857,30.0,5,SC,0.252645,0.215002,0.2898929889554009,0.0621896940324536,0.0583679749887721,GPR
0.147857,2.2857,30.0,5,SC,0.248428,0.218852,0.3148316088633973,0.0693023202596536,0.0642656499918911,GPR
0.158571,2.2857,30.0,5,SC,0.244792,0.223413,0.3403667345946098,0.0768781438068387,0.0704737443187441,GPR
0.169286,2.2857,30.0,5,SC,0.241742,0.227531,0.3665311724803841,0.0849447992251045,0.077014574771215,GPR
0.18,2.2857,30.0,5,SC,0.239272,0.230314,0.3933488582912199,0.0935262224977547,0.0839075324330423,GPR
0.03,2.4643,30.0,5,SC,0.316457,0.402099,0.0665301360208154,0.0109701336217035,0.011967370308351,GPR
0.040714,2.4643,30.0,5,SC,0.312428,0.66497,0.0871591469673739,0.0147691118431046,0.0158255560173288,GPR
0.051429,2.4643,30.0,5,SC,0.307573,0.901702,0.1081048454087395,0.0188236042560309,0.0198265841754177,GPR
0.062143,2.4643,30.0,5,SC,0.3024,0.86924,0.1293833589694963,0.023142101375831,0.0239770167693537,GPR
0.072857,2.4643,30.0,5,SC,0.297198,0.687099,0.151019443555247,0.0277374565718414,0.0282872599342008,GPR
0.083571,2.4643,30.0,5,SC,0.292138,0.529554,0.1730383892289127,0.0326253053024461,0.0327699652934809,GPR
0.094286,2.4643,30.0,5,SC,0.287325,0.424012,0.1954697303026674,0.0378247459614652,0.0374406540757777,GPR
0.105,2.4643,30.0,5,SC,0.282823,0.355824,0.218338456582856,0.0433560907810373,0.0423157014338971,GPR
0.115714,2.4643,30.0,5,SC,0.278673,0.311096,0.2416771621073271,0.0492434037935011,0.0474146302078575,GPR
0.126429,2.4643,30.0,5,SC,0.274901,0.281079,0.2655195274429045,0.0555127379871405,0.0527585182943906,GPR
0.137143,2.4643,30.0,5,SC,0.271526,0.260558,0.2898929889554009,0.0621896940324536,0.0583679749887721,GPR
0.147857,2.4643,30.0,5,SC,0.268556,0.246375,0.3148316088633973,0.0693023202596536,0.0642656499918911,GPR
0.158571,2.4643,30.0,5,SC,0.265994,0.236566,0.3403667345946098,0.0768781438068387,0.0704737443187441,GPR
0.169286,2.4643,30.0,5,SC,0.26384,0.229888,0.3665311724803841,0.0849447992251045,0.077014574771215,GPR
0.18,2.4643,30.0,5,SC,0.262086,0.225563,0.3933488582912199,0.0935262224977547,0.0839075324330423,GPR
0.03,2.6429,30.0,5,SC,0.313762,0.228734,0.0665301360208154,0.0109701336217035,0.011967370308351,GPR
0.040714,2.6429,30.0,5,SC,0.31182,0.324294,0.0871591469673739,0.0147691118431046,0.0158255560173288,GPR
0.051429,2.6429,30.0,5,SC,0.308863,0.475325,0.1081048454087395,0.0188236042560309,0.0198265841754177,GPR
0.062143,2.6429,30.0,5,SC,0.305411,0.675803,0.1293833589694963,0.023142101375831,0.0239770167693537,GPR
0.072857,2.6429,30.0,5,SC,0.301774,0.858412,0.151019443555247,0.0277374565718414,0.0282872599342008,GPR
0.083571,2.6429,30.0,5,SC,0.298142,0.926499,0.1730383892289127,0.0326253053024461,0.0327699652934809,GPR
0.094286,2.6429,30.0,5,SC,0.294636,0.874007,0.1954697303026674,0.0378247459614652,0.0374406540757777,GPR
0.105,2.6429,30.0,5,SC,0.291329,0.771772,0.218338456582856,0.0433560907810373,0.0423157014338971,GPR
0.115714,2.6429,30.0,5,SC,0.288272,0.672307,0.2416771621073271,0.0492434037935011,0.0474146302078575,GPR
0.126429,2.6429,30.0,5,SC,0.285491,0.592677,0.2655195274429045,0.0555127379871405,0.0527585182943906,GPR
0.137143,2.6429,30.0,5,SC,0.283007,0.533509,0.2898929889554009,0.0621896940324536,0.0583679749887721,GPR
0.147857,2.6429,30.0,5,SC,0.280827,0.491196,0.3148316088633973,0.0693023202596536,0.0642656499918911,GPR
0.158571,2.6429,30.0,5,SC,0.278955,0.462081,0.3403667345946098,0.0768781438068387,0.0704737443187441,GPR
0.169286,2.6429,30.0,5,SC,0.27739,0.443415,0.3665311724803841,0.0849447992251045,0.077014574771215,GPR
0.18,2.6429,30.0,5,SC,0.276129,0.433375,0.3933488582912199,0.0935262224977547,0.0839075324330423,GPR
0.03,2.8214,30.0,5,SC,0.309363,0.164377,0.0665301360208154,0.0109701336217035,0.011967370308351,GPR
0.040714,2.8214,30.0,5,SC,0.309204,0.199036,0.0871591469673739,0.0147691118431046,0.0158255560173288,GPR
0.051429,2.8214,30.0,5,SC,0.307861,0.250837,0.1081048454087395,0.0188236042560309,0.0198265841754177,GPR
0.062143,2.8214,30.0,5,SC,0.305864,0.323888,0.1293833589694963,0.023142101375831,0.0239770167693537,GPR
0.072857,2.8214,30.0,5,SC,0.303538,0.420548,0.151019443555247,0.0277374565718414,0.0282872599342008,GPR
0.083571,2.8214,30.0,5,SC,0.301088,0.537799,0.1730383892289127,0.0326253053024461,0.0327699652934809,GPR
0.094286,2.8214,30.0,5,SC,0.298647,0.663777,0.1954697303026674,0.0378247459614652,0.0374406540757777,GPR
0.105,2.8214,30.0,5,SC,0.296302,0.779199,0.218338456582856,0.0433560907810373,0.0423157014338971,GPR
0.115714,2.8214,30.0,5,SC,0.294109,0.866263,0.2416771621073271,0.0492434037935011,0.0474146302078575,GPR
0.126429,2.8214,30.0,5,SC,0.292106,0.918312,0.2655195274429045,0.0555127379871405,0.0527585182943906,GPR
0.137143,2.8214,30.0,5,SC,0.290317,0.940875,0.2898929889554009,0.0621896940324536,0.0583679749887721,GPR
0.147857,2.8214,30.0,5,SC,0.288757,0.9452,0.3148316088633973,0.0693023202596536,0.0642656499918911,GPR
0.158571,2.8214,30.0,5,SC,0.287433,0.941911,0.3403667345946098,0.0768781438068387,0.0704737443187441,GPR
0.169286,2.8214,30.0,5,SC,0.286349,0.93838,0.3665311724803841,0.0849447992251045,0.077014574771215,GPR
0.18,2.8214,30.0,5,SC,0.285506,0.938671,0.3933488582912199,0.0935262224977547,0.0839075324330423,GPR
0.03,3.0,30.0,5,SC,0.303558,0.138136,0.0665301360208154,0.0109701336217035,0.011967370308351,GPR
0.040714,3.0,30.0,5,SC,0.304997,0.151299,0.0871591469673739,0.0147691118431046,0.0158255560173288,GPR
0.051429,3.0,30.0,5,SC,0.305077,0.170491,0.1081048454087395,0.0188236042560309,0.0198265841754177,GPR
0.062143,3.0,30.0,5,SC,0.304358,0.196122,0.1293833589694963,0.023142101375831,0.0239770167693537,GPR
0.072857,3.0,30.0,5,SC,0.303181,0.228403,0.151019443555247,0.0277374565718414,0.0282872599342008,GPR
0.083571,3.0,30.0,5,SC,0.301764,0.26708,0.1730383892289127,0.0326253053024461,0.0327699652934809,GPR
0.094286,3.0,30.0,5,SC,0.300252,0.311177,0.1954697303026674,0.0378247459614652,0.0374406540757777,GPR
0.105,3.0,30.0,5,SC,0.298744,0.358845,0.218338456582856,0.0433560907810373,0.0423157014338971,GPR
0.115714,3.0,30.0,5,SC,0.297304,0.407441,0.2416771621073271,0.0492434037935011,0.0474146302078575,GPR
0.126429,3.0,30.0,5,SC,0.295978,0.453857,0.2655195274429045,0.0555127379871405,0.0527585182943906,GPR
0.137143,3.0,30.0,5,SC,0.294797,0.49502,0.2898929889554009,0.0621896940324536,0.0583679749887721,GPR
0.147857,3.0,30.0,5,SC,0.293782,0.52836,0.3148316088633973,0.0693023202596536,0.0642656499918911,GPR
0.158571,3.0,30.0,5,SC,0.292946,0.552065,0.3403667345946098,0.0768781438068387,0.0704737443187441,GPR
0.169286,3.0,30.0,5,SC,0.292298,0.565117,0.3665311724803841,0.0849447992251045,0.077014574771215,GPR
0.18,3.0,30.0,5,SC,0.291842,0.567182,0.3933488582912199,0.0935262224977547,0.0839075324330423,GPR
0.03,0.5,33.3333,5,SC,0.028425,0.028966,0.0665301360208154,0.0109701336217035,0.011967370308351,GPR
0.040714,0.5,33.3333,5,SC,0.023021,0.023769,0.0871591469673739,0.0147691118431046,0.0158255560173288,GPR
0.051429,0.5,33.3333,5,SC,0.019512,0.020296,0.1081048454087395,0.0188236042560309,0.0198265841754177,GPR
0.062143,0.5,33.3333,5,SC,0.017049,0.017818,0.1293833589694963,0.023142101375831,0.0239770167693537,GPR
0.072857,0.5,33.3333,5,SC,0.015229,0.015968,0.151019443555247,0.0277374565718414,0.0282872599342008,GPR
0.083571,0.5,33.3333,5,SC,0.013832,0.014538,0.1730383892289127,0.0326253053024461,0.0327699652934809,GPR
0.094286,0.5,33.3333,5,SC,0.01273,0.013403,0.1954697303026674,0.0378247459614652,0.0374406540757777,GPR
0.105,0.5,33.3333,5,SC,0.011841,0.012485,0.218338456582856,0.0433560907810373,0.0423157014338971,GPR
0.115714,0.5,33.3333,5,SC,0.011112,0.011729,0.2416771621073271,0.0492434037935011,0.0474146302078575,GPR
0.126429,0.5,33.3333,5,SC,0.010506,0.011099,0.2655195274429045,0.0555127379871405,0.0527585182943906,GPR
0.137143,0.5,33.3333,5,SC,0.009996,0.010568,0.2898929889554009,0.0621896940324536,0.0583679749887721,GPR
0.147857,0.5,33.3333,5,SC,0.009564,0.010117,0.3148316088633973,0.0693023202596536,0.0642656499918911,GPR
0.158571,0.5,33.3333,5,SC,0.009195,0.009731,0.3403667345946098,0.0768781438068387,0.0704737443187441,GPR
0.169286,0.5,33.3333,5,SC,0.008879,0.0094,0.3665311724803841,0.0849447992251045,0.077014574771215,GPR
0.18,0.5,33.3333,5,SC,0.008607,0.009115,0.3933488582912199,0.0935262224977547,0.0839075324330423,GPR
0.03,0.6786,33.3333,5,SC,0.040518,0.036158,0.0665301360208154,0.0109701336217035,0.011967370308351,GPR
0.040714,0.6786,33.3333,5,SC,0.031865,0.030033,0.0871591469673739,0.0147691118431046,0.0158255560173288,GPR
0.051429,0.6786,33.3333,5,SC,0.026674,0.025876,0.1081048454087395,0.0188236042560309,0.0198265841754177,GPR
0.062143,0.6786,33.3333,5,SC,0.023186,0.022874,0.1293833589694963,0.023142101375831,0.0239770167693537,GPR
0.072857,0.6786,33.3333,5,SC,0.020667,0.02061,0.151019443555247,0.0277374565718414,0.0282872599342008,GPR
0.083571,0.6786,33.3333,5,SC,0.018759,0.018847,0.1730383892289127,0.0326253053024461,0.0327699652934809,GPR
0.094286,0.6786,33.3333,5,SC,0.017264,0.01744,0.1954697303026674,0.0378247459614652,0.0374406540757777,GPR
0.105,0.6786,33.3333,5,SC,0.016065,0.016295,0.218338456582856,0.0433560907810373,0.0423157014338971,GPR
0.115714,0.6786,33.3333,5,SC,0.015086,0.015349,0.2416771621073271,0.0492434037935011,0.0474146302078575,GPR
0.126429,0.6786,33.3333,5,SC,0.014273,0.014558,0.2655195274429045,0.0555127379871405,0.0527585182943906,GPR
0.137143,0.6786,33.3333,5,SC,0.013592,0.01389,0.2898929889554009,0.0621896940324536,0.0583679749887721,GPR
0.147857,0.6786,33.3333,5,SC,0.013016,0.013322,0.3148316088633973,0.0693023202596536,0.0642656499918911,GPR
0.158571,0.6786,33.3333,5,SC,0.012525,0.012836,0.3403667345946098,0.0768781438068387,0.0704737443187441,GPR
0.169286,0.6786,33.3333,5,SC,0.012106,0.012419,0.3665311724803841,0.0849447992251045,0.077014574771215,GPR
0.18,0.6786,33.3333,5,SC,0.011746,0.01206,0.3933488582912199,0.0935262224977547,0.0839075324330423,GPR
0.03,0.8571,33.3333,5,SC,0.064162,0.044347,0.0665301360208154,0.0109701336217035,0.011967370308351,GPR
0.040714,0.8571,33.3333,5,SC,0.049005,0.036867,0.0871591469673739,0.0147691118431046,0.0158255560173288,GPR
0.051429,0.8571,33.3333,5,SC,0.039124,0.031839,0.1081048454087395,0.0188236042560309,0.0198265841754177,GPR
0.062143,0.8571,33.3333,5,SC,0.032771,0.028218,0.1293833589694963,0.023142101375831,0.0239770167693537,GPR
0.072857,0.8571,33.3333,5,SC,0.02844,0.025487,0.151019443555247,0.0277374565718414,0.0282872599342008,GPR
0.083571,0.8571,33.3333,5,SC,0.025361,0.023358,0.1730383892289127,0.0326253053024461,0.0327699652934809,GPR
0.094286,0.8571,33.3333,5,SC,0.023075,0.021658,0.1954697303026674,0.0378247459614652,0.0374406540757777,GPR
0.105,0.8571,33.3333,5,SC,0.021312,0.020273,0.218338456582856,0.0433560907810373,0.0423157014338971,GPR
0.115714,0.8571,33.3333,5,SC,0.019911,0.019128,0.2416771621073271,0.0492434037935011,0.0474146302078575,GPR
0.126429,0.8571,33.3333,5,SC,0.018775,0.01817,0.2655195274429045,0.0555127379871405,0.0527585182943906,GPR
0.137143,0.8571,33.3333,5,SC,0.017837,0.017361,0.2898929889554009,0.0621896940324536,0.0583679749887721,GPR
0.147857,0.8571,33.3333,5,SC,0.017055,0.016674,0.3148316088633973,0.0693023202596536,0.0642656499918911,GPR
0.158571,0.8571,33.3333,5,SC,0.016396,0.016086,0.3403667345946098,0.0768781438068387,0.0704737443187441,GPR
0.169286,0.8571,33.3333,5,SC,0.015839,0.015582,0.3665311724803841,0.0849447992251045,0.077014574771215,GPR
0.18,0.8571,33.3333,5,SC,0.015366,0.015149,0.3933488582912199,0.0935262224977547,0.0839075324330423,GPR
0.03,1.0357,33.3333,5,SC,0.096393,0.055407,0.0665301360208154,0.0109701336217035,0.011967370308351,GPR
0.040714,1.0357,33.3333,5,SC,0.074918,0.045405,0.0871591469673739,0.0147691118431046,0.0158255560173288,GPR
0.051429,1.0357,33.3333,5,SC,0.062027,0.038978,0.1081048454087395,0.0188236042560309,0.0198265841754177,GPR
0.062143,1.0357,33.3333,5,SC,0.052521,0.034454,0.1293833589694963,0.023142101375831,0.0239770167693537,GPR
0.072857,1.0357,33.3333,5,SC,0.044833,0.031086,0.151019443555247,0.0277374565718414,0.0282872599342008,GPR
0.083571,1.0357,33.3333,5,SC,0.038863,0.028482,0.1730383892289127,0.0326253053024461,0.0327699652934809,GPR
0.094286,1.0357,33.3333,5,SC,0.034435,0.026413,0.1954697303026674,0.0378247459614652,0.0374406540757777,GPR
0.105,1.0357,33.3333,5,SC,0.031112,0.024735,0.218338456582856,0.0433560907810373,0.0423157014338971,GPR
0.115714,1.0357,33.3333,5,SC,0.028537,0.023352,0.2416771621073271,0.0492434037935011,0.0474146302078575,GPR
0.126429,1.0357,33.3333,5,SC,0.026496,0.022199,0.2655195274429045,0.0555127379871405,0.0527585182943906,GPR
0.137143,1.0357,33.3333,5,SC,0.024858,0.021227,0.2898929889554009,0.0621896940324536,0.0583679749887721,GPR
0.147857,1.0357,33.3333,5,SC,0.023532,0.020403,0.3148316088633973,0.0693023202596536,0.0642656499918911,GPR
0.158571,1.0357,33.3333,5,SC,0.022451,0.019701,0.3403667345946098,0.0768781438068387,0.0704737443187441,GPR
0.169286,1.0357,33.3333,5,SC,0.021565,0.019101,0.3665311724803841,0.0849447992251045,0.077014574771215,GPR
0.18,1.0357,33.3333,5,SC,0.020836,0.018587,0.3933488582912199,0.0935262224977547,0.0839075324330423,GPR
0.03,1.2143,33.3333,5,SC,0.136636,0.073953,0.0665301360208154,0.0109701336217035,0.011967370308351,GPR
0.040714,1.2143,33.3333,5,SC,0.112762,0.057797,0.0871591469673739,0.0147691118431046,0.0158255560173288,GPR
0.051429,1.2143,33.3333,5,SC,0.091526,0.048567,0.1081048454087395,0.0188236042560309,0.0198265841754177,GPR
0.062143,1.2143,33.3333,5,SC,0.076822,0.042445,0.1293833589694963,0.023142101375831,0.0239770167693537,GPR
0.072857,1.2143,33.3333,5,SC,0.067123,0.038045,0.151019443555247,0.0277374565718414,0.0282872599342008,GPR
0.083571,1.2143,33.3333,5,SC,0.060119,0.034719,0.1730383892289127,0.0326253053024461,0.0327699652934809,GPR
0.094286,1.2143,33.3333,5,SC,0.054623,0.032116,0.1954697303026674,0.0378247459614652,0.0374406540757777,GPR
0.105,1.2143,33.3333,5,SC,0.050058,0.030029,0.218338456582856,0.0433560907810373,0.0423157014338971,GPR
0.115714,1.2143,33.3333,5,SC,0.046141,0.028325,0.2416771621073271,0.0492434037935011,0.0474146302078575,GPR
0.126429,1.2143,33.3333,5,SC,0.042754,0.026913,0.2655195274429045,0.0555127379871405,0.0527585182943906,GPR
0.137143,1.2143,33.3333,5,SC,0.039854,0.025732,0.2898929889554009,0.0621896940324536,0.0583679749887721,GPR
0.147857,1.2143,33.3333,5,SC,0.037417,0.024736,0.3148316088633973,0.0693023202596536,0.0642656499918911,GPR
0.158571,1.2143,33.3333,5,SC,0.035403,0.023893,0.3403667345946098,0.0768781438068387,0.0704737443187441,GPR
0.169286,1.2143,33.3333,5,SC,0.033758,0.023177,0.3665311724803841,0.0849447992251045,0.077014574771215,GPR
0.18,1.2143,33.3333,5,SC,0.032425,0.022568,0.3933488582912199,0.0935262224977547,0.0839075324330423,GPR
0.03,1.3929,33.3333,5,SC,0.163441,0.123036,0.0665301360208154,0.0109701336217035,0.011967370308351,GPR
0.040714,1.3929,33.3333,5,SC,0.14467,0.08115,0.0871591469673739,0.0147691118431046,0.0158255560173288,GPR
0.051429,1.3929,33.3333,5,SC,0.128727,0.064007,0.1081048454087395,0.0188236042560309,0.0198265841754177,GPR
0.062143,1.3929,33.3333,5,SC,0.113988,0.05422,0.1293833589694963,0.023142101375831,0.0239770167693537,GPR
0.072857,1.3929,33.3333,5,SC,0.099942,0.047738,0.151019443555247,0.0277374565718414,0.0282872599342008,GPR
0.083571,1.3929,33.3333,5,SC,0.08769,0.043081,0.1730383892289127,0.0326253053024461,0.0327699652934809,GPR
0.094286,1.3929,33.3333,5,SC,0.078243,0.03956,0.1954697303026674,0.0378247459614652,0.0374406540757777,GPR
0.105,1.3929,33.3333,5,SC,0.071262,0.036805,0.218338456582856,0.0433560907810373,0.0423157014338971,GPR
0.115714,1.3929,33.3333,5,SC,0.066001,0.034597,0.2416771621073271,0.0492434037935011,0.0474146302078575,GPR
0.126429,1.3929,33.3333,5,SC,0.061901,0.032795,0.2655195274429045,0.0555127379871405,0.0527585182943906,GPR
0.137143,1.3929,33.3333,5,SC,0.058612,0.031307,0.2898929889554009,0.0621896940324536,0.0583679749887721,GPR
0.147857,1.3929,33.3333,5,SC,0.055921,0.030066,0.3148316088633973,0.0693023202596536,0.0642656499918911,GPR
0.158571,1.3929,33.3333,5,SC,0.053691,0.029026,0.3403667345946098,0.0768781438068387,0.0704737443187441,GPR
0.169286,1.3929,33.3333,5,SC,0.051832,0.028152,0.3665311724803841,0.0849447992251045,0.077014574771215,GPR
0.18,1.3929,33.3333,5,SC,0.050282,0.027417,0.3933488582912199,0.0935262224977547,0.0839075324330423,GPR
0.03,1.5714,33.3333,5,SC,0.185707,0.364452,0.0665301360208154,0.0109701336217035,0.011967370308351,GPR
0.040714,1.5714,33.3333,5,SC,0.167494,0.165022,0.0871591469673739,0.0147691118431046,0.0158255560173288,GPR
0.051429,1.5714,33.3333,5,SC,0.153091,0.100249,0.1081048454087395,0.0188236042560309,0.0198265841754177,GPR
0.062143,1.5714,33.3333,5,SC,0.141151,0.076676,0.1293833589694963,0.023142101375831,0.0239770167693537,GPR
0.072857,1.5714,33.3333,5,SC,0.130868,0.064166,0.151019443555247,0.0277374565718414,0.0282872599342008,GPR
0.083571,1.5714,33.3333,5,SC,0.121703,0.056231,0.1730383892289127,0.0326253053024461,0.0327699652934809,GPR
0.094286,1.5714,33.3333,5,SC,0.113297,0.050685,0.1954697303026674,0.0378247459614652,0.0374406540757777,GPR
0.105,1.5714,33.3333,5,SC,0.105462,0.046571,0.218338456582856,0.0433560907810373,0.0423157014338971,GPR
0.115714,1.5714,33.3333,5,SC,0.098202,0.0434,0.2416771621073271,0.0492434037935011,0.0474146302078575,GPR
0.126429,1.5714,33.3333,5,SC,0.091659,0.040889,0.2655195274429045,0.0555127379871405,0.0527585182943906,GPR
0.137143,1.5714,33.3333,5,SC,0.085988,0.038864,0.2898929889554009,0.0621896940324536,0.0583679749887721,GPR
0.147857,1.5714,33.3333,5,SC,0.081242,0.03721,0.3148316088633973,0.0693023202596536,0.0642656499918911,GPR
0.158571,1.5714,33.3333,5,SC,0.07736,0.035849,0.3403667345946098,0.0768781438068387,0.0704737443187441,GPR
0.169286,1.5714,33.3333,5,SC,0.074226,0.034725,0.3665311724803841,0.0849447992251045,0.077014574771215,GPR
0.18,1.5714,33.3333,5,SC,0.071721,0.033798,0.3933488582912199,0.0935262224977547,0.0839075324330423,GPR
0.03,1.75,33.3333,5,SC,0.207263,0.338051,0.0665301360208154,0.0109701336217035,0.011967370308351,GPR
0.040714,1.75,33.3333,5,SC,0.188036,0.294972,0.0871591469673739,0.0147691118431046,0.0158255560173288,GPR
0.051429,1.75,33.3333,5,SC,0.173392,0.310939,0.1081048454087395,0.0188236042560309,0.0198265841754177,GPR
0.062143,1.75,33.3333,5,SC,0.161648,0.158841,0.1293833589694963,0.023142101375831,0.0239770167693537,GPR
0.072857,1.75,33.3333,5,SC,0.151919,0.107357,0.151019443555247,0.0277374565718414,0.0282872599342008,GPR
0.083571,1.75,33.3333,5,SC,0.143678,0.084841,0.1730383892289127,0.0326253053024461,0.0327699652934809,GPR
0.094286,1.75,33.3333,5,SC,0.136582,0.072203,0.1954697303026674,0.0378247459614652,0.0374406540757777,GPR
0.105,1.75,33.3333,5,SC,0.130398,0.064037,0.218338456582856,0.0433560907810373,0.0423157014338971,GPR
0.115714,1.75,33.3333,5,SC,0.124963,0.058302,0.2416771621073271,0.0492434037935011,0.0474146302078575,GPR
0.126429,1.75,33.3333,5,SC,0.12016,0.054055,0.2655195274429045,0.0555127379871405,0.0527585182943906,GPR
0.137143,1.75,33.3333,5,SC,0.11591,0.050801,0.2898929889554009,0.0621896940324536,0.0583679749887721,GPR
0.147857,1.75,33.3333,5,SC,0.112158,0.048251,0.3148316088633973,0.0693023202596536,0.0642656499918911,GPR
0.158571,1.75,33.3333,5,SC,0.108868,0.046225,0.3403667345946098,0.0768781438068387,0.0704737443187441,GPR
0.169286,1.75,33.3333,5,SC,0.106013,0.044604,0.3665311724803841,0.0849447992251045,0.077014574771215,GPR
0.18,1.75,33.3333,5,SC,0.103574,0.04331,0.3933488582912199,0.0935262224977547,0.0839075324330423,GPR
0.03,1.9286,33.3333,5,SC,0.230256,0.88385,0.0665301360208154,0.0109701336217035,0.011967370308351,GPR
0.040714,1.9286,33.3333,5,SC,0.208968,0.45817,0.0871591469673739,0.0147691118431046,0.0158255560173288,GPR
0.051429,1.9286,33.3333,5,SC,0.192996,0.263969,0.1081048454087395,0.0188236042560309,0.0198265841754177,GPR
0.062143,1.9286,33.3333,5,SC,0.180576,0.290022,0.1293833589694963,0.023142101375831,0.0239770167693537,GPR
0.072857,1.9286,33.3333,5,SC,0.170537,0.360577,0.151019443555247,0.0277374565718414,0.0282872599342008,GPR
0.083571,1.9286,33.3333,5,SC,0.162198,0.232669,0.1730383892289127,0.0326253053024461,0.0327699652934809,GPR
0.094286,1.9286,33.3333,5,SC,0.155147,0.152892,0.1954697303026674,0.0378247459614652,0.0374406540757777,GPR
0.105,1.9286,33.3333,5,SC,0.14911,0.116324,0.218338456582856,0.0433560907810373,0.0423157014338971,GPR
0.115714,1.9286,33.3333,5,SC,0.1439,0.096709,0.2416771621073271,0.0492434037935011,0.0474146302078575,GPR
0.126429,1.9286,33.3333,5,SC,0.139382,0.084689,0.2655195274429045,0.0555127379871405,0.0527585182943906,GPR
0.137143,1.9286,33.3333,5,SC,0.135454,0.076645,0.2898929889554009,0.0621896940324536,0.0583679749887721,GPR
0.147857,1.9286,33.3333,5,SC,0.13204,0.070949,0.3148316088633973,0.0693023202596536,0.0642656499918911,GPR
0.158571,1.9286,33.3333,5,SC,0.129078,0.066774,0.3403667345946098,0.0768781438068387,0.0704737443187441,GPR
0.169286,1.9286,33.3333,5,SC,0.126522,0.063656,0.3665311724803841,0.0849447992251045,0.077014574771215,GPR
0.18,1.9286,33.3333,5,SC,0.124331,0.061319,0.3933488582912199,0.0935262224977547,0.0839075324330423,GPR
0.03,2.1071,33.3333,5,SC,0.252002,0.30598,0.0665301360208154,0.0109701336217035,0.011967370308351,GPR
0.040714,2.1071,33.3333,5,SC,0.231652,0.700936,0.0871591469673739,0.0147691118431046,0.0158255560173288,GPR
0.051429,2.1071,33.3333,5,SC,0.214091,0.779564,0.1081048454087395,0.0188236042560309,0.0198265841754177,GPR
0.062143,2.1071,33.3333,5,SC,0.200173,0.40467,0.1293833589694963,0.023142101375831,0.0239770167693537,GPR
0.072857,2.1071,33.3333,5,SC,0.189134,0.267348,0.151019443555247,0.0277374565718414,0.0282872599342008,GPR
0.083571,2.1071,33.3333,5,SC,0.180171,0.23967,0.1730383892289127,0.0326253053024461,0.0327699652934809,GPR
0.094286,2.1071,33.3333,5,SC,0.172732,0.280981,0.1954697303026674,0.0378247459614652,0.0374406540757777,GPR
0.105,2.1071,33.3333,5,SC,0.166457,0.351946,0.218338456582856,0.0433560907810373,0.0423157014338971,GPR
0.115714,2.1071,33.3333,5,SC,0.161105,0.339558,0.2416771621073271,0.0492434037935011,0.0474146302078575,GPR
0.126429,2.1071,33.3333,5,SC,0.156508,0.266764,0.2655195274429045,0.0555127379871405,0.0527585182943906,GPR
0.137143,2.1071,33.3333,5,SC,0.152544,0.208275,0.2898929889554009,0.0621896940324536,0.0583679749887721,GPR
0.147857,2.1071,33.3333,5,SC,0.149122,0.171471,0.3148316088633973,0.0693023202596536,0.0642656499918911,GPR
0.158571,2.1071,33.3333,5,SC,0.146171,0.148513,0.3403667345946098,0.0768781438068387,0.0704737443187441,GPR
0.169286,2.1071,33.3333,5,SC,0.143636,0.133782,0.3665311724803841,0.0849447992251045,0.077014574771215,GPR
0.18,2.1071,33.3333,5,SC,0.141474,0.124175,0.3933488582912199,0.0935262224977547,0.0839075324330423,GPR
0.03,2.2857,33.3333,5,SC,0.266023,0.217844,0.0665301360208154,0.0109701336217035,0.011967370308351,GPR
0.040714,2.2857,33.3333,5,SC,0.2516,0.251432,0.0871591469673739,0.0147691118431046,0.0158255560173288,GPR
0.051429,2.2857,33.3333,5,SC,0.236298,0.412409,0.1081048454087395,0.0188236042560309,0.0198265841754177,GPR
0.062143,2.2857,33.3333,5,SC,0.221965,0.77744,0.1293833589694963,0.023142101375831,0.0239770167693537,GPR
0.072857,2.2857,33.3333,5,SC,0.209703,0.84706,0.151019443555247,0.0277374565718414,0.0282872599342008,GPR
0.083571,2.2857,33.3333,5,SC,0.199594,0.547579,0.1730383892289127,0.0326253053024461,0.0327699652934809,GPR
0.094286,2.2857,33.3333,5,SC,0.191284,0.363637,0.1954697303026674,0.0378247459614652,0.0374406540757777,GPR
0.105,2.2857,33.3333,5,SC,0.184386,0.277039,0.218338456582856,0.0433560907810373,0.0423157014338971,GPR
0.115714,2.2857,33.3333,5,SC,0.178597,0.237525,0.2416771621073271,0.0492434037935011,0.0474146302078575,GPR
0.126429,2.2857,33.3333,5,SC,0.173697,0.223314,0.2655195274429045,0.0555127379871405,0.0527585182943906,GPR
0.137143,2.2857,33.3333,5,SC,0.169527,0.224816,0.2898929889554009,0.0621896940324536,0.0583679749887721,GPR
0.147857,2.2857,33.3333,5,SC,0.16597,0.236306,0.3148316088633973,0.0693023202596536,0.0642656499918911,GPR
0.158571,2.2857,33.3333,5,SC,0.162938,0.252675,0.3403667345946098,0.0768781438068387,0.0704737443187441,GPR
0.169286,2.2857,33.3333,5,SC,0.160366,0.268957,0.3665311724803841,0.0849447992251045,0.077014574771215,GPR
0.18,2.2857,33.3333,5,SC,0.158202,0.281376,0.3933488582912199,0.0935262224977547,0.0839075324330423,GPR
0.03,2.4643,33.3333,5,SC,0.272781,0.265631,0.0665301360208154,0.0109701336217035,0.011967370308351,GPR
0.040714,2.4643,33.3333,5,SC,0.263615,0.214433,0.0871591469673739,0.0147691118431046,0.0158255560173288,GPR
0.051429,2.4643,33.3333,5,SC,0.25326,0.213333,0.1081048454087395,0.0188236042560309,0.0198265841754177,GPR
0.062143,2.4643,33.3333,5,SC,0.242317,0.257114,0.1293833589694963,0.023142101375831,0.0239770167693537,GPR
0.072857,2.4643,33.3333,5,SC,0.231473,0.366508,0.151019443555247,0.0277374565718414,0.0282872599342008,GPR
0.083571,2.4643,33.3333,5,SC,0.22139,0.573655,0.1730383892289127,0.0326253053024461,0.0327699652934809,GPR
0.094286,2.4643,33.3333,5,SC,0.212476,0.825736,0.1954697303026674,0.0378247459614652,0.0374406540757777,GPR
0.105,2.4643,33.3333,5,SC,0.204829,0.891419,0.218338456582856,0.0433560907810373,0.0423157014338971,GPR
0.115714,2.4643,33.3333,5,SC,0.198359,0.749019,0.2416771621073271,0.0492434037935011,0.0474146302078575,GPR
0.126429,2.4643,33.3333,5,SC,0.192911,0.586874,0.2655195274429045,0.0555127379871405,0.0527585182943906,GPR
0.137143,2.4643,33.3333,5,SC,0.188327,0.47166,0.2898929889554009,0.0621896940324536,0.0583679749887721,GPR
0.147857,2.4643,33.3333,5,SC,0.184479,0.397321,0.3148316088633973,0.0693023202596536,0.0642656499918911,GPR
0.158571,2.4643,33.3333,5,SC,0.181259,0.349853,0.3403667345946098,0.0768781438068387,0.0704737443187441,GPR
0.169286,2.4643,33.3333,5,SC,0.178589,0.319557,0.3665311724803841,0.0849447992251045,0.077014574771215,GPR
0.18,2.4643,33.3333,5,SC,0.176404,0.300646,0.3933488582912199,0.0935262224977547,0.0839075324330423,GPR
0.03,2.6429,33.3333,5,SC,0.275168,0.417865,0.0665301360208154,0.0109701336217035,0.011967370308351,GPR
0.040714,2.6429,33.3333,5,SC,0.269393,0.282924,0.0871591469673739,0.0147691118431046,0.0158255560173288,GPR
0.051429,2.6429,33.3333,5,SC,0.262679,0.224306,0.1081048454087395,0.0188236042560309,0.0198265841754177,GPR
0.062143,2.6429,33.3333,5,SC,0.255442,0.202119,0.1293833589694963,0.023142101375831,0.0239770167693537,GPR
0.072857,2.6429,33.3333,5,SC,0.247967,0.202307,0.151019443555247,0.0277374565718414,0.0282872599342008,GPR
0.083571,2.6429,33.3333,5,SC,0.240504,0.221142,0.1730383892289127,0.0326253053024461,0.0327699652934809,GPR
0.094286,2.6429,33.3333,5,SC,0.233295,0.259424,0.1954697303026674,0.0378247459614652,0.0374406540757777,GPR
0.105,2.6429,33.3333,5,SC,0.226555,0.319681,0.218338456582856,0.0433560907810373,0.0423157014338971,GPR
0.115714,2.6429,33.3333,5,SC,0.220442,0.403168,0.2416771621073271,0.0492434037935011,0.0474146302078575,GPR
0.126429,2.6429,33.3333,5,SC,0.215041,0.50568,0.2655195274429045,0.0555127379871405,0.0527585182943906,GPR
0.137143,2.6429,33.3333,5,SC,0.210371,0.614399,0.2898929889554009,0.0621896940324536,0.0583679749887721,GPR
0.147857,2.6429,33.3333,5,SC,0.20641,0.710942,0.3148316088633973,0.0693023202596536,0.0642656499918911,GPR
0.158571,2.6429,33.3333,5,SC,0.203116,0.781151,0.3403667345946098,0.0768781438068387,0.0704737443187441,GPR
0.169286,2.6429,33.3333,5,SC,0.200441,0.822269,0.3665311724803841,0.0849447992251045,0.077014574771215,GPR
0.18,2.6429,33.3333,5,SC,0.19834,0.840504,0.3933488582912199,0.0935262224977547,0.0839075324330423,GPR
0.03,2.8214,33.3333,5,SC,0.274916,0.689215,0.0665301360208154,0.0109701336217035,0.011967370308351,GPR
0.040714,2.8214,33.3333,5,SC,0.271468,0.464242,0.0871591469673739,0.0147691118431046,0.0158255560173288,GPR
0.051429,2.8214,33.3333,5,SC,0.267136,0.327907,0.1081048454087395,0.0188236042560309,0.0198265841754177,GPR
0.062143,2.8214,33.3333,5,SC,0.262345,0.25652,0.1293833589694963,0.023142101375831,0.0239770167693537,GPR
0.072857,2.8214,33.3333,5,SC,0.257358,0.218771,0.151019443555247,0.0277374565718414,0.0282872599342008,GPR
0.083571,2.8214,33.3333,5,SC,0.252353,0.199485,0.1730383892289127,0.0326253053024461,0.0327699652934809,GPR
0.094286,2.8214,33.3333,5,SC,0.24746,0.191486,0.1954697303026674,0.0378247459614652,0.0374406540757777,GPR
0.105,2.8214,33.3333,5,SC,0.242786,0.19106,0.218338456582856,0.0433560907810373,0.0423157014338971,GPR
0.115714,2.8214,33.3333,5,SC,0.23842,0.195961,0.2416771621073271,0.0492434037935011,0.0474146302078575,GPR
0.126429,2.8214,33.3333,5,SC,0.234433,0.204504,0.2655195274429045,0.0555127379871405,0.0527585182943906,GPR
0.137143,2.8214,33.3333,5,SC,0.23088,0.215148,0.2898929889554009,0.0621896940324536,0.0583679749887721,GPR
0.147857,2.8214,33.3333,5,SC,0.227798,0.22634,0.3148316088633973,0.0693023202596536,0.0642656499918911,GPR
0.158571,2.8214,33.3333,5,SC,0.225207,0.236549,0.3403667345946098,0.0768781438068387,0.0704737443187441,GPR
0.169286,2.8214,33.3333,5,SC,0.223117,0.244402,0.3665311724803841,0.0849447992251045,0.077014574771215,GPR
0.18,2.8214,33.3333,5,SC,0.221524,0.248867,0.3933488582912199,0.0935262224977547,0.0839075324330423,GPR
0.03,3.0,33.3333,5,SC,0.272936,0.74228,0.0665301360208154,0.0109701336217035,0.011967370308351,GPR
0.040714,3.0,33.3333,5,SC,0.271236,0.73996,0.0871591469673739,0.0147691118431046,0.0158255560173288,GPR
0.051429,3.0,33.3333,5,SC,0.268617,0.561649,0.1081048454087395,0.0188236042560309,0.0198265841754177,GPR
0.062143,3.0,33.3333,5,SC,0.265503,0.416204,0.1293833589694963,0.023142101375831,0.0239770167693537,GPR
0.072857,3.0,33.3333,5,SC,0.262162,0.326008,0.151019443555247,0.0277374565718414,0.0282872599342008,GPR
0.083571,3.0,33.3333,5,SC,0.258769,0.271231,0.1730383892289127,0.0326253053024461,0.0327699652934809,GPR
0.094286,3.0,33.3333,5,SC,0.255443,0.237163,0.1954697303026674,0.0378247459614652,0.0374406540757777,GPR
0.105,3.0,33.3333,5,SC,0.252269,0.215508,0.218338456582856,0.0433560907810373,0.0423157014338971,GPR
0.115714,3.0,33.3333,5,SC,0.249312,0.201598,0.2416771621073271,0.0492434037935011,0.0474146302078575,GPR
0.126429,3.0,33.3333,5,SC,0.246617,0.192666,0.2655195274429045,0.0555127379871405,0.0527585182943906,GPR
0.137143,3.0,33.3333,5,SC,0.244222,0.186968,0.2898929889554009,0.0621896940324536,0.0583679749887721,GPR
0.147857,3.0,33.3333,5,SC,0.24215,0.183341,0.3148316088633973,0.0693023202596536,0.0642656499918911,GPR
0.158571,3.0,33.3333,5,SC,0.240419,0.180992,0.3403667345946098,0.0768781438068387,0.0704737443187441,GPR
0.169286,3.0,33.3333,5,SC,0.239036,0.179388,0.3665311724803841,0.0849447992251045,0.077014574771215,GPR
0.18,3.0,33.3333,5,SC,0.238003,0.178198,0.3933488582912199,0.0935262224977547,0.0839075324330423,GPR
0.03,0.5,36.6667,5,SC,0.021206,0.022003,0.0665301360208154,0.0109701336217035,0.011967370308351,GPR
0.040714,0.5,36.6667,5,SC,0.017224,0.018014,0.0871591469673739,0.0147691118431046,0.0158255560173288,GPR
0.051429,0.5,36.6667,5,SC,0.014614,0.015355,0.1081048454087395,0.0188236042560309,0.0198265841754177,GPR
0.062143,0.5,36.6667,5,SC,0.012774,0.013463,0.1293833589694963,0.023142101375831,0.0239770167693537,GPR
0.072857,0.5,36.6667,5,SC,0.011412,0.012052,0.151019443555247,0.0277374565718414,0.0282872599342008,GPR
0.083571,0.5,36.6667,5,SC,0.010365,0.010964,0.1730383892289127,0.0326253053024461,0.0327699652934809,GPR
0.094286,0.5,36.6667,5,SC,0.009538,0.010101,0.1954697303026674,0.0378247459614652,0.0374406540757777,GPR
0.105,0.5,36.6667,5,SC,0.008871,0.009403,0.218338456582856,0.0433560907810373,0.0423157014338971,GPR
0.115714,0.5,36.6667,5,SC,0.008323,0.008829,0.2416771621073271,0.0492434037935011,0.0474146302078575,GPR
0.126429,0.5,36.6667,5,SC,0.007868,0.008351,0.2655195274429045,0.0555127379871405,0.0527585182943906,GPR
0.137143,0.5,36.6667,5,SC,0.007485,0.007948,0.2898929889554009,0.0621896940324536,0.0583679749887721,GPR
0.147857,0.5,36.6667,5,SC,0.00716,0.007607,0.3148316088633973,0.0693023202596536,0.0642656499918911,GPR
0.158571,0.5,36.6667,5,SC,0.006882,0.007314,0.3403667345946098,0.0768781438068387,0.0704737443187441,GPR
0.169286,0.5,36.6667,5,SC,0.006644,0.007063,0.3665311724803841,0.0849447992251045,0.077014574771215,GPR
0.18,0.5,36.6667,5,SC,0.006439,0.006847,0.3933488582912199,0.0935262224977547,0.0839075324330423,GPR
0.03,0.6786,36.6667,5,SC,0.027787,0.027001,0.0665301360208154,0.0109701336217035,0.011967370308351,GPR
0.040714,0.6786,36.6667,5,SC,0.022558,0.022469,0.0871591469673739,0.0147691118431046,0.0158255560173288,GPR
0.051429,0.6786,36.6667,5,SC,0.019194,0.019371,0.1081048454087395,0.0188236042560309,0.0198265841754177,GPR
0.062143,0.6786,36.6667,5,SC,0.016833,0.017126,0.1293833589694963,0.023142101375831,0.0239770167693537,GPR
0.072857,0.6786,36.6667,5,SC,0.015084,0.01543,0.151019443555247,0.0277374565718414,0.0282872599342008,GPR
0.083571,0.6786,36.6667,5,SC,0.013738,0.014107,0.1730383892289127,0.0326253053024461,0.0327699652934809,GPR
0.094286,0.6786,36.6667,5,SC,0.012672,0.013051,0.1954697303026674,0.0378247459614652,0.0374406540757777,GPR
0.105,0.6786,36.6667,5,SC,0.011811,0.012191,0.218338456582856,0.0433560907810373,0.0423157014338971,GPR
0.115714,0.6786,36.6667,5,SC,0.011104,0.011481,0.2416771621073271,0.0492434037935011,0.0474146302078575,GPR
0.126429,0.6786,36.6667,5,SC,0.010514,0.010886,0.2655195274429045,0.0555127379871405,0.0527585182943906,GPR
0.137143,0.6786,36.6667,5,SC,0.010018,0.010384,0.2898929889554009,0.0621896940324536,0.0583679749887721,GPR
0.147857,0.6786,36.6667,5,SC,0.009597,0.009956,0.3148316088633973,0.0693023202596536,0.0642656499918911,GPR
0.158571,0.6786,36.6667,5,SC,0.009238,0.009591,0.3403667345946098,0.0768781438068387,0.0704737443187441,GPR
0.169286,0.6786,36.6667,5,SC,0.008929,0.009276,0.3665311724803841,0.0849447992251045,0.077014574771215,GPR
0.18,0.6786,36.6667,5,SC,0.008664,0.009005,0.3933488582912199,0.0935262224977547,0.0839075324330423,GPR
0.03,0.8571,36.6667,5,SC,0.038717,0.032049,0.0665301360208154,0.0109701336217035,0.011967370308351,GPR
0.040714,0.8571,36.6667,5,SC,0.029873,0.026911,0.0871591469673739,0.0147691118431046,0.0158255560173288,GPR
0.051429,0.8571,36.6667,5,SC,0.024809,0.023363,0.1081048454087395,0.0188236042560309,0.0198265841754177,GPR
0.062143,0.8571,36.6667,5,SC,0.021522,0.020769,0.1293833589694963,0.023142101375831,0.0239770167693537,GPR
0.072857,0.8571,36.6667,5,SC,0.019185,0.018795,0.151019443555247,0.0277374565718414,0.0282872599342008,GPR
0.083571,0.8571,36.6667,5,SC,0.017427,0.017246,0.1730383892289127,0.0326253053024461,0.0327699652934809,GPR
0.094286,0.8571,36.6667,5,SC,0.016055,0.016004,0.1954697303026674,0.0378247459614652,0.0374406540757777,GPR
0.105,0.8571,36.6667,5,SC,0.014955,0.014988,0.218338456582856,0.0433560907810373,0.0423157014338971,GPR
0.115714,0.8571,36.6667,5,SC,0.014058,0.014146,0.2416771621073271,0.0492434037935011,0.0474146302078575,GPR
0.126429,0.8571,36.6667,5,SC,0.013314,0.01344,0.2655195274429045,0.0555127379871405,0.0527585182943906,GPR
0.137143,0.8571,36.6667,5,SC,0.01269,0.012843,0.2898929889554009,0.0621896940324536,0.0583679749887721,GPR
0.147857,0.8571,36.6667,5,SC,0.012163,0.012334,0.3148316088633973,0.0693023202596536,0.0642656499918911,GPR
0.158571,0.8571,36.6667,5,SC,0.011715,0.011898,0.3403667345946098,0.0768781438068387,0.0704737443187441,GPR
0.169286,0.8571,36.6667,5,SC,0.011331,0.011523,0.3665311724803841,0.0849447992251045,0.077014574771215,GPR
0.18,0.8571,36.6667,5,SC,0.011003,0.0112,0.3933488582912199,0.0935262224977547,0.0839075324330423,GPR
0.03,1.0357,36.6667,5,SC,0.059885,0.037735,0.0665301360208154,0.0109701336217035,0.011967370308351,GPR
0.040714,1.0357,36.6667,5,SC,0.044957,0.03176,0.0871591469673739,0.0147691118431046,0.0158255560173288,GPR
0.051429,1.0357,36.6667,5,SC,0.035401,0.027654,0.1081048454087395,0.0188236042560309,0.0198265841754177,GPR
0.062143,1.0357,36.6667,5,SC,0.029428,0.024654,0.1293833589694963,0.023142101375831,0.0239770167693537,GPR
0.072857,1.0357,36.6667,5,SC,0.025395,0.022368,0.151019443555247,0.0277374565718414,0.0282872599342008,GPR
0.083571,1.0357,36.6667,5,SC,0.022596,0.020572,0.1730383892289127,0.0326253053024461,0.0327699652934809,GPR
0.094286,1.0357,36.6667,5,SC,0.020556,0.019129,0.1954697303026674,0.0378247459614652,0.0374406540757777,GPR
0.105,1.0357,36.6667,5,SC,0.018996,0.017947,0.218338456582856,0.0433560907810373,0.0423157014338971,GPR
0.115714,1.0357,36.6667,5,SC,0.017763,0.016967,0.2416771621073271,0.0492434037935011,0.0474146302078575,GPR
0.126429,1.0357,36.6667,5,SC,0.016765,0.016145,0.2655195274429045,0.0555127379871405,0.0527585182943906,GPR
0.137143,1.0357,36.6667,5,SC,0.015943,0.015449,0.2898929889554009,0.0621896940324536,0.0583679749887721,GPR
0.147857,1.0357,36.6667,5,SC,0.015258,0.014856,0.3148316088633973,0.0693023202596536,0.0642656499918911,GPR
0.158571,1.0357,36.6667,5,SC,0.014681,0.014349,0.3403667345946098,0.0768781438068387,0.0704737443187441,GPR
0.169286,1.0357,36.6667,5,SC,0.014194,0.013913,0.3665311724803841,0.0849447992251045,0.077014574771215,GPR
0.18,1.0357,36.6667,5,SC,0.01378,0.013538,0.3933488582912199,0.0935262224977547,0.0839075324330423,GPR
0.03,1.2143,36.6667,5,SC,0.083345,0.044754,0.0665301360208154,0.0109701336217035,0.011967370308351,GPR
0.040714,1.2143,36.6667,5,SC,0.066436,0.037433,0.0871591469673739,0.0147691118431046,0.0158255560173288,GPR
0.051429,1.2143,36.6667,5,SC,0.055157,0.032529,0.1081048454087395,0.0188236042560309,0.0198265841754177,GPR
0.062143,1.2143,36.6667,5,SC,0.045756,0.028991,0.1293833589694963,0.023142101375831,0.0239770167693537,GPR
0.072857,1.2143,36.6667,5,SC,0.038234,0.026314,0.151019443555247,0.0277374565718414,0.0282872599342008,GPR
0.083571,1.2143,36.6667,5,SC,0.032961,0.024219,0.1730383892289127,0.0326253053024461,0.0327699652934809,GPR
0.094286,1.2143,36.6667,5,SC,0.029217,0.02254,0.1954697303026674,0.0378247459614652,0.0374406540757777,GPR
0.105,1.2143,36.6667,5,SC,0.026383,0.021169,0.218338456582856,0.0433560907810373,0.0423157014338971,GPR
0.115714,1.2143,36.6667,5,SC,0.024168,0.020032,0.2416771621073271,0.0492434037935011,0.0474146302078575,GPR
0.126429,1.2143,36.6667,5,SC,0.022427,0.01908,0.2655195274429045,0.0555127379871405,0.0527585182943906,GPR
0.137143,1.2143,36.6667,5,SC,0.021052,0.018276,0.2898929889554009,0.0621896940324536,0.0583679749887721,GPR
0.147857,1.2143,36.6667,5,SC,0.019955,0.017592,0.3148316088633973,0.0693023202596536,0.0642656499918911,GPR
0.158571,1.2143,36.6667,5,SC,0.019068,0.017007,0.3403667345946098,0.0768781438068387,0.0704737443187441,GPR
0.169286,1.2143,36.6667,5,SC,0.018345,0.016507,0.3665311724803841,0.0849447992251045,0.077014574771215,GPR
0.18,1.2143,36.6667,5,SC,0.017751,0.016078,0.3933488582912199,0.0935262224977547,0.0839075324330423,GPR
0.03,1.3929,36.6667,5,SC,0.118667,0.054521,0.0665301360208154,0.0109701336217035,0.011967370308351,GPR
0.040714,1.3929,36.6667,5,SC,0.092156,0.044675,0.0871591469673739,0.0147691118431046,0.0158255560173288,GPR
0.051429,1.3929,36.6667,5,SC,0.075209,0.038459,0.1081048454087395,0.0188236042560309,0.0198265841754177,GPR
0.062143,1.3929,36.6667,5,SC,0.064854,0.034113,0.1293833589694963,0.023142101375831,0.0239770167693537,GPR
0.072857,1.3929,36.6667,5,SC,0.057412,0.030884,0.151019443555247,0.0277374565718414,0.0282872599342008,GPR
0.083571,1.3929,36.6667,5,SC,0.051364,0.028388,0.1730383892289127,0.0326253053024461,0.0327699652934809,GPR
0.094286,1.3929,36.6667,5,SC,0.046052,0.026403,0.1954697303026674,0.0378247459614652,0.0374406540757777,GPR
0.105,1.3929,36.6667,5,SC,0.041311,0.024792,0.218338456582856,0.0433560907810373,0.0423157014338971,GPR
0.115714,1.3929,36.6667,5,SC,0.037275,0.023464,0.2416771621073271,0.0492434037935011,0.0474146302078575,GPR
0.126429,1.3929,36.6667,5,SC,0.03404,0.022356,0.2655195274429045,0.0555127379871405,0.0527585182943906,GPR
0.137143,1.3929,36.6667,5,SC,0.03152,0.021423,0.2898929889554009,0.0621896940324536,0.0583679749887721,GPR
0.147857,1.3929,36.6667,5,SC,0.029552,0.020633,0.3148316088633973,0.0693023202596536,0.0642656499918911,GPR
0.158571,1.3929,36.6667,5,SC,0.027997,0.019961,0.3403667345946098,0.0768781438068387,0.0704737443187441,GPR
0.169286,1.3929,36.6667,5,SC,0.026752,0.019387,0.3665311724803841,0.0849447992251045,0.077014574771215,GPR
0.18,1.3929,36.6667,5,SC,0.025751,0.018899,0.3933488582912199,0.0935262224977547,0.0839075324330423,GPR
0.03,1.5714,36.6667,5,SC,0.144271,0.070976,0.0665301360208154,0.0109701336217035,0.011967370308351,GPR
0.040714,1.5714,36.6667,5,SC,0.1257,0.055173,0.0871591469673739,0.0147691118431046,0.0158255560173288,GPR
0.051429,1.5714,36.6667,5,SC,0.106802,0.046396,0.1081048454087395,0.0188236042560309,0.0198265841754177,GPR
0.062143,1.5714,36.6667,5,SC,0.089316,0.040642,0.1293833589694963,0.023142101375831,0.0239770167693537,GPR
0.072857,1.5714,36.6667,5,SC,0.076931,0.036528,0.151019443555247,0.0277374565718414,0.0282872599342008,GPR
0.083571,1.5714,36.6667,5,SC,0.068637,0.033424,0.1730383892289127,0.0326253053024461,0.0327699652934809,GPR
0.094286,1.5714,36.6667,5,SC,0.062666,0.030998,0.1954697303026674,0.0378247459614652,0.0374406540757777,GPR
0.105,1.5714,36.6667,5,SC,0.058055,0.029054,0.218338456582856,0.0433560907810373,0.0423157014338971,GPR
0.115714,1.5714,36.6667,5,SC,0.054315,0.027467,0.2416771621073271,0.0492434037935011,0.0474146302078575,GPR
0.126429,1.5714,36.6667,5,SC,0.05118,0.026153,0.2655195274429045,0.0555127379871405,0.0527585182943906,GPR
0.137143,1.5714,36.6667,5,SC,0.048498,0.025055,0.2898929889554009,0.0621896940324536,0.0583679749887721,GPR
0.147857,1.5714,36.6667,5,SC,0.04618,0.024131,0.3148316088633973,0.0693023202596536,0.0642656499918911,GPR
0.158571,1.5714,36.6667,5,SC,0.044174,0.02335,0.3403667345946098,0.0768781438068387,0.0704737443187441,GPR
0.169286,1.5714,36.6667,5,SC,0.04245,0.022689,0.3665311724803841,0.0849447992251045,0.077014574771215,GPR
0.18,1.5714,36.6667,5,SC,0.04099,0.02213,0.3933488582912199,0.0935262224977547,0.0839075324330423,GPR
0.03,1.75,36.6667,5,SC,0.161441,0.111973,0.0665301360208154,0.0109701336217035,0.011967370308351,GPR
0.040714,1.75,36.6667,5,SC,0.146202,0.074092,0.0871591469673739,0.0147691118431046,0.0158255560173288,GPR
0.051429,1.75,36.6667,5,SC,0.13298,0.058725,0.1081048454087395,0.0188236042560309,0.0198265841754177,GPR
0.062143,1.75,36.6667,5,SC,0.12068,0.049972,0.1293833589694963,0.023142101375831,0.0239770167693537,GPR
0.072857,1.75,36.6667,5,SC,0.108484,0.044176,0.151019443555247,0.0277374565718414,0.0282872599342008,GPR
0.083571,1.75,36.6667,5,SC,0.096491,0.04001,0.1730383892289127,0.0326253053024461,0.0327699652934809,GPR
0.094286,1.75,36.6667,5,SC,0.086005,0.036857,0.1954697303026674,0.0378247459614652,0.0374406540757777,GPR
0.105,1.75,36.6667,5,SC,0.07789,0.034388,0.218338456582856,0.0433560907810373,0.0423157014338971,GPR
0.115714,1.75,36.6667,5,SC,0.071846,0.032408,0.2416771621073271,0.0492434037935011,0.0474146302078575,GPR
0.126429,1.75,36.6667,5,SC,0.067272,0.030793,0.2655195274429045,0.0555127379871405,0.0527585182943906,GPR
0.137143,1.75,36.6667,5,SC,0.063708,0.029459,0.2898929889554009,0.0621896940324536,0.0583679749887721,GPR
0.147857,1.75,36.6667,5,SC,0.060863,0.028349,0.3148316088633973,0.0693023202596536,0.0642656499918911,GPR
0.158571,1.75,36.6667,5,SC,0.058553,0.02742,0.3403667345946098,0.0768781438068387,0.0704737443187441,GPR
0.169286,1.75,36.6667,5,SC,0.05666,0.026643,0.3665311724803841,0.0849447992251045,0.077014574771215,GPR
0.18,1.75,36.6667,5,SC,0.055105,0.025992,0.3933488582912199,0.0935262224977547,0.0839075324330423,GPR
0.03,1.9286,36.6667,5,SC,0.175637,0.357086,0.0665301360208154,0.0109701336217035,0.011967370308351,GPR
0.040714,1.9286,36.6667,5,SC,0.161432,0.129344,0.0871591469673739,0.0147691118431046,0.0158255560173288,GPR
0.051429,1.9286,36.6667,5,SC,0.149675,0.084088,0.1081048454087395,0.0188236042560309,0.0198265841754177,GPR
0.062143,1.9286,36.6667,5,SC,0.139619,0.066151,0.1293833589694963,0.023142101375831,0.0239770167693537,GPR
0.072857,1.9286,36.6667,5,SC,0.130758,0.056198,0.151019443555247,0.0277374565718414,0.0282872599342008,GPR
0.083571,1.9286,36.6667,5,SC,0.12272,0.049728,0.1730383892289127,0.0326253053024461,0.0327699652934809,GPR
0.094286,1.9286,36.6667,5,SC,0.115228,0.045137,0.1954697303026674,0.0378247459614652,0.0374406540757777,GPR
0.105,1.9286,36.6667,5,SC,0.108115,0.041698,0.218338456582856,0.0433560907810373,0.0423157014338971,GPR
0.115714,1.9286,36.6667,5,SC,0.101355,0.039029,0.2416771621073271,0.0492434037935011,0.0474146302078575,GPR
0.126429,1.9286,36.6667,5,SC,0.095075,0.036906,0.2655195274429045,0.0555127379871405,0.0527585182943906,GPR
0.137143,1.9286,36.6667,5,SC,0.08947,0.035188,0.2898929889554009,0.0621896940324536,0.0583679749887721,GPR
0.147857,1.9286,36.6667,5,SC,0.084678,0.033784,0.3148316088633973,0.0693023202596536,0.0642656499918911,GPR
0.158571,1.9286,36.6667,5,SC,0.08072,0.032629,0.3403667345946098,0.0768781438068387,0.0704737443187441,GPR
0.169286,1.9286,36.6667,5,SC,0.077526,0.031677,0.3665311724803841,0.0849447992251045,0.077014574771215,GPR
0.18,1.9286,36.6667,5,SC,0.074994,0.030895,0.3933488582912199,0.0935262224977547,0.0839075324330423,GPR
0.03,2.1071,36.6667,5,SC,0.188523,0.249207,0.0665301360208154,0.0109701336217035,0.011967370308351,GPR
0.040714,2.1071,36.6667,5,SC,0.174595,0.438985,0.0871591469673739,0.0147691118431046,0.0158255560173288,GPR
0.051429,2.1071,36.6667,5,SC,0.163317,0.188036,0.1081048454087395,0.0188236042560309,0.0198265841754177,GPR
0.062143,2.1071,36.6667,5,SC,0.153887,0.108704,0.1293833589694963,0.023142101375831,0.0239770167693537,GPR
0.072857,2.1071,36.6667,5,SC,0.145834,0.081332,0.151019443555247,0.0277374565718414,0.0282872599342008,GPR
0.083571,2.1071,36.6667,5,SC,0.138848,0.067523,0.1730383892289127,0.0326253053024461,0.0327699652934809,GPR
0.094286,2.1071,36.6667,5,SC,0.132716,0.059072,0.1954697303026674,0.0378247459614652,0.0374406540757777,GPR
0.105,2.1071,36.6667,5,SC,0.127283,0.053315,0.218338456582856,0.0433560907810373,0.0423157014338971,GPR
0.115714,2.1071,36.6667,5,SC,0.122437,0.049131,0.2416771621073271,0.0492434037935011,0.0474146302078575,GPR
0.126429,2.1071,36.6667,5,SC,0.118103,0.04596,0.2655195274429045,0.0555127379871405,0.0527585182943906,GPR
0.137143,2.1071,36.6667,5,SC,0.114228,0.04349,0.2898929889554009,0.0621896940324536,0.0583679749887721,GPR
0.147857,2.1071,36.6667,5,SC,0.110782,0.041533,0.3148316088633973,0.0693023202596536,0.0642656499918911,GPR
0.158571,2.1071,36.6667,5,SC,0.107748,0.039966,0.3403667345946098,0.0768781438068387,0.0704737443187441,GPR
0.169286,2.1071,36.6667,5,SC,0.105116,0.038709,0.3665311724803841,0.0849447992251045,0.077014574771215,GPR
0.18,2.1071,36.6667,5,SC,0.102881,0.037703,0.3933488582912199,0.0935262224977547,0.0839075324330423,GPR
0.03,2.2857,36.6667,5,SC,0.201179,0.449537,0.0665301360208154,0.0109701336217035,0.011967370308351,GPR
0.040714,2.2857,36.6667,5,SC,0.186926,0.241763,0.0871591469673739,0.0147691118431046,0.0158255560173288,GPR
0.051429,2.2857,36.6667,5,SC,0.175643,0.328142,0.1081048454087395,0.0188236042560309,0.0198265841754177,GPR
0.062143,2.2857,36.6667,5,SC,0.166376,0.382998,0.1293833589694963,0.023142101375831,0.0239770167693537,GPR
0.072857,2.2857,36.6667,5,SC,0.158573,0.188004,0.151019443555247,0.0277374565718414,0.0282872599342008,GPR
0.083571,2.2857,36.6667,5,SC,0.151894,0.120736,0.1730383892289127,0.0326253053024461,0.0327699652934809,GPR
0.094286,2.2857,36.6667,5,SC,0.146117,0.092862,0.1954697303026674,0.0378247459614652,0.0374406540757777,GPR
0.105,2.2857,36.6667,5,SC,0.141083,0.078002,0.218338456582856,0.0433560907810373,0.0423157014338971,GPR
0.115714,2.2857,36.6667,5,SC,0.136678,0.068789,0.2416771621073271,0.0492434037935011,0.0474146302078575,GPR
0.126429,2.2857,36.6667,5,SC,0.132815,0.062532,0.2655195274429045,0.0555127379871405,0.0527585182943906,GPR
0.137143,2.2857,36.6667,5,SC,0.129429,0.058034,0.2898929889554009,0.0621896940324536,0.0583679749887721,GPR
0.147857,2.2857,36.6667,5,SC,0.126469,0.054683,0.3148316088633973,0.0693023202596536,0.0642656499918911,GPR
0.158571,2.2857,36.6667,5,SC,0.123892,0.052136,0.3403667345946098,0.0768781438068387,0.0704737443187441,GPR
0.169286,2.2857,36.6667,5,SC,0.121667,0.050184,0.3665311724803841,0.0849447992251045,0.077014574771215,GPR
0.18,2.2857,36.6667,5,SC,0.119766,0.048694,0.3933488582912199,0.0935262224977547,0.0839075324330423,GPR
0.03,2.4643,36.6667,5,SC,0.214107,0.933909,0.0665301360208154,0.0109701336217035,0.011967370308351,GPR
0.040714,2.4643,36.6667,5,SC,0.199369,0.544769,0.0871591469673739,0.0147691118431046,0.0158255560173288,GPR
0.051429,2.4643,36.6667,5,SC,0.187637,0.274382,0.1081048454087395,0.0188236042560309,0.0198265841754177,GPR
0.062143,2.4643,36.6667,5,SC,0.178169,0.228255,0.1293833589694963,0.023142101375831,0.0239770167693537,GPR
0.072857,2.4643,36.6667,5,SC,0.170326,0.316942,0.151019443555247,0.0277374565718414,0.0282872599342008,GPR
0.083571,2.4643,36.6667,5,SC,0.163699,0.439383,0.1730383892289127,0.0326253053024461,0.0327699652934809,GPR
0.094286,2.4643,36.6667,5,SC,0.158022,0.294539,0.1954697303026674,0.0378247459614652,0.0374406540757777,GPR
0.105,2.4643,36.6667,5,SC,0.153115,0.186732,0.218338456582856,0.0433560907810373,0.0423157014338971,GPR
0.115714,2.4643,36.6667,5,SC,0.148851,0.137285,0.2416771621073271,0.0492434037935011,0.0474146302078575,GPR
0.126429,2.4643,36.6667,5,SC,0.145136,0.111704,0.2655195274429045,0.0555127379871405,0.0527585182943906,GPR
0.137143,2.4643,36.6667,5,SC,0.141899,0.096665,0.2898929889554009,0.0621896940324536,0.0583679749887721,GPR
0.147857,2.4643,36.6667,5,SC,0.139081,0.087014,0.3148316088633973,0.0693023202596536,0.0642656499918911,GPR
0.158571,2.4643,36.6667,5,SC,0.13664,0.080477,0.3403667345946098,0.0768781438068387,0.0704737443187441,GPR
0.169286,2.4643,36.6667,5,SC,0.134537,0.075926,0.3665311724803841,0.0849447992251045,0.077014574771215,GPR
0.18,2.4643,36.6667,5,SC,0.132742,0.07275,0.3933488582912199,0.0935262224977547,0.0839075324330423,GPR
0.03,2.6429,36.6667,5,SC,0.225891,0.333077,0.0665301360208154,0.0109701336217035,0.011967370308351,GPR
0.040714,2.6429,36.6667,5,SC,0.212199,0.817524,0.0871591469673739,0.0147691118431046,0.0158255560173288,GPR
0.051429,2.6429,36.6667,5,SC,0.200107,0.792936,0.1081048454087395,0.0188236042560309,0.0198265841754177,GPR
0.062143,2.6429,36.6667,5,SC,0.190144,0.401557,0.1293833589694963,0.023142101375831,0.0239770167693537,GPR
0.072857,2.6429,36.6667,5,SC,0.181965,0.259385,0.151019443555247,0.0277374565718414,0.0282872599342008,GPR
0.083571,2.6429,36.6667,5,SC,0.175152,0.217628,0.1730383892289127,0.0326253053024461,0.0327699652934809,GPR
0.094286,2.6429,36.6667,5,SC,0.169391,0.23148,0.1954697303026674,0.0378247459614652,0.0374406540757777,GPR
0.105,2.6429,36.6667,5,SC,0.164465,0.300557,0.218338456582856,0.0433560907810373,0.0423157014338971,GPR
0.115714,2.6429,36.6667,5,SC,0.160223,0.401234,0.2416771621073271,0.0492434037935011,0.0474146302078575,GPR
0.126429,2.6429,36.6667,5,SC,0.156553,0.425196,0.2655195274429045,0.0555127379871405,0.0527585182943906,GPR
0.137143,2.6429,36.6667,5,SC,0.153377,0.358713,0.2898929889554009,0.0621896940324536,0.0583679749887721,GPR
0.147857,2.6429,36.6667,5,SC,0.15063,0.287347,0.3148316088633973,0.0693023202596536,0.0642656499918911,GPR
0.158571,2.6429,36.6667,5,SC,0.148264,0.238163,0.3403667345946098,0.0768781438068387,0.0704737443187441,GPR
0.169286,2.6429,36.6667,5,SC,0.14624,0.207208,0.3665311724803841,0.0849447992251045,0.077014574771215,GPR
0.18,2.6429,36.6667,5,SC,0.144527,0.188279,0.3933488582912199,0.0935262224977547,0.0839075324330423,GPR
0.03,2.8214,36.6667,5,SC,0.233978,0.197174,0.0665301360208154,0.0109701336217035,0.011967370308351,GPR
0.040714,2.8214,36.6667,5,SC,0.223652,0.286573,0.0871591469673739,0.0147691118431046,0.0158255560173288,GPR
0.051429,2.8214,36.6667,5,SC,0.212821,0.56357,0.1081048454087395,0.0188236042560309,0.0198265841754177,GPR
0.062143,2.8214,36.6667,5,SC,0.202849,0.967161,0.1293833589694963,0.023142101375831,0.0239770167693537,GPR
0.072857,2.8214,36.6667,5,SC,0.194283,0.753621,0.151019443555247,0.0277374565718414,0.0282872599342008,GPR
0.083571,2.8214,36.6667,5,SC,0.187088,0.456316,0.1730383892289127,0.0326253053024461,0.0327699652934809,GPR
0.094286,2.8214,36.6667,5,SC,0.181045,0.313002,0.1954697303026674,0.0378247459614652,0.0374406540757777,GPR
0.105,2.8214,36.6667,5,SC,0.175936,0.246294,0.218338456582856,0.0433560907810373,0.0423157014338971,GPR
0.115714,2.8214,36.6667,5,SC,0.171587,0.215494,0.2416771621073271,0.0492434037935011,0.0474146302078575,GPR
0.126429,2.8214,36.6667,5,SC,0.167868,0.204387,0.2655195274429045,0.0555127379871405,0.0527585182943906,GPR
0.137143,2.8214,36.6667,5,SC,0.164683,0.2057,0.2898929889554009,0.0621896940324536,0.0583679749887721,GPR
0.147857,2.8214,36.6667,5,SC,0.161958,0.215057,0.3148316088633973,0.0693023202596536,0.0642656499918911,GPR
0.158571,2.8214,36.6667,5,SC,0.15964,0.228631,0.3403667345946098,0.0768781438068387,0.0704737443187441,GPR
0.169286,2.8214,36.6667,5,SC,0.157684,0.242562,0.3665311724803841,0.0849447992251045,0.077014574771215,GPR
0.18,2.8214,36.6667,5,SC,0.156056,0.253397,0.3933488582912199,0.0935262224977547,0.0839075324330423,GPR
0.03,3.0,36.6667,5,SC,0.237978,0.184644,0.0665301360208154,0.0109701336217035,0.011967370308351,GPR
0.040714,3.0,36.6667,5,SC,0.231311,0.186281,0.0871591469673739,0.0147691118431046,0.0158255560173288,GPR
0.051429,3.0,36.6667,5,SC,0.223428,0.230596,0.1081048454087395,0.0188236042560309,0.0198265841754177,GPR
0.062143,3.0,36.6667,5,SC,0.215135,0.345498,0.1293833589694963,0.023142101375831,0.0239770167693537,GPR
0.072857,3.0,36.6667,5,SC,0.20716,0.585165,0.151019443555247,0.0277374565718414,0.0282872599342008,GPR
0.083571,3.0,36.6667,5,SC,0.199963,0.902323,0.1730383892289127,0.0326253053024461,0.0327699652934809,GPR
0.094286,3.0,36.6667,5,SC,0.193701,0.9452,0.1954697303026674,0.0378247459614652,0.0374406540757777,GPR
0.105,3.0,36.6667,5,SC,0.188345,0.729677,0.218338456582856,0.0433560907810373,0.0423157014338971,GPR
0.115714,3.0,36.6667,5,SC,0.183792,0.537624,0.2416771621073271,0.0492434037935011,0.0474146302078575,GPR
0.126429,3.0,36.6667,5,SC,0.17993,0.417638,0.2655195274429045,0.0555127379871405,0.0527585182943906,GPR
0.137143,3.0,36.6667,5,SC,0.176663,0.34549,0.2898929889554009,0.0621896940324536,0.0583679749887721,GPR
0.147857,3.0,36.6667,5,SC,0.173911,0.3012,0.3148316088633973,0.0693023202596536,0.0642656499918911,GPR
0.158571,3.0,36.6667,5,SC,0.171612,0.273484,0.3403667345946098,0.0768781438068387,0.0704737443187441,GPR
0.169286,3.0,36.6667,5,SC,0.169717,0.256177,0.3665311724803841,0.0849447992251045,0.077014574771215,GPR
0.18,3.0,36.6667,5,SC,0.168191,0.245868,0.3933488582912199,0.0935262224977547,0.0839075324330423,GPR
0.03,0.5,40.0,5,SC,0.016418,0.017202,0.0665301360208154,0.0109701336217035,0.011967370308351,GPR
0.040714,0.5,40.0,5,SC,0.013326,0.014038,0.0871591469673739,0.0147691118431046,0.0158255560173288,GPR
0.051429,0.5,40.0,5,SC,0.011298,0.01194,0.1081048454087395,0.0188236042560309,0.0198265841754177,GPR
0.062143,0.5,40.0,5,SC,0.009869,0.010452,0.1293833589694963,0.023142101375831,0.0239770167693537,GPR
0.072857,0.5,40.0,5,SC,0.008811,0.009345,0.151019443555247,0.0277374565718414,0.0282872599342008,GPR
0.083571,0.5,40.0,5,SC,0.007998,0.008493,0.1730383892289127,0.0326253053024461,0.0327699652934809,GPR
0.094286,0.5,40.0,5,SC,0.007357,0.007818,0.1954697303026674,0.0378247459614652,0.0374406540757777,GPR
0.105,0.5,40.0,5,SC,0.00684,0.007274,0.218338456582856,0.0433560907810373,0.0423157014338971,GPR
0.115714,0.5,40.0,5,SC,0.006415,0.006826,0.2416771621073271,0.0492434037935011,0.0474146302078575,GPR
0.126429,0.5,40.0,5,SC,0.006062,0.006453,0.2655195274429045,0.0555127379871405,0.0527585182943906,GPR
0.137143,0.5,40.0,5,SC,0.005765,0.006139,0.2898929889554009,0.0621896940324536,0.0583679749887721,GPR
0.147857,0.5,40.0,5,SC,0.005514,0.005873,0.3148316088633973,0.0693023202596536,0.0642656499918911,GPR
0.158571,0.5,40.0,5,SC,0.005299,0.005645,0.3403667345946098,0.0768781438068387,0.0704737443187441,GPR
0.169286,0.5,40.0,5,SC,0.005114,0.00545,0.3665311724803841,0.0849447992251045,0.077014574771215,GPR
0.18,0.5,40.0,5,SC,0.004955,0.005282,0.3933488582912199,0.0935262224977547,0.0839075324330423,GPR
0.03,0.6786,40.0,5,SC,0.020809,0.020957,0.0665301360208154,0.0109701336217035,0.011967370308351,GPR
0.040714,0.6786,40.0,5,SC,0.01707,0.017415,0.0871591469673739,0.0147691118431046,0.0158255560173288,GPR
0.051429,0.6786,40.0,5,SC,0.014591,0.014995,0.1081048454087395,0.0188236042560309,0.0198265841754177,GPR
0.062143,0.6786,40.0,5,SC,0.012826,0.013244,0.1293833589694963,0.023142101375831,0.0239770167693537,GPR
0.072857,0.6786,40.0,5,SC,0.011509,0.011922,0.151019443555247,0.0277374565718414,0.0282872599342008,GPR
0.083571,0.6786,40.0,5,SC,0.01049,0.010892,0.1730383892289127,0.0326253053024461,0.0327699652934809,GPR
0.094286,0.6786,40.0,5,SC,0.009681,0.010071,0.1954697303026674,0.0378247459614652,0.0374406540757777,GPR
0.105,0.6786,40.0,5,SC,0.009026,0.009402,0.218338456582856,0.0433560907810373,0.0423157014338971,GPR
0.115714,0.6786,40.0,5,SC,0.008486,0.008849,0.2416771621073271,0.0492434037935011,0.0474146302078575,GPR
0.126429,0.6786,40.0,5,SC,0.008036,0.008387,0.2655195274429045,0.0555127379871405,0.0527585182943906,GPR
0.137143,0.6786,40.0,5,SC,0.007657,0.007997,0.2898929889554009,0.0621896940324536,0.0583679749887721,GPR
0.147857,0.6786,40.0,5,SC,0.007335,0.007665,0.3148316088633973,0.0693023202596536,0.0642656499918911,GPR
0.158571,0.6786,40.0,5,SC,0.00706,0.007381,0.3403667345946098,0.0768781438068387,0.0704737443187441,GPR
0.169286,0.6786,40.0,5,SC,0.006823,0.007136,0.3665311724803841,0.0849447992251045,0.077014574771215,GPR
0.18,0.6786,40.0,5,SC,0.00662,0.006926,0.3933488582912199,0.0935262224977547,0.0839075324330423,GPR
0.03,0.8571,40.0,5,SC,0.026012,0.02451,0.0665301360208154,0.0109701336217035,0.011967370308351,GPR
0.040714,0.8571,40.0,5,SC,0.02112,0.020624,0.0871591469673739,0.0147691118431046,0.0158255560173288,GPR
0.051429,0.8571,40.0,5,SC,0.018021,0.017919,0.1081048454087395,0.0188236042560309,0.0198265841754177,GPR
0.062143,0.8571,40.0,5,SC,0.015851,0.015933,0.1293833589694963,0.023142101375831,0.0239770167693537,GPR
0.072857,0.8571,40.0,5,SC,0.014242,0.014418,0.151019443555247,0.0277374565718414,0.0282872599342008,GPR
0.083571,0.8571,40.0,5,SC,0.013,0.013229,0.1730383892289127,0.0326253053024461,0.0327699652934809,GPR
0.094286,0.8571,40.0,5,SC,0.012016,0.012273,0.1954697303026674,0.0378247459614652,0.0374406540757777,GPR
0.105,0.8571,40.0,5,SC,0.011219,0.011491,0.218338456582856,0.0433560907810373,0.0423157014338971,GPR
0.115714,0.8571,40.0,5,SC,0.010563,0.010843,0.2416771621073271,0.0492434037935011,0.0474146302078575,GPR
0.126429,0.8571,40.0,5,SC,0.010015,0.010299,0.2655195274429045,0.0555127379871405,0.0527585182943906,GPR
0.137143,0.8571,40.0,5,SC,0.009554,0.009838,0.2898929889554009,0.0621896940324536,0.0583679749887721,GPR
0.147857,0.8571,40.0,5,SC,0.009162,0.009446,0.3148316088633973,0.0693023202596536,0.0642656499918911,GPR
0.158571,0.8571,40.0,5,SC,0.008828,0.009109,0.3403667345946098,0.0768781438068387,0.0704737443187441,GPR
0.169286,0.8571,40.0,5,SC,0.008541,0.00882,0.3665311724803841,0.0849447992251045,0.077014574771215,GPR
0.18,0.8571,40.0,5,SC,0.008294,0.00857,0.3933488582912199,0.0935262224977547,0.0839075324330423,GPR
0.03,1.0357,40.0,5,SC,0.035644,0.028165,0.0665301360208154,0.0109701336217035,0.011967370308351,GPR
0.040714,1.0357,40.0,5,SC,0.027177,0.023894,0.0871591469673739,0.0147691118431046,0.0158255560173288,GPR
0.051429,1.0357,40.0,5,SC,0.022489,0.020891,0.1081048454087395,0.0188236042560309,0.0198265841754177,GPR
0.062143,1.0357,40.0,5,SC,0.019528,0.018669,0.1293833589694963,0.023142101375831,0.0239770167693537,GPR
0.072857,1.0357,40.0,5,SC,0.017439,0.016963,0.151019443555247,0.0277374565718414,0.0282872599342008,GPR
0.083571,1.0357,40.0,5,SC,0.01587,0.015615,0.1730383892289127,0.0326253053024461,0.0327699652934809,GPR
0.094286,1.0357,40.0,5,SC,0.014646,0.014527,0.1954697303026674,0.0378247459614652,0.0374406540757777,GPR
0.105,1.0357,40.0,5,SC,0.013664,0.013635,0.218338456582856,0.0433560907810373,0.0423157014338971,GPR
0.115714,1.0357,40.0,5,SC,0.012862,0.012893,0.2416771621073271,0.0492434037935011,0.0474146302078575,GPR
0.126429,1.0357,40.0,5,SC,0.012196,0.012268,0.2655195274429045,0.0555127379871405,0.0527585182943906,GPR
0.137143,1.0357,40.0,5,SC,0.011638,0.011739,0.2898929889554009,0.0621896940324536,0.0583679749887721,GPR
0.147857,1.0357,40.0,5,SC,0.011165,0.011287,0.3148316088633973,0.0693023202596536,0.0642656499918911,GPR
0.158571,1.0357,40.0,5,SC,0.010763,0.0109,0.3403667345946098,0.0768781438068387,0.0704737443187441,GPR
0.169286,1.0357,40.0,5,SC,0.01042,0.010567,0.3665311724803841,0.0849447992251045,0.077014574771215,GPR
0.18,1.0357,40.0,5,SC,0.010125,0.010279,0.3933488582912199,0.0935262224977547,0.0839075324330423,GPR
0.03,1.2143,40.0,5,SC,0.054145,0.03213,0.0665301360208154,0.0109701336217035,0.011967370308351,GPR
0.040714,1.2143,40.0,5,SC,0.039415,0.027362,0.0871591469673739,0.0147691118431046,0.0158255560173288,GPR
0.051429,1.2143,40.0,5,SC,0.030992,0.024012,0.1081048454087395,0.0188236042560309,0.0198265841754177,GPR
0.062143,1.2143,40.0,5,SC,0.025662,0.021527,0.1293833589694963,0.023142101375831,0.0239770167693537,GPR
0.072857,1.2143,40.0,5,SC,0.022147,0.019615,0.151019443555247,0.0277374565718414,0.0282872599342008,GPR
0.083571,1.2143,40.0,5,SC,0.019772,0.0181,0.1730383892289127,0.0326253053024461,0.0327699652934809,GPR
0.094286,1.2143,40.0,5,SC,0.018047,0.016876,0.1954697303026674,0.0378247459614652,0.0374406540757777,GPR
0.105,1.2143,40.0,5,SC,0.016726,0.015869,0.218338456582856,0.0433560907810373,0.0423157014338971,GPR
0.115714,1.2143,40.0,5,SC,0.015677,0.01503,0.2416771621073271,0.0492434037935011,0.0474146302078575,GPR
0.126429,1.2143,40.0,5,SC,0.014825,0.014324,0.2655195274429045,0.0555127379871405,0.0527585182943906,GPR
0.137143,1.2143,40.0,5,SC,0.014121,0.013726,0.2898929889554009,0.0621896940324536,0.0583679749887721,GPR
0.147857,1.2143,40.0,5,SC,0.013532,0.013214,0.3148316088633973,0.0693023202596536,0.0642656499918911,GPR
0.158571,1.2143,40.0,5,SC,0.013037,0.012776,0.3403667345946098,0.0768781438068387,0.0704737443187441,GPR
0.169286,1.2143,40.0,5,SC,0.012617,0.0124,0.3665311724803841,0.0849447992251045,0.077014574771215,GPR
0.18,1.2143,40.0,5,SC,0.012261,0.012076,0.3933488582912199,0.0935262224977547,0.0839075324330423,GPR
0.03,1.3929,40.0,5,SC,0.072187,0.036688,0.0665301360208154,0.0109701336217035,0.011967370308351,GPR
0.040714,1.3929,40.0,5,SC,0.058586,0.031206,0.0871591469673739,0.0147691118431046,0.0158255560173288,GPR
0.051429,1.3929,40.0,5,SC,0.04734,0.027403,0.1081048454087395,0.0188236042560309,0.0198265841754177,GPR
0.062143,1.3929,40.0,5,SC,0.03778,0.024599,0.1293833589694963,0.023142101375831,0.0239770167693537,GPR
0.072857,1.3929,40.0,5,SC,0.031554,0.022446,0.151019443555247,0.0277374565718414,0.0282872599342008,GPR
0.083571,1.3929,40.0,5,SC,0.027399,0.020742,0.1730383892289127,0.0326253053024461,0.0327699652934809,GPR
0.094286,1.3929,40.0,5,SC,0.024285,0.019366,0.1954697303026674,0.0378247459614652,0.0374406540757777,GPR
0.105,1.3929,40.0,5,SC,0.021896,0.018234,0.218338456582856,0.0433560907810373,0.0423157014338971,GPR
0.115714,1.3929,40.0,5,SC,0.020098,0.017292,0.2416771621073271,0.0492434037935011,0.0474146302078575,GPR
0.126429,1.3929,40.0,5,SC,0.018732,0.0165,0.2655195274429045,0.0555127379871405,0.0527585182943906,GPR
0.137143,1.3929,40.0,5,SC,0.017667,0.015828,0.2898929889554009,0.0621896940324536,0.0583679749887721,GPR
0.147857,1.3929,40.0,5,SC,0.016817,0.015255,0.3148316088633973,0.0693023202596536,0.0642656499918911,GPR
0.158571,1.3929,40.0,5,SC,0.016126,0.014764,0.3403667345946098,0.0768781438068387,0.0704737443187441,GPR
0.169286,1.3929,40.0,5,SC,0.015558,0.014343,0.3665311724803841,0.0849447992251045,0.077014574771215,GPR
0.18,1.3929,40.0,5,SC,0.015088,0.013982,0.3933488582912199,0.0935262224977547,0.0839075324330423,GPR
0.03,1.5714,40.0,5,SC,0.095594,0.042318,0.0665301360208154,0.0109701336217035,0.011967370308351,GPR
0.040714,1.5714,40.0,5,SC,0.075241,0.035707,0.0871591469673739,0.0147691118431046,0.0158255560173288,GPR
0.051429,1.5714,40.0,5,SC,0.063838,0.031255,0.1081048454087395,0.0188236042560309,0.0198265841754177,GPR
0.062143,1.5714,40.0,5,SC,0.055618,0.028022,0.1293833589694963,0.023142101375831,0.0239770167693537,GPR
0.072857,1.5714,40.0,5,SC,0.048506,0.025562,0.151019443555247,0.0277374565718414,0.0282872599342008,GPR
0.083571,1.5714,40.0,5,SC,0.041806,0.023628,0.1730383892289127,0.0326253053024461,0.0327699652934809,GPR
0.094286,1.5714,40.0,5,SC,0.036082,0.02207,0.1954697303026674,0.0378247459614652,0.0374406540757777,GPR
0.105,1.5714,40.0,5,SC,0.031867,0.020794,0.218338456582856,0.0433560907810373,0.0423157014338971,GPR
0.115714,1.5714,40.0,5,SC,0.028845,0.019734,0.2416771621073271,0.0492434037935011,0.0474146302078575,GPR
0.126429,1.5714,40.0,5,SC,0.026582,0.018844,0.2655195274429045,0.0555127379871405,0.0527585182943906,GPR
0.137143,1.5714,40.0,5,SC,0.024805,0.018091,0.2898929889554009,0.0621896940324536,0.0583679749887721,GPR
0.147857,1.5714,40.0,5,SC,0.023365,0.01745,0.3148316088633973,0.0693023202596536,0.0642656499918911,GPR
0.158571,1.5714,40.0,5,SC,0.02218,0.016903,0.3403667345946098,0.0768781438068387,0.0704737443187441,GPR
0.169286,1.5714,40.0,5,SC,0.021207,0.016436,0.3665311724803841,0.0849447992251045,0.077014574771215,GPR
0.18,1.5714,40.0,5,SC,0.020412,0.016036,0.3933488582912199,0.0935262224977547,0.0839075324330423,GPR
0.03,1.75,40.0,5,SC,0.124896,0.049971,0.0665301360208154,0.0109701336217035,0.011967370308351,GPR
0.040714,1.75,40.0,5,SC,0.101017,0.04136,0.0871591469673739,0.0147691118431046,0.0158255560173288,GPR
0.051429,1.75,40.0,5,SC,0.081798,0.035877,0.1081048454087395,0.0188236042560309,0.0198265841754177,GPR
0.062143,1.75,40.0,5,SC,0.070379,0.032015,0.1293833589694963,0.023142101375831,0.0239770167693537,GPR
0.072857,1.75,40.0,5,SC,0.062819,0.02913,0.151019443555247,0.0277374565718414,0.0282872599342008,GPR
0.083571,1.75,40.0,5,SC,0.057123,0.026888,0.1730383892289127,0.0326253053024461,0.0327699652934809,GPR
0.094286,1.75,40.0,5,SC,0.05244,0.025099,0.1954697303026674,0.0378247459614652,0.0374406540757777,GPR
0.105,1.75,40.0,5,SC,0.048339,0.023641,0.218338456582856,0.0433560907810373,0.0423157014338971,GPR
0.115714,1.75,40.0,5,SC,0.044599,0.022437,0.2416771621073271,0.0492434037935011,0.0474146302078575,GPR
0.126429,1.75,40.0,5,SC,0.041153,0.02143,0.2655195274429045,0.0555127379871405,0.0527585182943906,GPR
0.137143,1.75,40.0,5,SC,0.03806,0.020582,0.2898929889554009,0.0621896940324536,0.0583679749887721,GPR
0.147857,1.75,40.0,5,SC,0.035414,0.019864,0.3148316088633973,0.0693023202596536,0.0642656499918911,GPR
0.158571,1.75,40.0,5,SC,0.033248,0.019253,0.3403667345946098,0.0768781438068387,0.0704737443187441,GPR
0.169286,1.75,40.0,5,SC,0.031525,0.018733,0.3665311724803841,0.0849447992251045,0.077014574771215,GPR
0.18,1.75,40.0,5,SC,0.030177,0.018291,0.3933488582912199,0.0935262224977547,0.0839075324330423,GPR
0.03,1.9286,40.0,5,SC,0.141933,0.061972,0.0665301360208154,0.0109701336217035,0.011967370308351,GPR
0.040714,1.9286,40.0,5,SC,0.126539,0.049179,0.0871591469673739,0.0147691118431046,0.0158255560173288,GPR
0.051429,1.9286,40.0,5,SC,0.110156,0.041848,0.1081048454087395,0.0188236042560309,0.0198265841754177,GPR
0.062143,1.9286,40.0,5,SC,0.093233,0.036961,0.1293833589694963,0.023142101375831,0.0239770167693537,GPR
0.072857,1.9286,40.0,5,SC,0.080213,0.033426,0.151019443555247,0.0277374565718414,0.0282872599342008,GPR
0.083571,1.9286,40.0,5,SC,0.071565,0.030739,0.1730383892289127,0.0326253053024461,0.0327699652934809,GPR
0.094286,1.9286,40.0,5,SC,0.065518,0.028626,0.1954697303026674,0.0378247459614652,0.0374406540757777,GPR
0.105,1.9286,40.0,5,SC,0.060965,0.026925,0.218338456582856,0.0433560907810373,0.0423157014338971,GPR
0.115714,1.9286,40.0,5,SC,0.057349,0.025531,0.2416771621073271,0.0492434037935011,0.0474146302078575,GPR
0.126429,1.9286,40.0,5,SC,0.054375,0.024375,0.2655195274429045,0.0555127379871405,0.0527585182943906,GPR
0.137143,1.9286,40.0,5,SC,0.051875,0.023407,0.2898929889554009,0.0621896940324536,0.0583679749887721,GPR
0.147857,1.9286,40.0,5,SC,0.049746,0.022593,0.3148316088633973,0.0693023202596536,0.0642656499918911,GPR
0.158571,1.9286,40.0,5,SC,0.047926,0.021905,0.3403667345946098,0.0768781438068387,0.0704737443187441,GPR
0.169286,1.9286,40.0,5,SC,0.046373,0.021323,0.3665311724803841,0.0849447992251045,0.077014574771215,GPR
0.18,1.9286,40.0,5,SC,0.04506,0.020832,0.3933488582912199,0.0935262224977547,0.0839075324330423,GPR
0.03,2.1071,40.0,5,SC,0.153511,0.0863,0.0665301360208154,0.0109701336217035,0.011967370308351,GPR
0.040714,2.1071,40.0,5,SC,0.1411,0.06175,0.0871591469673739,0.0147691118431046,0.0158255560173288,GPR
0.051429,2.1071,40.0,5,SC,0.129813,0.050425,0.1081048454087395,0.0188236042560309,0.0198265841754177,GPR
0.062143,2.1071,40.0,5,SC,0.118843,0.043612,0.1293833589694963,0.023142101375831,0.0239770167693537,GPR
0.072857,2.1071,40.0,5,SC,0.107477,0.038966,0.151019443555247,0.0277374565718414,0.0282872599342008,GPR
0.083571,2.1071,40.0,5,SC,0.095894,0.035562,0.1730383892289127,0.0326253053024461,0.0327699652934809,GPR
0.094286,2.1071,40.0,5,SC,0.085652,0.032954,0.1954697303026674,0.0378247459614652,0.0374406540757777,GPR
0.105,2.1071,40.0,5,SC,0.077793,0.030892,0.218338456582856,0.0433560907810373,0.0423157014338971,GPR
0.115714,2.1071,40.0,5,SC,0.072005,0.029228,0.2416771621073271,0.0492434037935011,0.0474146302078575,GPR
0.126429,2.1071,40.0,5,SC,0.067658,0.027864,0.2655195274429045,0.0555127379871405,0.0527585182943906,GPR
0.137143,2.1071,40.0,5,SC,0.064288,0.026734,0.2898929889554009,0.0621896940324536,0.0583679749887721,GPR
0.147857,2.1071,40.0,5,SC,0.061606,0.025791,0.3148316088633973,0.0693023202596536,0.0642656499918911,GPR
0.158571,2.1071,40.0,5,SC,0.059435,0.025002,0.3403667345946098,0.0768781438068387,0.0704737443187441,GPR
0.169286,2.1071,40.0,5,SC,0.057661,0.024342,0.3665311724803841,0.0849447992251045,0.077014574771215,GPR
0.18,2.1071,40.0,5,SC,0.056209,0.023791,0.3933488582912199,0.0935262224977547,0.0839075324330423,GPR
0.03,2.2857,40.0,5,SC,0.162741,0.173846,0.0665301360208154,0.0109701336217035,0.011967370308351,GPR
0.040714,2.2857,40.0,5,SC,0.151653,0.088468,0.0871591469673739,0.0147691118431046,0.0158255560173288,GPR
0.051429,2.2857,40.0,5,SC,0.14202,0.06508,0.1081048454087395,0.0188236042560309,0.0198265841754177,GPR
0.062143,2.2857,40.0,5,SC,0.133446,0.053752,0.1293833589694963,0.023142101375831,0.0239770167693537,GPR
0.072857,2.2857,40.0,5,SC,0.125599,0.046847,0.151019443555247,0.0277374565718414,0.0282872599342008,GPR
0.083571,2.2857,40.0,5,SC,0.118192,0.042119,0.1730383892289127,0.0326253053024461,0.0327699652934809,GPR
0.094286,2.2857,40.0,5,SC,0.110998,0.038653,0.1954697303026674,0.0378247459614652,0.0374406540757777,GPR
0.105,2.2857,40.0,5,SC,0.103922,0.035999,0.218338456582856,0.0433560907810373,0.0423157014338971,GPR
0.115714,2.2857,40.0,5,SC,0.097078,0.033907,0.2416771621073271,0.0492434037935011,0.0474146302078575,GPR
0.126429,2.2857,40.0,5,SC,0.090772,0.032224,0.2655195274429045,0.0555127379871405,0.0527585182943906,GPR
0.137143,2.2857,40.0,5,SC,0.085308,0.030852,0.2898929889554009,0.0621896940324536,0.0583679749887721,GPR
0.147857,2.2857,40.0,5,SC,0.0808,0.029723,0.3148316088633973,0.0693023202596536,0.0642656499918911,GPR
0.158571,2.2857,40.0,5,SC,0.07719,0.028791,0.3403667345946098,0.0768781438068387,0.0704737443187441,GPR
0.169286,2.2857,40.0,5,SC,0.074342,0.028022,0.3665311724803841,0.0849447992251045,0.077014574771215,GPR
0.18,2.2857,40.0,5,SC,0.072121,0.02739,0.3933488582912199,0.0935262224977547,0.0839075324330423,GPR
0.03,2.4643,40.0,5,SC,0.170619,0.501008,0.0665301360208154,0.0109701336217035,0.011967370308351,GPR
0.040714,2.4643,40.0,5,SC,0.160336,0.196002,0.0871591469673739,0.0147691118431046,0.0158255560173288,GPR
0.051429,2.4643,40.0,5,SC,0.151529,0.100438,0.1081048454087395,0.0188236042560309,0.0198265841754177,GPR
0.062143,2.4643,40.0,5,SC,0.143866,0.073051,0.1293833589694963,0.023142101375831,0.0239770167693537,GPR
0.072857,2.4643,40.0,5,SC,0.13711,0.06003,0.151019443555247,0.0277374565718414,0.0282872599342008,GPR
0.083571,2.4643,40.0,5,SC,0.131085,0.052249,0.1730383892289127,0.0326253053024461,0.0327699652934809,GPR
0.094286,2.4643,40.0,5,SC,0.125656,0.047005,0.1954697303026674,0.0378247459614652,0.0374406540757777,GPR
0.105,2.4643,40.0,5,SC,0.120722,0.043211,0.218338456582856,0.0433560907810373,0.0423157014338971,GPR
0.115714,2.4643,40.0,5,SC,0.116211,0.040339,0.2416771621073271,0.0492434037935011,0.0474146302078575,GPR
0.126429,2.4643,40.0,5,SC,0.112081,0.0381,0.2655195274429045,0.0555127379871405,0.0527585182943906,GPR
0.137143,2.4643,40.0,5,SC,0.108317,0.036321,0.2898929889554009,0.0621896940324536,0.0583679749887721,GPR
0.147857,2.4643,40.0,5,SC,0.104921,0.034889,0.3148316088633973,0.0693023202596536,0.0642656499918911,GPR
0.158571,2.4643,40.0,5,SC,0.101913,0.03373,0.3403667345946098,0.0768781438068387,0.0704737443187441,GPR
0.169286,2.4643,40.0,5,SC,0.099314,0.032793,0.3665311724803841,0.0849447992251045,0.077014574771215,GPR
0.18,2.4643,40.0,5,SC,0.097138,0.03204,0.3933488582912199,0.0935262224977547,0.0839075324330423,GPR
0.03,2.6429,40.0,5,SC,0.177711,0.219907,0.0665301360208154,0.0109701336217035,0.011967370308351,GPR
0.040714,2.6429,40.0,5,SC,0.167919,0.445627,0.0871591469673739,0.0147691118431046,0.0158255560173288,GPR
0.051429,2.6429,40.0,5,SC,0.159628,0.289366,0.1081048454087395,0.0188236042560309,0.0198265841754177,GPR
0.062143,2.6429,40.0,5,SC,0.152482,0.13244,0.1293833589694963,0.023142101375831,0.0239770167693537,GPR
0.072857,2.6429,40.0,5,SC,0.146252,0.09027,0.151019443555247,0.0277374565718414,0.0282872599342008,GPR
0.083571,2.6429,40.0,5,SC,0.140777,0.071958,0.1730383892289127,0.0326253053024461,0.0327699652934809,GPR
0.094286,2.6429,40.0,5,SC,0.135938,0.061682,0.1954697303026674,0.0378247459614652,0.0374406540757777,GPR
0.105,2.6429,40.0,5,SC,0.131646,0.055057,0.218338456582856,0.0433560907810373,0.0423157014338971,GPR
0.115714,2.6429,40.0,5,SC,0.127835,0.05042,0.2416771621073271,0.0492434037935011,0.0474146302078575,GPR
0.126429,2.6429,40.0,5,SC,0.124451,0.047006,0.2655195274429045,0.0555127379871405,0.0527585182943906,GPR
0.137143,2.6429,40.0,5,SC,0.121456,0.044407,0.2898929889554009,0.0621896940324536,0.0583679749887721,GPR
0.147857,2.6429,40.0,5,SC,0.11882,0.042391,0.3148316088633973,0.0693023202596536,0.0642656499918911,GPR
0.158571,2.6429,40.0,5,SC,0.11652,0.04081,0.3403667345946098,0.0768781438068387,0.0704737443187441,GPR
0.169286,2.6429,40.0,5,SC,0.114538,0.03957,0.3665311724803841,0.0849447992251045,0.077014574771215,GPR
0.18,2.6429,40.0,5,SC,0.112857,0.038607,0.3933488582912199,0.0935262224977547,0.0839075324330423,GPR
0.03,2.8214,40.0,5,SC,0.184447,0.347936,0.0665301360208154,0.0109701336217035,0.011967370308351,GPR
0.040714,2.8214,40.0,5,SC,0.174885,0.213807,0.0871591469673739,0.0147691118431046,0.0158255560173288,GPR
0.051429,2.8214,40.0,5,SC,0.166891,0.30583,0.1081048454087395,0.0188236042560309,0.0198265841754177,GPR
0.062143,2.8214,40.0,5,SC,0.16007,0.512542,0.1293833589694963,0.023142101375831,0.0239770167693537,GPR
0.072857,2.8214,40.0,5,SC,0.154168,0.235193,0.151019443555247,0.0277374565718414,0.0282872599342008,GPR
0.083571,2.8214,40.0,5,SC,0.149015,0.13567,0.1730383892289127,0.0326253053024461,0.0327699652934809,GPR
0.094286,2.8214,40.0,5,SC,0.144492,0.099114,0.1954697303026674,0.0378247459614652,0.0374406540757777,GPR
0.105,2.8214,40.0,5,SC,0.140508,0.081124,0.218338456582856,0.0433560907810373,0.0423157014338971,GPR
0.115714,2.8214,40.0,5,SC,0.136995,0.070549,0.2416771621073271,0.0492434037935011,0.0474146302078575,GPR
0.126429,2.8214,40.0,5,SC,0.133901,0.063638,0.2655195274429045,0.0555127379871405,0.0527585182943906,GPR
0.137143,2.8214,40.0,5,SC,0.131182,0.058815,0.2898929889554009,0.0621896940324536,0.0583679749887721,GPR
0.147857,2.8214,40.0,5,SC,0.128804,0.055316,0.3148316088633973,0.0693023202596536,0.0642656499918911,GPR
0.158571,2.8214,40.0,5,SC,0.126737,0.052722,0.3403667345946098,0.0768781438068387,0.0704737443187441,GPR
0.169286,2.8214,40.0,5,SC,0.124958,0.050789,0.3665311724803841,0.0849447992251045,0.077014574771215,GPR
0.18,2.8214,40.0,5,SC,0.123444,0.049367,0.3933488582912199,0.0935262224977547,0.0839075324330423,GPR
0.03,3.0,40.0,5,SC,0.191068,0.89493,0.0665301360208154,0.0109701336217035,0.011967370308351,GPR
0.040714,3.0,40.0,5,SC,0.181626,0.363977,0.0871591469673739,0.0147691118431046,0.0158255560173288,GPR
0.051429,3.0,40.0,5,SC,0.173737,0.220779,0.1081048454087395,0.0188236042560309,0.0198265841754177,GPR
0.062143,3.0,40.0,5,SC,0.167077,0.21582,0.1293833589694963,0.023142101375831,0.0239770167693537,GPR
0.072857,3.0,40.0,5,SC,0.16137,0.35409,0.151019443555247,0.0277374565718414,0.0282872599342008,GPR
0.083571,3.0,40.0,5,SC,0.156424,0.526272,0.1730383892289127,0.0326253053024461,0.0327699652934809,GPR
0.094286,3.0,40.0,5,SC,0.152107,0.322788,0.1954697303026674,0.0378247459614652,0.0374406540757777,GPR
0.105,3.0,40.0,5,SC,0.148324,0.194517,0.218338456582856,0.0433560907810373,0.0423157014338971,GPR
0.115714,3.0,40.0,5,SC,0.145003,0.139741,0.2416771621073271,0.0492434037935011,0.0474146302078575,GPR
0.126429,3.0,40.0,5,SC,0.142089,0.112389,0.2655195274429045,0.0555127379871405,0.0527585182943906,GPR
0.137143,3.0,40.0,5,SC,0.139539,0.096696,0.2898929889554009,0.0621896940324536,0.0583679749887721,GPR
0.147857,3.0,40.0,5,SC,0.137316,0.086836,0.3148316088633973,0.0693023202596536,0.0642656499918911,GPR
0.158571,3.0,40.0,5,SC,0.135391,0.080303,0.3403667345946098,0.0768781438068387,0.0704737443187441,GPR
0.169286,3.0,40.0,5,SC,0.133741,0.07588,0.3665311724803841,0.0849447992251045,0.077014574771215,GPR
0.18,3.0,40.0,5,SC,0.132343,0.07292,0.3933488582912199,0.0935262224977547,0.0839075324330423,GPR
0.03,0.5,10.0,10,SC,0.652933,0.510879,0.0665301360208154,0.0109701336217035,0.011967370308351,GPR
0.040714,0.5,10.0,10,SC,0.634326,0.515423,0.0871591469673739,0.0147691118431046,0.0158255560173288,GPR
0.051429,0.5,10.0,10,SC,0.619142,0.554179,0.1081048454087395,0.0188236042560309,0.0198265841754177,GPR
0.062143,0.5,10.0,10,SC,0.601935,0.602968,0.1293833589694963,0.023142101375831,0.0239770167693537,GPR
0.072857,0.5,10.0,10,SC,0.583414,0.640459,0.151019443555247,0.0277374565718414,0.0282872599342008,GPR
0.083571,0.5,10.0,10,SC,0.565859,0.655493,0.1730383892289127,0.0326253053024461,0.0327699652934809,GPR
0.094286,0.5,10.0,10,SC,0.55011,0.649439,0.1954697303026674,0.0378247459614652,0.0374406540757777,GPR
0.105,0.5,10.0,10,SC,0.536009,0.630162,0.218338456582856,0.0433560907810373,0.0423157014338971,GPR
0.115714,0.5,10.0,10,SC,0.523172,0.605406,0.2416771621073271,0.0492434037935011,0.0474146302078575,GPR
0.126429,0.5,10.0,10,SC,0.511363,0.580195,0.2655195274429045,0.0555127379871405,0.0527585182943906,GPR
0.137143,0.5,10.0,10,SC,0.5005,0.557035,0.2898929889554009,0.0621896940324536,0.0583679749887721,GPR
0.147857,0.5,10.0,10,SC,0.490556,0.536842,0.3148316088633973,0.0693023202596536,0.0642656499918911,GPR
0.158571,0.5,10.0,10,SC,0.481505,0.519718,0.3403667345946098,0.0768781438068387,0.0704737443187441,GPR
0.169286,0.5,10.0,10,SC,0.473303,0.505411,0.3665311724803841,0.0849447992251045,0.077014574771215,GPR
0.18,0.5,10.0,10,SC,0.465896,0.493562,0.3933488582912199,0.0935262224977547,0.0839075324330423,GPR
0.03,0.6786,10.0,10,SC,0.601867,0.878092,0.0665301360208154,0.0109701336217035,0.011967370308351,GPR
0.040714,0.6786,10.0,10,SC,0.616103,0.746018,0.0871591469673739,0.0147691118431046,0.0158255560173288,GPR
0.051429,0.6786,10.0,10,SC,0.630092,0.640482,0.1081048454087395,0.0188236042560309,0.0198265841754177,GPR
0.062143,0.6786,10.0,10,SC,0.636334,0.565522,0.1293833589694963,0.023142101375831,0.0239770167693537,GPR
0.072857,0.6786,10.0,10,SC,0.634967,0.513824,0.151019443555247,0.0277374565718414,0.0282872599342008,GPR
0.083571,0.6786,10.0,10,SC,0.629349,0.478461,0.1730383892289127,0.0326253053024461,0.0327699652934809,GPR
0.094286,0.6786,10.0,10,SC,0.621955,0.454433,0.1954697303026674,0.0378247459614652,0.0374406540757777,GPR
0.105,0.6786,10.0,10,SC,0.614123,0.438279,0.218338456582856,0.0433560907810373,0.0423157014338971,GPR
0.115714,0.6786,10.0,10,SC,0.606498,0.427581,0.2416771621073271,0.0492434037935011,0.0474146302078575,GPR
0.126429,0.6786,10.0,10,SC,0.59935,0.420604,0.2655195274429045,0.0555127379871405,0.0527585182943906,GPR
0.137143,0.6786,10.0,10,SC,0.59275,0.416081,0.2898929889554009,0.0621896940324536,0.0583679749887721,GPR
0.147857,0.6786,10.0,10,SC,0.586666,0.413073,0.3148316088633973,0.0693023202596536,0.0642656499918911,GPR
0.158571,0.6786,10.0,10,SC,0.581026,0.410885,0.3403667345946098,0.0768781438068387,0.0704737443187441,GPR
0.169286,0.6786,10.0,10,SC,0.575751,0.409018,0.3665311724803841,0.0849447992251045,0.077014574771215,GPR
0.18,0.6786,10.0,10,SC,0.570775,0.407124,0.3933488582912199,0.0935262224977547,0.0839075324330423,GPR
0.03,0.8571,10.0,10,SC,0.538303,0.715468,0.0665301360208154,0.0109701336217035,0.011967370308351,GPR
0.040714,0.8571,10.0,10,SC,0.548272,0.848797,0.0871591469673739,0.0147691118431046,0.0158255560173288,GPR
0.051429,0.8571,10.0,10,SC,0.553166,0.93626,0.1081048454087395,0.0188236042560309,0.0198265841754177,GPR
0.062143,0.8571,10.0,10,SC,0.555481,0.970935,0.1293833589694963,0.023142101375831,0.0239770167693537,GPR
0.072857,0.8571,10.0,10,SC,0.556608,0.964013,0.151019443555247,0.0277374565718414,0.0282872599342008,GPR
0.083571,0.8571,10.0,10,SC,0.557308,0.932781,0.1730383892289127,0.0326253053024461,0.0327699652934809,GPR
0.094286,0.8571,10.0,10,SC,0.557954,0.891495,0.1954697303026674,0.0378247459614652,0.0374406540757777,GPR
0.105,0.8571,10.0,10,SC,0.558664,0.848991,0.218338456582856,0.0433560907810373,0.0423157014338971,GPR
0.115714,0.8571,10.0,10,SC,0.559393,0.80978,0.2416771621073271,0.0492434037935011,0.0474146302078575,GPR
0.126429,0.8571,10.0,10,SC,0.560009,0.775738,0.2655195274429045,0.0555127379871405,0.0527585182943906,GPR
0.137143,0.8571,10.0,10,SC,0.560354,0.747369,0.2898929889554009,0.0621896940324536,0.0583679749887721,GPR
0.147857,0.8571,10.0,10,SC,0.560294,0.724544,0.3148316088633973,0.0693023202596536,0.0642656499918911,GPR
0.158571,0.8571,10.0,10,SC,0.55974,0.706894,0.3403667345946098,0.0768781438068387,0.0704737443187441,GPR
0.169286,0.8571,10.0,10,SC,0.558652,0.694005,0.3665311724803841,0.0849447992251045,0.077014574771215,GPR
0.18,0.8571,10.0,10,SC,0.55703,0.685504,0.3933488582912199,0.0935262224977547,0.0839075324330423,GPR
0.03,1.0357,10.0,10,SC,0.436452,0.334425,0.0665301360208154,0.0109701336217035,0.011967370308351,GPR
0.040714,1.0357,10.0,10,SC,0.462154,0.388488,0.0871591469673739,0.0147691118431046,0.0158255560173288,GPR
0.051429,1.0357,10.0,10,SC,0.480802,0.44564,0.1081048454087395,0.0188236042560309,0.0198265841754177,GPR
0.062143,1.0357,10.0,10,SC,0.493907,0.50398,0.1293833589694963,0.023142101375831,0.0239770167693537,GPR
0.072857,1.0357,10.0,10,SC,0.503021,0.561363,0.151019443555247,0.0277374565718414,0.0282872599342008,GPR
0.083571,1.0357,10.0,10,SC,0.509337,0.615719,0.1730383892289127,0.0326253053024461,0.0327699652934809,GPR
0.094286,1.0357,10.0,10,SC,0.513698,0.665342,0.1954697303026674,0.0378247459614652,0.0374406540757777,GPR
0.105,1.0357,10.0,10,SC,0.516683,0.70906,0.218338456582856,0.0433560907810373,0.0423157014338971,GPR
0.115714,1.0357,10.0,10,SC,0.518695,0.746269,0.2416771621073271,0.0492434037935011,0.0474146302078575,GPR
0.126429,1.0357,10.0,10,SC,0.520012,0.776855,0.2655195274429045,0.0555127379871405,0.0527585182943906,GPR
0.137143,1.0357,10.0,10,SC,0.520831,0.80105,0.2898929889554009,0.0621896940324536,0.0583679749887721,GPR
0.147857,1.0357,10.0,10,SC,0.521294,0.819263,0.3148316088633973,0.0693023202596536,0.0642656499918911,GPR
0.158571,1.0357,10.0,10,SC,0.521501,0.83195,0.3403667345946098,0.0768781438068387,0.0704737443187441,GPR
0.169286,1.0357,10.0,10,SC,0.521527,0.839511,0.3665311724803841,0.0849447992251045,0.077014574771215,GPR
0.18,1.0357,10.0,10,SC,0.521427,0.842234,0.3933488582912199,0.0935262224977547,0.0839075324330423,GPR
0.03,1.2143,10.0,10,SC,0.335336,0.208053,0.0665301360208154,0.0109701336217035,0.011967370308351,GPR
0.040714,1.2143,10.0,10,SC,0.352805,0.225336,0.0871591469673739,0.0147691118431046,0.0158255560173288,GPR
0.051429,1.2143,10.0,10,SC,0.369068,0.242495,0.1081048454087395,0.0188236042560309,0.0198265841754177,GPR
0.062143,1.2143,10.0,10,SC,0.384003,0.259266,0.1293833589694963,0.023142101375831,0.0239770167693537,GPR
0.072857,1.2143,10.0,10,SC,0.397396,0.275339,0.151019443555247,0.0277374565718414,0.0282872599342008,GPR
0.083571,1.2143,10.0,10,SC,0.409088,0.290383,0.1730383892289127,0.0326253053024461,0.0327699652934809,GPR
0.094286,1.2143,10.0,10,SC,0.419039,0.304081,0.1954697303026674,0.0378247459614652,0.0374406540757777,GPR
0.105,1.2143,10.0,10,SC,0.427315,0.316148,0.218338456582856,0.0433560907810373,0.0423157014338971,GPR
0.115714,1.2143,10.0,10,SC,0.434053,0.326348,0.2416771621073271,0.0492434037935011,0.0474146302078575,GPR
0.126429,1.2143,10.0,10,SC,0.43941,0.334499,0.2655195274429045,0.0555127379871405,0.0527585182943906,GPR
0.137143,1.2143,10.0,10,SC,0.443539,0.340487,0.2898929889554009,0.0621896940324536,0.0583679749887721,GPR
0.147857,1.2143,10.0,10,SC,0.446573,0.344259,0.3148316088633973,0.0693023202596536,0.0642656499918911,GPR
0.158571,1.2143,10.0,10,SC,0.448616,0.345826,0.3403667345946098,0.0768781438068387,0.0704737443187441,GPR
0.169286,1.2143,10.0,10,SC,0.449743,0.345257,0.3665311724803841,0.0849447992251045,0.077014574771215,GPR
0.18,1.2143,10.0,10,SC,0.450005,0.342676,0.3933488582912199,0.0935262224977547,0.0839075324330423,GPR
0.03,1.3929,10.0,10,SC,0.279631,0.158378,0.0665301360208154,0.0109701336217035,0.011967370308351,GPR
0.040714,1.3929,10.0,10,SC,0.290856,0.165804,0.0871591469673739,0.0147691118431046,0.0158255560173288,GPR
0.051429,1.3929,10.0,10,SC,0.300679,0.172639,0.1081048454087395,0.0188236042560309,0.0198265841754177,GPR
0.062143,1.3929,10.0,10,SC,0.309331,0.178872,0.1293833589694963,0.023142101375831,0.0239770167693537,GPR
0.072857,1.3929,10.0,10,SC,0.316965,0.184468,0.151019443555247,0.0277374565718414,0.0282872599342008,GPR
0.083571,1.3929,10.0,10,SC,0.323686,0.18939,0.1730383892289127,0.0326253053024461,0.0327699652934809,GPR
0.094286,1.3929,10.0,10,SC,0.329569,0.193597,0.1954697303026674,0.0378247459614652,0.0374406540757777,GPR
0.105,1.3929,10.0,10,SC,0.334668,0.197063,0.218338456582856,0.0433560907810373,0.0423157014338971,GPR
0.115714,1.3929,10.0,10,SC,0.339032,0.19977,0.2416771621073271,0.0492434037935011,0.0474146302078575,GPR
0.126429,1.3929,10.0,10,SC,0.342708,0.201719,0.2655195274429045,0.0555127379871405,0.0527585182943906,GPR
0.137143,1.3929,10.0,10,SC,0.345747,0.202924,0.2898929889554009,0.0621896940324536,0.0583679749887721,GPR
0.147857,1.3929,10.0,10,SC,0.348208,0.203416,0.3148316088633973,0.0693023202596536,0.0642656499918911,GPR
0.158571,1.3929,10.0,10,SC,0.350155,0.203242,0.3403667345946098,0.0768781438068387,0.0704737443187441,GPR
0.169286,1.3929,10.0,10,SC,0.35166,0.202459,0.3665311724803841,0.0849447992251045,0.077014574771215,GPR
0.18,1.3929,10.0,10,SC,0.3528,0.201135,0.3933488582912199,0.0935262224977547,0.0839075324330423,GPR
0.03,1.5714,10.0,10,SC,0.241078,0.133387,0.0665301360208154,0.0109701336217035,0.011967370308351,GPR
0.040714,1.5714,10.0,10,SC,0.250542,0.137737,0.0871591469673739,0.0147691118431046,0.0158255560173288,GPR
0.051429,1.5714,10.0,10,SC,0.258831,0.141552,0.1081048454087395,0.0188236042560309,0.0198265841754177,GPR
0.062143,1.5714,10.0,10,SC,0.266128,0.144881,0.1293833589694963,0.023142101375831,0.0239770167693537,GPR
0.072857,1.5714,10.0,10,SC,0.272579,0.147757,0.151019443555247,0.0277374565718414,0.0282872599342008,GPR
0.083571,1.5714,10.0,10,SC,0.278302,0.150207,0.1730383892289127,0.0326253053024461,0.0327699652934809,GPR
0.094286,1.5714,10.0,10,SC,0.283397,0.152255,0.1954697303026674,0.0378247459614652,0.0374406540757777,GPR
0.105,1.5714,10.0,10,SC,0.287947,0.153921,0.218338456582856,0.0433560907810373,0.0423157014338971,GPR
0.115714,1.5714,10.0,10,SC,0.292025,0.15523,0.2416771621073271,0.0492434037935011,0.0474146302078575,GPR
0.126429,1.5714,10.0,10,SC,0.295696,0.15621,0.2655195274429045,0.0555127379871405,0.0527585182943906,GPR
0.137143,1.5714,10.0,10,SC,0.299018,0.156888,0.2898929889554009,0.0621896940324536,0.0583679749887721,GPR
0.147857,1.5714,10.0,10,SC,0.302045,0.157299,0.3148316088633973,0.0693023202596536,0.0642656499918911,GPR
0.158571,1.5714,10.0,10,SC,0.304826,0.157477,0.3403667345946098,0.0768781438068387,0.0704737443187441,GPR
0.169286,1.5714,10.0,10,SC,0.307406,0.157461,0.3665311724803841,0.0849447992251045,0.077014574771215,GPR
0.18,1.5714,10.0,10,SC,0.309826,0.157289,0.3933488582912199,0.0935262224977547,0.0839075324330423,GPR
0.03,0.5,13.3333,10,SC,0.530393,0.58726,0.0665301360208154,0.0109701336217035,0.011967370308351,GPR
0.040714,0.5,13.3333,10,SC,0.480278,0.581754,0.0871591469673739,0.0147691118431046,0.0158255560173288,GPR
0.051429,0.5,13.3333,10,SC,0.437475,0.518763,0.1081048454087395,0.0188236042560309,0.0198265841754177,GPR
0.062143,0.5,13.3333,10,SC,0.401689,0.475391,0.1293833589694963,0.023142101375831,0.0239770167693537,GPR
0.072857,0.5,13.3333,10,SC,0.371955,0.455673,0.151019443555247,0.0277374565718414,0.0282872599342008,GPR
0.083571,0.5,13.3333,10,SC,0.34712,0.443514,0.1730383892289127,0.0326253053024461,0.0327699652934809,GPR
0.094286,0.5,13.3333,10,SC,0.32622,0.429641,0.1954697303026674,0.0378247459614652,0.0374406540757777,GPR
0.105,0.5,13.3333,10,SC,0.308512,0.413306,0.218338456582856,0.0433560907810373,0.0423157014338971,GPR
0.115714,0.5,13.3333,10,SC,0.293424,0.396789,0.2416771621073271,0.0492434037935011,0.0474146302078575,GPR
0.126429,0.5,13.3333,10,SC,0.280512,0.381791,0.2655195274429045,0.0555127379871405,0.0527585182943906,GPR
0.137143,0.5,13.3333,10,SC,0.269425,0.368851,0.2898929889554009,0.0621896940324536,0.0583679749887721,GPR
0.147857,0.5,13.3333,10,SC,0.259882,0.357839,0.3148316088633973,0.0693023202596536,0.0642656499918911,GPR
0.158571,0.5,13.3333,10,SC,0.251657,0.348422,0.3403667345946098,0.0768781438068387,0.0704737443187441,GPR
0.169286,0.5,13.3333,10,SC,0.244568,0.340278,0.3665311724803841,0.0849447992251045,0.077014574771215,GPR
0.18,0.5,13.3333,10,SC,0.238465,0.333164,0.3933488582912199,0.0935262224977547,0.0839075324330423,GPR
0.03,0.6786,13.3333,10,SC,0.650593,0.837056,0.0665301360208154,0.0109701336217035,0.011967370308351,GPR
0.040714,0.6786,13.3333,10,SC,0.625398,0.63965,0.0871591469673739,0.0147691118431046,0.0158255560173288,GPR
0.051429,0.6786,13.3333,10,SC,0.597762,0.528754,0.1081048454087395,0.0188236042560309,0.0198265841754177,GPR
0.062143,0.6786,13.3333,10,SC,0.572864,0.488281,0.1293833589694963,0.023142101375831,0.0239770167693537,GPR
0.072857,0.6786,13.3333,10,SC,0.548911,0.49042,0.151019443555247,0.0277374565718414,0.0282872599342008,GPR
0.083571,0.6786,13.3333,10,SC,0.527396,0.516423,0.1730383892289127,0.0326253053024461,0.0327699652934809,GPR
0.094286,0.6786,13.3333,10,SC,0.508313,0.550645,0.1954697303026674,0.0378247459614652,0.0374406540757777,GPR
0.105,0.6786,13.3333,10,SC,0.491147,0.57978,0.218338456582856,0.0433560907810373,0.0423157014338971,GPR
0.115714,0.6786,13.3333,10,SC,0.475725,0.595931,0.2416771621073271,0.0492434037935011,0.0474146302078575,GPR
0.126429,0.6786,13.3333,10,SC,0.461905,0.59806,0.2655195274429045,0.0555127379871405,0.0527585182943906,GPR
0.137143,0.6786,13.3333,10,SC,0.449543,0.589729,0.2898929889554009,0.0621896940324536,0.0583679749887721,GPR
0.147857,0.6786,13.3333,10,SC,0.438517,0.575653,0.3148316088633973,0.0693023202596536,0.0642656499918911,GPR
0.158571,0.6786,13.3333,10,SC,0.428724,0.559619,0.3403667345946098,0.0768781438068387,0.0704737443187441,GPR
0.169286,0.6786,13.3333,10,SC,0.420069,0.543988,0.3665311724803841,0.0849447992251045,0.077014574771215,GPR
0.18,0.6786,13.3333,10,SC,0.412458,0.529984,0.3933488582912199,0.0935262224977547,0.0839075324330423,GPR
0.03,0.8571,13.3333,10,SC,0.648772,0.498861,0.0665301360208154,0.0109701336217035,0.011967370308351,GPR
0.040714,0.8571,13.3333,10,SC,0.650175,0.664643,0.0871591469673739,0.0147691118431046,0.0158255560173288,GPR
0.051429,0.8571,13.3333,10,SC,0.640962,0.842983,0.1081048454087395,0.0188236042560309,0.0198265841754177,GPR
0.062143,0.8571,13.3333,10,SC,0.632058,0.938954,0.1293833589694963,0.023142101375831,0.0239770167693537,GPR
0.072857,0.8571,13.3333,10,SC,0.626172,0.917121,0.151019443555247,0.0277374565718414,0.0282872599342008,GPR
0.083571,0.8571,13.3333,10,SC,0.620065,0.831133,0.1730383892289127,0.0326253053024461,0.0327699652934809,GPR
0.094286,0.8571,13.3333,10,SC,0.611209,0.736879,0.1954697303026674,0.0378247459614652,0.0374406540757777,GPR
0.105,0.8571,13.3333,10,SC,0.60058,0.657313,0.218338456582856,0.0433560907810373,0.0423157014338971,GPR
0.115714,0.8571,13.3333,10,SC,0.589655,0.595978,0.2416771621073271,0.0492434037935011,0.0474146302078575,GPR
0.126429,0.8571,13.3333,10,SC,0.579279,0.550181,0.2655195274429045,0.0555127379871405,0.0527585182943906,GPR
0.137143,0.8571,13.3333,10,SC,0.569785,0.516293,0.2898929889554009,0.0621896940324536,0.0583679749887721,GPR
0.147857,0.8571,13.3333,10,SC,0.561219,0.491219,0.3148316088633973,0.0693023202596536,0.0642656499918911,GPR
0.158571,0.8571,13.3333,10,SC,0.553508,0.472609,0.3403667345946098,0.0768781438068387,0.0704737443187441,GPR
0.169286,0.8571,13.3333,10,SC,0.546546,0.458756,0.3665311724803841,0.0849447992251045,0.077014574771215,GPR
0.18,0.8571,13.3333,10,SC,0.54025,0.448452,0.3933488582912199,0.0935262224977547,0.0839075324330423,GPR
0.03,1.0357,13.3333,10,SC,0.573429,0.334062,0.0665301360208154,0.0109701336217035,0.011967370308351,GPR
0.040714,1.0357,13.3333,10,SC,0.581795,0.337791,0.0871591469673739,0.0147691118431046,0.0158255560173288,GPR
0.051429,1.0357,13.3333,10,SC,0.592649,0.357191,0.1081048454087395,0.0188236042560309,0.0198265841754177,GPR
0.062143,1.0357,13.3333,10,SC,0.606367,0.390124,0.1293833589694963,0.023142101375831,0.0239770167693537,GPR
0.072857,1.0357,13.3333,10,SC,0.616729,0.434698,0.151019443555247,0.0277374565718414,0.0282872599342008,GPR
0.083571,1.0357,13.3333,10,SC,0.620495,0.488478,0.1730383892289127,0.0326253053024461,0.0327699652934809,GPR
0.094286,1.0357,13.3333,10,SC,0.619507,0.54811,0.1954697303026674,0.0378247459614652,0.0374406540757777,GPR
0.105,1.0357,13.3333,10,SC,0.616042,0.609435,0.218338456582856,0.0433560907810373,0.0423157014338971,GPR
0.115714,1.0357,13.3333,10,SC,0.611493,0.668088,0.2416771621073271,0.0492434037935011,0.0474146302078575,GPR
0.126429,1.0357,13.3333,10,SC,0.6066,0.720323,0.2655195274429045,0.0555127379871405,0.0527585182943906,GPR
0.137143,1.0357,13.3333,10,SC,0.601732,0.763677,0.2898929889554009,0.0621896940324536,0.0583679749887721,GPR
0.147857,1.0357,13.3333,10,SC,0.597056,0.79718,0.3148316088633973,0.0693023202596536,0.0642656499918911,GPR
0.158571,1.0357,13.3333,10,SC,0.592633,0.821091,0.3403667345946098,0.0768781438068387,0.0704737443187441,GPR
0.169286,1.0357,13.3333,10,SC,0.588472,0.836407,0.3665311724803841,0.0849447992251045,0.077014574771215,GPR
0.18,1.0357,13.3333,10,SC,0.58456,0.844348,0.3933488582912199,0.0935262224977547,0.0839075324330423,GPR
0.03,1.2143,13.3333,10,SC,0.515375,0.380681,0.0665301360208154,0.0109701336217035,0.011967370308351,GPR
0.040714,1.2143,13.3333,10,SC,0.532878,0.349531,0.0871591469673739,0.0147691118431046,0.0158255560173288,GPR
0.051429,1.2143,13.3333,10,SC,0.542321,0.328991,0.1081048454087395,0.0188236042560309,0.0198265841754177,GPR
0.062143,1.2143,13.3333,10,SC,0.547544,0.316232,0.1293833589694963,0.023142101375831,0.0239770167693537,GPR
0.072857,1.2143,13.3333,10,SC,0.550584,0.309116,0.151019443555247,0.0277374565718414,0.0282872599342008,GPR
0.083571,1.2143,13.3333,10,SC,0.552565,0.306052,0.1730383892289127,0.0326253053024461,0.0327699652934809,GPR
0.094286,1.2143,13.3333,10,SC,0.554104,0.305821,0.1954697303026674,0.0378247459614652,0.0374406540757777,GPR
0.105,1.2143,13.3333,10,SC,0.555502,0.307457,0.218338456582856,0.0433560907810373,0.0423157014338971,GPR
0.115714,1.2143,13.3333,10,SC,0.556844,0.310168,0.2416771621073271,0.0492434037935011,0.0474146302078575,GPR
0.126429,1.2143,13.3333,10,SC,0.558066,0.313307,0.2655195274429045,0.0555127379871405,0.0527585182943906,GPR
0.137143,1.2143,13.3333,10,SC,0.55903,0.316345,0.2898929889554009,0.0621896940324536,0.0583679749887721,GPR
0.147857,1.2143,13.3333,10,SC,0.559588,0.318868,0.3148316088633973,0.0693023202596536,0.0642656499918911,GPR
0.158571,1.2143,13.3333,10,SC,0.559626,0.320573,0.3403667345946098,0.0768781438068387,0.0704737443187441,GPR
0.169286,1.2143,13.3333,10,SC,0.559085,0.321264,0.3665311724803841,0.0849447992251045,0.077014574771215,GPR
0.18,1.2143,13.3333,10,SC,0.557957,0.320851,0.3933488582912199,0.0935262224977547,0.0839075324330423,GPR
0.03,1.3929,13.3333,10,SC,0.417337,0.486985,0.0665301360208154,0.0109701336217035,0.011967370308351,GPR
0.040714,1.3929,13.3333,10,SC,0.445432,0.448337,0.0871591469673739,0.0147691118431046,0.0158255560173288,GPR
0.051429,1.3929,13.3333,10,SC,0.469686,0.415411,0.1081048454087395,0.0188236042560309,0.0198265841754177,GPR
0.062143,1.3929,13.3333,10,SC,0.487852,0.3888,0.1293833589694963,0.023142101375831,0.0239770167693537,GPR
0.072857,1.3929,13.3333,10,SC,0.500525,0.367768,0.151019443555247,0.0277374565718414,0.0282872599342008,GPR
0.083571,1.3929,13.3333,10,SC,0.509196,0.351308,0.1730383892289127,0.0326253053024461,0.0327699652934809,GPR
0.094286,1.3929,13.3333,10,SC,0.515132,0.338487,0.1954697303026674,0.0378247459614652,0.0374406540757777,GPR
0.105,1.3929,13.3333,10,SC,0.519209,0.328534,0.218338456582856,0.0433560907810373,0.0423157014338971,GPR
0.115714,1.3929,13.3333,10,SC,0.522008,0.320844,0.2416771621073271,0.0492434037935011,0.0474146302078575,GPR
0.126429,1.3929,13.3333,10,SC,0.523913,0.314948,0.2655195274429045,0.0555127379871405,0.0527585182943906,GPR
0.137143,1.3929,13.3333,10,SC,0.525181,0.310497,0.2898929889554009,0.0621896940324536,0.0583679749887721,GPR
0.147857,1.3929,13.3333,10,SC,0.525989,0.307235,0.3148316088633973,0.0693023202596536,0.0642656499918911,GPR
0.158571,1.3929,13.3333,10,SC,0.526457,0.304983,0.3403667345946098,0.0768781438068387,0.0704737443187441,GPR
0.169286,1.3929,13.3333,10,SC,0.526672,0.30363,0.3665311724803841,0.0849447992251045,0.077014574771215,GPR
0.18,1.3929,13.3333,10,SC,0.526694,0.303116,0.3933488582912199,0.0935262224977547,0.0839075324330423,GPR
0.03,1.5714,13.3333,10,SC,0.353015,0.560628,0.0665301360208154,0.0109701336217035,0.011967370308351,GPR
0.040714,1.5714,13.3333,10,SC,0.367668,0.551292,0.0871591469673739,0.0147691118431046,0.0158255560173288,GPR
0.051429,1.5714,13.3333,10,SC,0.381349,0.533549,0.1081048454087395,0.0188236042560309,0.0198265841754177,GPR
0.062143,1.5714,13.3333,10,SC,0.394412,0.513235,0.1293833589694963,0.023142101375831,0.0239770167693537,GPR
0.072857,1.5714,13.3333,10,SC,0.406872,0.493528,0.151019443555247,0.0277374565718414,0.0282872599342008,GPR
0.083571,1.5714,13.3333,10,SC,0.418497,0.475923,0.1730383892289127,0.0326253053024461,0.0327699652934809,GPR
0.094286,1.5714,13.3333,10,SC,0.428963,0.460986,0.1954697303026674,0.0378247459614652,0.0374406540757777,GPR
0.105,1.5714,13.3333,10,SC,0.438014,0.448828,0.218338456582856,0.0433560907810373,0.0423157014338971,GPR
0.115714,1.5714,13.3333,10,SC,0.445535,0.43936,0.2416771621073271,0.0492434037935011,0.0474146302078575,GPR
0.126429,1.5714,13.3333,10,SC,0.451542,0.432428,0.2655195274429045,0.0555127379871405,0.0527585182943906,GPR
0.137143,1.5714,13.3333,10,SC,0.45613,0.427879,0.2898929889554009,0.0621896940324536,0.0583679749887721,GPR
0.147857,1.5714,13.3333,10,SC,0.45942,0.42559,0.3148316088633973,0.0693023202596536,0.0642656499918911,GPR
0.158571,1.5714,13.3333,10,SC,0.461525,0.425484,0.3403667345946098,0.0768781438068387,0.0704737443187441,GPR
0.169286,1.5714,13.3333,10,SC,0.462537,0.427533,0.3665311724803841,0.0849447992251045,0.077014574771215,GPR
0.18,1.5714,13.3333,10,SC,0.462522,0.431762,0.3933488582912199,0.0935262224977547,0.0839075324330423,GPR
0.03,1.75,13.3333,10,SC,0.312703,0.511639,0.0665301360208154,0.0109701336217035,0.011967370308351,GPR
0.040714,1.75,13.3333,10,SC,0.324352,0.544255,0.0871591469673739,0.0147691118431046,0.0158255560173288,GPR
0.051429,1.75,13.3333,10,SC,0.334316,0.565405,0.1081048454087395,0.0188236042560309,0.0198265841754177,GPR
0.062143,1.75,13.3333,10,SC,0.342948,0.577727,0.1293833589694963,0.023142101375831,0.0239770167693537,GPR
0.072857,1.75,13.3333,10,SC,0.350492,0.584012,0.151019443555247,0.0277374565718414,0.0282872599342008,GPR
0.083571,1.75,13.3333,10,SC,0.357111,0.58668,0.1730383892289127,0.0326253053024461,0.0327699652934809,GPR
0.094286,1.75,13.3333,10,SC,0.362914,0.587607,0.1954697303026674,0.0378247459614652,0.0374406540757777,GPR
0.105,1.75,13.3333,10,SC,0.367974,0.588156,0.218338456582856,0.0433560907810373,0.0423157014338971,GPR
0.115714,1.75,13.3333,10,SC,0.372343,0.589273,0.2416771621073271,0.0492434037935011,0.0474146302078575,GPR
0.126429,1.75,13.3333,10,SC,0.376063,0.591605,0.2655195274429045,0.0555127379871405,0.0527585182943906,GPR
0.137143,1.75,13.3333,10,SC,0.379177,0.595592,0.2898929889554009,0.0621896940324536,0.0583679749887721,GPR
0.147857,1.75,13.3333,10,SC,0.381736,0.601527,0.3148316088633973,0.0693023202596536,0.0642656499918911,GPR
0.158571,1.75,13.3333,10,SC,0.383796,0.609611,0.3403667345946098,0.0768781438068387,0.0704737443187441,GPR
0.169286,1.75,13.3333,10,SC,0.385423,0.619965,0.3665311724803841,0.0849447992251045,0.077014574771215,GPR
0.18,1.75,13.3333,10,SC,0.38669,0.632641,0.3933488582912199,0.0935262224977547,0.0839075324330423,GPR
0.03,1.9286,13.3333,10,SC,0.279063,0.390734,0.0665301360208154,0.0109701336217035,0.011967370308351,GPR
0.040714,1.9286,13.3333,10,SC,0.29,0.429751,0.0871591469673739,0.0147691118431046,0.0158255560173288,GPR
0.051429,1.9286,13.3333,10,SC,0.299369,0.464273,0.1081048454087395,0.0188236042560309,0.0198265841754177,GPR
0.062143,1.9286,13.3333,10,SC,0.307459,0.494186,0.1293833589694963,0.023142101375831,0.0239770167693537,GPR
0.072857,1.9286,13.3333,10,SC,0.314491,0.519767,0.151019443555247,0.0277374565718414,0.0282872599342008,GPR
0.083571,1.9286,13.3333,10,SC,0.320638,0.541537,0.1730383892289127,0.0326253053024461,0.0327699652934809,GPR
0.094286,1.9286,13.3333,10,SC,0.326035,0.560118,0.1954697303026674,0.0378247459614652,0.0374406540757777,GPR
0.105,1.9286,13.3333,10,SC,0.330792,0.576121,0.218338456582856,0.0433560907810373,0.0423157014338971,GPR
0.115714,1.9286,13.3333,10,SC,0.334997,0.590071,0.2416771621073271,0.0492434037935011,0.0474146302078575,GPR
0.126429,1.9286,13.3333,10,SC,0.338726,0.602364,0.2655195274429045,0.0555127379871405,0.0527585182943906,GPR
0.137143,1.9286,13.3333,10,SC,0.342043,0.613244,0.2898929889554009,0.0621896940324536,0.0583679749887721,GPR
0.147857,1.9286,13.3333,10,SC,0.345005,0.622794,0.3148316088633973,0.0693023202596536,0.0642656499918911,GPR
0.158571,1.9286,13.3333,10,SC,0.347661,0.630926,0.3403667345946098,0.0768781438068387,0.0704737443187441,GPR
0.169286,1.9286,13.3333,10,SC,0.350054,0.637391,0.3665311724803841,0.0849447992251045,0.077014574771215,GPR
0.18,1.9286,13.3333,10,SC,0.352224,0.641789,0.3933488582912199,0.0935262224977547,0.0839075324330423,GPR
0.03,2.1071,13.3333,10,SC,0.248353,0.283402,0.0665301360208154,0.0109701336217035,0.011967370308351,GPR
0.040714,2.1071,13.3333,10,SC,0.258774,0.310404,0.0871591469673739,0.0147691118431046,0.0158255560173288,GPR
0.051429,2.1071,13.3333,10,SC,0.267841,0.335515,0.1081048454087395,0.0188236042560309,0.0198265841754177,GPR
0.062143,2.1071,13.3333,10,SC,0.275775,0.358427,0.1293833589694963,0.023142101375831,0.0239770167693537,GPR
0.072857,2.1071,13.3333,10,SC,0.282753,0.378934,0.151019443555247,0.0277374565718414,0.0282872599342008,GPR
0.083571,2.1071,13.3333,10,SC,0.28892,0.396912,0.1730383892289127,0.0326253053024461,0.0327699652934809,GPR
0.094286,2.1071,13.3333,10,SC,0.294394,0.412292,0.1954697303026674,0.0378247459614652,0.0374406540757777,GPR
0.105,2.1071,13.3333,10,SC,0.299271,0.425037,0.218338456582856,0.0433560907810373,0.0423157014338971,GPR
0.115714,2.1071,13.3333,10,SC,0.30363,0.435116,0.2416771621073271,0.0492434037935011,0.0474146302078575,GPR
0.126429,2.1071,13.3333,10,SC,0.307536,0.442495,0.2655195274429045,0.0555127379871405,0.0527585182943906,GPR
0.137143,2.1071,13.3333,10,SC,0.311042,0.447127,0.2898929889554009,0.0621896940324536,0.0583679749887721,GPR
0.147857,2.1071,13.3333,10,SC,0.314192,0.448958,0.3148316088633973,0.0693023202596536,0.0642656499918911,GPR
0.158571,2.1071,13.3333,10,SC,0.317019,0.447938,0.3403667345946098,0.0768781438068387,0.0704737443187441,GPR
0.169286,2.1071,13.3333,10,SC,0.319548,0.444036,0.3665311724803841,0.0849447992251045,0.077014574771215,GPR
0.18,2.1071,13.3333,10,SC,0.321795,0.437264,0.3933488582912199,0.0935262224977547,0.0839075324330423,GPR
0.03,0.5,16.6667,10,SC,0.319968,0.450622,0.0665301360208154,0.0109701336217035,0.011967370308351,GPR
0.040714,0.5,16.6667,10,SC,0.271435,0.400766,0.0871591469673739,0.0147691118431046,0.0158255560173288,GPR
0.051429,0.5,16.6667,10,SC,0.236573,0.351974,0.1081048454087395,0.0188236042560309,0.0198265841754177,GPR
0.062143,0.5,16.6667,10,SC,0.210367,0.311189,0.1293833589694963,0.023142101375831,0.0239770167693537,GPR
0.072857,0.5,16.6667,10,SC,0.189958,0.275197,0.151019443555247,0.0277374565718414,0.0282872599342008,GPR
0.083571,0.5,16.6667,10,SC,0.173674,0.244198,0.1730383892289127,0.0326253053024461,0.0327699652934809,GPR
0.094286,0.5,16.6667,10,SC,0.160462,0.217907,0.1954697303026674,0.0378247459614652,0.0374406540757777,GPR
0.105,0.5,16.6667,10,SC,0.149602,0.196013,0.218338456582856,0.0433560907810373,0.0423157014338971,GPR
0.115714,0.5,16.6667,10,SC,0.140582,0.178066,0.2416771621073271,0.0492434037935011,0.0474146302078575,GPR
0.126429,0.5,16.6667,10,SC,0.133025,0.16349,0.2655195274429045,0.0555127379871405,0.0527585182943906,GPR
0.137143,0.5,16.6667,10,SC,0.126649,0.151687,0.2898929889554009,0.0621896940324536,0.0583679749887721,GPR
0.147857,0.5,16.6667,10,SC,0.121243,0.142122,0.3148316088633973,0.0693023202596536,0.0642656499918911,GPR
0.158571,0.5,16.6667,10,SC,0.116642,0.134349,0.3403667345946098,0.0768781438068387,0.0704737443187441,GPR
0.169286,0.5,16.6667,10,SC,0.11272,0.128017,0.3665311724803841,0.0849447992251045,0.077014574771215,GPR
0.18,0.5,16.6667,10,SC,0.109376,0.122853,0.3933488582912199,0.0935262224977547,0.0839075324330423,GPR
0.03,0.6786,16.6667,10,SC,0.487751,0.536446,0.0665301360208154,0.0109701336217035,0.011967370308351,GPR
0.040714,0.6786,16.6667,10,SC,0.436053,0.522054,0.0871591469673739,0.0147691118431046,0.0158255560173288,GPR
0.051429,0.6786,16.6667,10,SC,0.394426,0.559047,0.1081048454087395,0.0188236042560309,0.0198265841754177,GPR
0.062143,0.6786,16.6667,10,SC,0.360279,0.516164,0.1293833589694963,0.023142101375831,0.0239770167693537,GPR
0.072857,0.6786,16.6667,10,SC,0.331893,0.458959,0.151019443555247,0.0277374565718414,0.0282872599342008,GPR
0.083571,0.6786,16.6667,10,SC,0.308176,0.430554,0.1730383892289127,0.0326253053024461,0.0327699652934809,GPR
0.094286,0.6786,16.6667,10,SC,0.288343,0.420428,0.1954697303026674,0.0378247459614652,0.0374406540757777,GPR
0.105,0.6786,16.6667,10,SC,0.271738,0.411952,0.218338456582856,0.0433560907810373,0.0423157014338971,GPR
0.115714,0.6786,16.6667,10,SC,0.25779,0.398508,0.2416771621073271,0.0492434037935011,0.0474146302078575,GPR
0.126429,0.6786,16.6667,10,SC,0.246019,0.381925,0.2655195274429045,0.0555127379871405,0.0527585182943906,GPR
0.137143,0.6786,16.6667,10,SC,0.236039,0.365638,0.2898929889554009,0.0621896940324536,0.0583679749887721,GPR
0.147857,0.6786,16.6667,10,SC,0.227541,0.35146,0.3148316088633973,0.0693023202596536,0.0642656499918911,GPR
0.158571,0.6786,16.6667,10,SC,0.220286,0.339708,0.3403667345946098,0.0768781438068387,0.0704737443187441,GPR
0.169286,0.6786,16.6667,10,SC,0.214085,0.330047,0.3665311724803841,0.0849447992251045,0.077014574771215,GPR
0.18,0.6786,16.6667,10,SC,0.208792,0.322029,0.3933488582912199,0.0935262224977547,0.0839075324330423,GPR
0.03,0.8571,16.6667,10,SC,0.597074,0.594016,0.0665301360208154,0.0109701336217035,0.011967370308351,GPR
0.040714,0.8571,16.6667,10,SC,0.562665,0.799385,0.0871591469673739,0.0147691118431046,0.0158255560173288,GPR
0.051429,0.8571,16.6667,10,SC,0.52942,0.753691,0.1081048454087395,0.0188236042560309,0.0198265841754177,GPR
0.062143,0.8571,16.6667,10,SC,0.498247,0.598185,0.1293833589694963,0.023142101375831,0.0239770167693537,GPR
0.072857,0.8571,16.6667,10,SC,0.470671,0.501091,0.151019443555247,0.0277374565718414,0.0282872599342008,GPR
0.083571,0.8571,16.6667,10,SC,0.446797,0.462786,0.1730383892289127,0.0326253053024461,0.0327699652934809,GPR
0.094286,0.8571,16.6667,10,SC,0.42617,0.461979,0.1954697303026674,0.0378247459614652,0.0374406540757777,GPR
0.105,0.8571,16.6667,10,SC,0.408299,0.481976,0.218338456582856,0.0433560907810373,0.0423157014338971,GPR
0.115714,0.8571,16.6667,10,SC,0.392764,0.508751,0.2416771621073271,0.0492434037935011,0.0474146302078575,GPR
0.126429,0.8571,16.6667,10,SC,0.379228,0.531069,0.2655195274429045,0.0555127379871405,0.0527585182943906,GPR
0.137143,0.8571,16.6667,10,SC,0.367417,0.542879,0.2898929889554009,0.0621896940324536,0.0583679749887721,GPR
0.147857,0.8571,16.6667,10,SC,0.357114,0.543868,0.3148316088633973,0.0693023202596536,0.0642656499918911,GPR
0.158571,0.8571,16.6667,10,SC,0.348141,0.537164,0.3403667345946098,0.0768781438068387,0.0704737443187441,GPR
0.169286,0.8571,16.6667,10,SC,0.340352,0.526533,0.3665311724803841,0.0849447992251045,0.077014574771215,GPR
0.18,0.8571,16.6667,10,SC,0.333626,0.51488,0.3933488582912199,0.0935262224977547,0.0839075324330423,GPR
0.03,1.0357,16.6667,10,SC,0.630881,0.480412,0.0665301360208154,0.0109701336217035,0.011967370308351,GPR
0.040714,1.0357,16.6667,10,SC,0.621623,0.419423,0.0871591469673739,0.0147691118431046,0.0158255560173288,GPR
0.051429,1.0357,16.6667,10,SC,0.6023,0.431569,0.1081048454087395,0.0188236042560309,0.0198265841754177,GPR
0.062143,1.0357,16.6667,10,SC,0.583075,0.498147,0.1293833589694963,0.023142101375831,0.0239770167693537,GPR
0.072857,1.0357,16.6667,10,SC,0.566144,0.606333,0.151019443555247,0.0277374565718414,0.0282872599342008,GPR
0.083571,1.0357,16.6667,10,SC,0.549119,0.725603,0.1730383892289127,0.0326253053024461,0.0327699652934809,GPR
0.094286,1.0357,16.6667,10,SC,0.533394,0.807632,0.1954697303026674,0.0378247459614652,0.0374406540757777,GPR
0.105,1.0357,16.6667,10,SC,0.518833,0.823877,0.218338456582856,0.0433560907810373,0.0423157014338971,GPR
0.115714,1.0357,16.6667,10,SC,0.505289,0.788369,0.2416771621073271,0.0492434037935011,0.0474146302078575,GPR
0.126429,1.0357,16.6667,10,SC,0.492875,0.731647,0.2655195274429045,0.0555127379871405,0.0527585182943906,GPR
0.137143,1.0357,16.6667,10,SC,0.481648,0.674707,0.2898929889554009,0.0621896940324536,0.0583679749887721,GPR
0.147857,1.0357,16.6667,10,SC,0.471606,0.626134,0.3148316088633973,0.0693023202596536,0.0642656499918911,GPR
0.158571,1.0357,16.6667,10,SC,0.462706,0.587655,0.3403667345946098,0.0768781438068387,0.0704737443187441,GPR
0.169286,1.0357,16.6667,10,SC,0.454879,0.558392,0.3665311724803841,0.0849447992251045,0.077014574771215,GPR
0.18,1.0357,16.6667,10,SC,0.448048,0.536851,0.3933488582912199,0.0935262224977547,0.0839075324330423,GPR
0.03,1.2143,16.6667,10,SC,0.610133,0.917344,0.0665301360208154,0.0109701336217035,0.011967370308351,GPR
0.040714,1.2143,16.6667,10,SC,0.623142,0.713731,0.0871591469673739,0.0147691118431046,0.0158255560173288,GPR
0.051429,1.2143,16.6667,10,SC,0.618077,0.556517,0.1081048454087395,0.0188236042560309,0.0198265841754177,GPR
0.062143,1.2143,16.6667,10,SC,0.609383,0.463623,0.1293833589694963,0.023142101375831,0.0239770167693537,GPR
0.072857,1.2143,16.6667,10,SC,0.603322,0.412413,0.151019443555247,0.0277374565718414,0.0282872599342008,GPR
0.083571,1.2143,16.6667,10,SC,0.598183,0.386805,0.1730383892289127,0.0326253053024461,0.0327699652934809,GPR
0.094286,1.2143,16.6667,10,SC,0.589996,0.377569,0.1954697303026674,0.0378247459614652,0.0374406540757777,GPR
0.105,1.2143,16.6667,10,SC,0.579923,0.379185,0.218338456582856,0.0433560907810373,0.0423157014338971,GPR
0.115714,1.2143,16.6667,10,SC,0.569882,0.387951,0.2416771621073271,0.0492434037935011,0.0474146302078575,GPR
0.126429,1.2143,16.6667,10,SC,0.560764,0.401051,0.2655195274429045,0.0555127379871405,0.0527585182943906,GPR
0.137143,1.2143,16.6667,10,SC,0.552758,0.416146,0.2898929889554009,0.0621896940324536,0.0583679749887721,GPR
0.147857,1.2143,16.6667,10,SC,0.545711,0.431247,0.3148316088633973,0.0693023202596536,0.0642656499918911,GPR
0.158571,1.2143,16.6667,10,SC,0.5394,0.444718,0.3403667345946098,0.0768781438068387,0.0704737443187441,GPR
0.169286,1.2143,16.6667,10,SC,0.533676,0.455307,0.3665311724803841,0.0849447992251045,0.077014574771215,GPR
0.18,1.2143,16.6667,10,SC,0.528478,0.462173,0.3933488582912199,0.0935262224977547,0.0839075324330423,GPR
0.03,1.3929,16.6667,10,SC,0.559041,0.6696,0.0665301360208154,0.0109701336217035,0.011967370308351,GPR
0.040714,1.3929,16.6667,10,SC,0.566675,0.876648,0.0871591469673739,0.0147691118431046,0.0158255560173288,GPR
0.051429,1.3929,16.6667,10,SC,0.575533,0.969432,0.1081048454087395,0.0188236042560309,0.0198265841754177,GPR
0.062143,1.3929,16.6667,10,SC,0.588528,0.922019,0.1293833589694963,0.023142101375831,0.0239770167693537,GPR
0.072857,1.3929,16.6667,10,SC,0.598481,0.813125,0.151019443555247,0.0277374565718414,0.0282872599342008,GPR
0.083571,1.3929,16.6667,10,SC,0.600886,0.705671,0.1730383892289127,0.0326253053024461,0.0327699652934809,GPR
0.094286,1.3929,16.6667,10,SC,0.598613,0.619594,0.1954697303026674,0.0378247459614652,0.0374406540757777,GPR
0.105,1.3929,16.6667,10,SC,0.594352,0.555169,0.218338456582856,0.0433560907810373,0.0423157014338971,GPR
0.115714,1.3929,16.6667,10,SC,0.589485,0.507907,0.2416771621073271,0.0492434037935011,0.0474146302078575,GPR
0.126429,1.3929,16.6667,10,SC,0.584663,0.473364,0.2655195274429045,0.0555127379871405,0.0527585182943906,GPR
0.137143,1.3929,16.6667,10,SC,0.580164,0.448118,0.2898929889554009,0.0621896940324536,0.0583679749887721,GPR
0.147857,1.3929,16.6667,10,SC,0.576063,0.429721,0.3148316088633973,0.0693023202596536,0.0642656499918911,GPR
0.158571,1.3929,16.6667,10,SC,0.572329,0.416468,0.3403667345946098,0.0768781438068387,0.0704737443187441,GPR
0.169286,1.3929,16.6667,10,SC,0.568895,0.407198,0.3665311724803841,0.0849447992251045,0.077014574771215,GPR
0.18,1.3929,16.6667,10,SC,0.565703,0.401143,0.3933488582912199,0.0935262224977547,0.0839075324330423,GPR
0.03,1.5714,16.6667,10,SC,0.507306,0.336206,0.0665301360208154,0.0109701336217035,0.011967370308351,GPR
0.040714,1.5714,16.6667,10,SC,0.52847,0.418536,0.0871591469673739,0.0147691118431046,0.0158255560173288,GPR
0.051429,1.5714,16.6667,10,SC,0.538907,0.52294,0.1081048454087395,0.0188236042560309,0.0198265841754177,GPR
0.062143,1.5714,16.6667,10,SC,0.544302,0.6423,0.1293833589694963,0.023142101375831,0.0239770167693537,GPR
0.072857,1.5714,16.6667,10,SC,0.547421,0.761752,0.151019443555247,0.0277374565718414,0.0282872599342008,GPR
0.083571,1.5714,16.6667,10,SC,0.549704,0.862915,0.1730383892289127,0.0326253053024461,0.0327699652934809,GPR
0.094286,1.5714,16.6667,10,SC,0.551941,0.93254,0.1954697303026674,0.0378247459614652,0.0374406540757777,GPR
0.105,1.5714,16.6667,10,SC,0.554483,0.968331,0.218338456582856,0.0433560907810373,0.0423157014338971,GPR
0.115714,1.5714,16.6667,10,SC,0.557285,0.977211,0.2416771621073271,0.0492434037935011,0.0474146302078575,GPR
0.126429,1.5714,16.6667,10,SC,0.560003,0.969483,0.2655195274429045,0.0555127379871405,0.0527585182943906,GPR
0.137143,1.5714,16.6667,10,SC,0.562212,0.954302,0.2898929889554009,0.0621896940324536,0.0583679749887721,GPR
0.147857,1.5714,16.6667,10,SC,0.563624,0.938067,0.3148316088633973,0.0693023202596536,0.0642656499918911,GPR
0.158571,1.5714,16.6667,10,SC,0.564156,0.924622,0.3403667345946098,0.0768781438068387,0.0704737443187441,GPR
0.169286,1.5714,16.6667,10,SC,0.563866,0.916013,0.3665311724803841,0.0849447992251045,0.077014574771215,GPR
0.18,1.5714,16.6667,10,SC,0.562857,0.913149,0.3933488582912199,0.0935262224977547,0.0839075324330423,GPR
0.03,1.75,16.6667,10,SC,0.427438,0.235193,0.0665301360208154,0.0109701336217035,0.011967370308351,GPR
0.040714,1.75,16.6667,10,SC,0.452281,0.257561,0.0871591469673739,0.0147691118431046,0.0158255560173288,GPR
0.051429,1.75,16.6667,10,SC,0.477274,0.285652,0.1081048454087395,0.0188236042560309,0.0198265841754177,GPR
0.062143,1.75,16.6667,10,SC,0.496875,0.318864,0.1293833589694963,0.023142101375831,0.0239770167693537,GPR
0.072857,1.75,16.6667,10,SC,0.509819,0.356188,0.151019443555247,0.0277374565718414,0.0282872599342008,GPR
0.083571,1.75,16.6667,10,SC,0.51798,0.396188,0.1730383892289127,0.0326253053024461,0.0327699652934809,GPR
0.094286,1.75,16.6667,10,SC,0.523152,0.437083,0.1954697303026674,0.0378247459614652,0.0374406540757777,GPR
0.105,1.75,16.6667,10,SC,0.526471,0.476918,0.218338456582856,0.0433560907810373,0.0423157014338971,GPR
0.115714,1.75,16.6667,10,SC,0.528614,0.513784,0.2416771621073271,0.0492434037935011,0.0474146302078575,GPR
0.126429,1.75,16.6667,10,SC,0.529988,0.546023,0.2655195274429045,0.0555127379871405,0.0527585182943906,GPR
0.137143,1.75,16.6667,10,SC,0.530846,0.57236,0.2898929889554009,0.0621896940324536,0.0583679749887721,GPR
0.147857,1.75,16.6667,10,SC,0.531348,0.591944,0.3148316088633973,0.0693023202596536,0.0642656499918911,GPR
0.158571,1.75,16.6667,10,SC,0.5316,0.604315,0.3403667345946098,0.0768781438068387,0.0704737443187441,GPR
0.169286,1.75,16.6667,10,SC,0.531677,0.609333,0.3665311724803841,0.0849447992251045,0.077014574771215,GPR
0.18,1.75,16.6667,10,SC,0.531628,0.607117,0.3933488582912199,0.0935262224977547,0.0839075324330423,GPR
0.03,1.9286,16.6667,10,SC,0.382309,0.205279,0.0665301360208154,0.0109701336217035,0.011967370308351,GPR
0.040714,1.9286,16.6667,10,SC,0.396232,0.210341,0.0871591469673739,0.0147691118431046,0.0158255560173288,GPR
0.051429,1.9286,16.6667,10,SC,0.40888,0.217282,0.1081048454087395,0.0188236042560309,0.0198265841754177,GPR
0.062143,1.9286,16.6667,10,SC,0.421043,0.225668,0.1293833589694963,0.023142101375831,0.0239770167693537,GPR
0.072857,1.9286,16.6667,10,SC,0.433086,0.235013,0.151019443555247,0.0277374565718414,0.0282872599342008,GPR
0.083571,1.9286,16.6667,10,SC,0.444879,0.244805,0.1730383892289127,0.0326253053024461,0.0327699652934809,GPR
0.094286,1.9286,16.6667,10,SC,0.455888,0.254524,0.1954697303026674,0.0378247459614652,0.0374406540757777,GPR
0.105,1.9286,16.6667,10,SC,0.465521,0.263668,0.218338456582856,0.0433560907810373,0.0423157014338971,GPR
0.115714,1.9286,16.6667,10,SC,0.47344,0.271781,0.2416771621073271,0.0492434037935011,0.0474146302078575,GPR
0.126429,1.9286,16.6667,10,SC,0.479625,0.278477,0.2655195274429045,0.0555127379871405,0.0527585182943906,GPR
0.137143,1.9286,16.6667,10,SC,0.484239,0.283463,0.2898929889554009,0.0621896940324536,0.0583679749887721,GPR
0.147857,1.9286,16.6667,10,SC,0.487497,0.28655,0.3148316088633973,0.0693023202596536,0.0642656499918911,GPR
0.158571,1.9286,16.6667,10,SC,0.489583,0.287663,0.3403667345946098,0.0768781438068387,0.0704737443187441,GPR
0.169286,1.9286,16.6667,10,SC,0.490631,0.286835,0.3665311724803841,0.0849447992251045,0.077014574771215,GPR
0.18,1.9286,16.6667,10,SC,0.490712,0.2842,0.3933488582912199,0.0935262224977547,0.0839075324330423,GPR
0.03,2.1071,16.6667,10,SC,0.347942,0.200368,0.0665301360208154,0.0109701336217035,0.011967370308351,GPR
0.040714,2.1071,16.6667,10,SC,0.360874,0.19962,0.0871591469673739,0.0147691118431046,0.0158255560173288,GPR
0.051429,2.1071,16.6667,10,SC,0.371562,0.199844,0.1081048454087395,0.0188236042560309,0.0198265841754177,GPR
0.062143,2.1071,16.6667,10,SC,0.380586,0.200829,0.1293833589694963,0.023142101375831,0.0239770167693537,GPR
0.072857,2.1071,16.6667,10,SC,0.388342,0.202341,0.151019443555247,0.0277374565718414,0.0282872599342008,GPR
0.083571,2.1071,16.6667,10,SC,0.395091,0.204153,0.1730383892289127,0.0326253053024461,0.0327699652934809,GPR
0.094286,2.1071,16.6667,10,SC,0.401,0.206055,0.1954697303026674,0.0378247459614652,0.0374406540757777,GPR
0.105,2.1071,16.6667,10,SC,0.406167,0.207867,0.218338456582856,0.0433560907810373,0.0423157014338971,GPR
0.115714,2.1071,16.6667,10,SC,0.410649,0.209445,0.2416771621073271,0.0492434037935011,0.0474146302078575,GPR
0.126429,2.1071,16.6667,10,SC,0.414481,0.210683,0.2655195274429045,0.0555127379871405,0.0527585182943906,GPR
0.137143,2.1071,16.6667,10,SC,0.417692,0.211516,0.2898929889554009,0.0621896940324536,0.0583679749887721,GPR
0.147857,2.1071,16.6667,10,SC,0.420319,0.21192,0.3148316088633973,0.0693023202596536,0.0642656499918911,GPR
0.158571,2.1071,16.6667,10,SC,0.422411,0.211907,0.3403667345946098,0.0768781438068387,0.0704737443187441,GPR
0.169286,2.1071,16.6667,10,SC,0.424034,0.211526,0.3665311724803841,0.0849447992251045,0.077014574771215,GPR
0.18,2.1071,16.6667,10,SC,0.425267,0.210855,0.3933488582912199,0.0935262224977547,0.0839075324330423,GPR
0.03,2.2857,16.6667,10,SC,0.314586,0.206111,0.0665301360208154,0.0109701336217035,0.011967370308351,GPR
0.040714,2.2857,16.6667,10,SC,0.328142,0.203705,0.0871591469673739,0.0147691118431046,0.0158255560173288,GPR
0.051429,2.2857,16.6667,10,SC,0.339318,0.201863,0.1081048454087395,0.0188236042560309,0.0198265841754177,GPR
0.062143,2.2857,16.6667,10,SC,0.348662,0.200561,0.1293833589694963,0.023142101375831,0.0239770167693537,GPR
0.072857,2.2857,16.6667,10,SC,0.356572,0.199727,0.151019443555247,0.0277374565718414,0.0282872599342008,GPR
0.083571,2.2857,16.6667,10,SC,0.363335,0.19927,0.1730383892289127,0.0326253053024461,0.0327699652934809,GPR
0.094286,2.2857,16.6667,10,SC,0.369165,0.199108,0.1954697303026674,0.0378247459614652,0.0374406540757777,GPR
0.105,2.2857,16.6667,10,SC,0.374223,0.199168,0.218338456582856,0.0433560907810373,0.0423157014338971,GPR
0.115714,2.2857,16.6667,10,SC,0.378633,0.1994,0.2416771621073271,0.0492434037935011,0.0474146302078575,GPR
0.126429,2.2857,16.6667,10,SC,0.382492,0.199772,0.2655195274429045,0.0555127379871405,0.0527585182943906,GPR
0.137143,2.2857,16.6667,10,SC,0.38588,0.200274,0.2898929889554009,0.0621896940324536,0.0583679749887721,GPR
0.147857,2.2857,16.6667,10,SC,0.388863,0.200916,0.3148316088633973,0.0693023202596536,0.0642656499918911,GPR
0.158571,2.2857,16.6667,10,SC,0.391498,0.201729,0.3403667345946098,0.0768781438068387,0.0704737443187441,GPR
0.169286,2.2857,16.6667,10,SC,0.393831,0.202761,0.3665311724803841,0.0849447992251045,0.077014574771215,GPR
0.18,2.2857,16.6667,10,SC,0.395901,0.204075,0.3933488582912199,0.0935262224977547,0.0839075324330423,GPR
0.03,2.4643,16.6667,10,SC,0.279517,0.216276,0.0665301360208154,0.0109701336217035,0.011967370308351,GPR
0.040714,2.4643,16.6667,10,SC,0.293775,0.21437,0.0871591469673739,0.0147691118431046,0.0158255560173288,GPR
0.051429,2.4643,16.6667,10,SC,0.305737,0.212668,0.1081048454087395,0.0188236042560309,0.0198265841754177,GPR
0.062143,2.4643,16.6667,10,SC,0.315836,0.211305,0.1293833589694963,0.023142101375831,0.0239770167693537,GPR
0.072857,2.4643,16.6667,10,SC,0.324428,0.210334,0.151019443555247,0.0277374565718414,0.0282872599342008,GPR
0.083571,2.4643,16.6667,10,SC,0.331794,0.20977,0.1730383892289127,0.0326253053024461,0.0327699652934809,GPR
0.094286,2.4643,16.6667,10,SC,0.33815,0.209611,0.1954697303026674,0.0378247459614652,0.0374406540757777,GPR
0.105,2.4643,16.6667,10,SC,0.343664,0.209853,0.218338456582856,0.0433560907810373,0.0423157014338971,GPR
0.115714,2.4643,16.6667,10,SC,0.348465,0.210499,0.2416771621073271,0.0492434037935011,0.0474146302078575,GPR
0.126429,2.4643,16.6667,10,SC,0.352651,0.211561,0.2655195274429045,0.0555127379871405,0.0527585182943906,GPR
0.137143,2.4643,16.6667,10,SC,0.356299,0.213063,0.2898929889554009,0.0621896940324536,0.0583679749887721,GPR
0.147857,2.4643,16.6667,10,SC,0.359464,0.215045,0.3148316088633973,0.0693023202596536,0.0642656499918911,GPR
0.158571,2.4643,16.6667,10,SC,0.362182,0.217559,0.3403667345946098,0.0768781438068387,0.0704737443187441,GPR
0.169286,2.4643,16.6667,10,SC,0.364474,0.220675,0.3665311724803841,0.0849447992251045,0.077014574771215,GPR
0.18,2.4643,16.6667,10,SC,0.36634,0.22448,0.3933488582912199,0.0935262224977547,0.0839075324330423,GPR
0.03,2.6429,16.6667,10,SC,0.24354,0.226906,0.0665301360208154,0.0109701336217035,0.011967370308351,GPR
0.040714,2.6429,16.6667,10,SC,0.257048,0.226939,0.0871591469673739,0.0147691118431046,0.0158255560173288,GPR
0.051429,2.6429,16.6667,10,SC,0.268897,0.226821,0.1081048454087395,0.0188236042560309,0.0198265841754177,GPR
0.062143,2.6429,16.6667,10,SC,0.279184,0.22681,0.1293833589694963,0.023142101375831,0.0239770167693537,GPR
0.072857,2.6429,16.6667,10,SC,0.288066,0.227064,0.151019443555247,0.0277374565718414,0.0282872599342008,GPR
0.083571,2.6429,16.6667,10,SC,0.295712,0.227688,0.1730383892289127,0.0326253053024461,0.0327699652934809,GPR
0.094286,2.6429,16.6667,10,SC,0.302275,0.228755,0.1954697303026674,0.0378247459614652,0.0374406540757777,GPR
0.105,2.6429,16.6667,10,SC,0.307881,0.230326,0.218338456582856,0.0433560907810373,0.0423157014338971,GPR
0.115714,2.6429,16.6667,10,SC,0.312629,0.232453,0.2416771621073271,0.0492434037935011,0.0474146302078575,GPR
0.126429,2.6429,16.6667,10,SC,0.31659,0.235196,0.2655195274429045,0.0555127379871405,0.0527585182943906,GPR
0.137143,2.6429,16.6667,10,SC,0.319808,0.238619,0.2898929889554009,0.0621896940324536,0.0583679749887721,GPR
0.147857,2.6429,16.6667,10,SC,0.3223,0.242798,0.3148316088633973,0.0693023202596536,0.0642656499918911,GPR
0.158571,2.6429,16.6667,10,SC,0.324061,0.247824,0.3403667345946098,0.0768781438068387,0.0704737443187441,GPR
0.169286,2.6429,16.6667,10,SC,0.325059,0.253804,0.3665311724803841,0.0849447992251045,0.077014574771215,GPR
0.18,2.6429,16.6667,10,SC,0.325245,0.260862,0.3933488582912199,0.0935262224977547,0.0839075324330423,GPR
0.03,0.5,20.0,10,SC,0.183767,0.243531,0.0665301360208154,0.0109701336217035,0.011967370308351,GPR
0.040714,0.5,20.0,10,SC,0.150582,0.172106,0.0871591469673739,0.0147691118431046,0.0158255560173288,GPR
0.051429,0.5,20.0,10,SC,0.127591,0.132565,0.1081048454087395,0.0188236042560309,0.0198265841754177,GPR
0.062143,0.5,20.0,10,SC,0.110828,0.109277,0.1293833589694963,0.023142101375831,0.0239770167693537,GPR
0.072857,0.5,20.0,10,SC,0.098171,0.094078,0.151019443555247,0.0277374565718414,0.0282872599342008,GPR
0.083571,0.5,20.0,10,SC,0.08836,0.083374,0.1730383892289127,0.0326253053024461,0.0327699652934809,GPR
0.094286,0.5,20.0,10,SC,0.080591,0.075428,0.1954697303026674,0.0378247459614652,0.0374406540757777,GPR
0.105,0.5,20.0,10,SC,0.074335,0.069305,0.218338456582856,0.0433560907810373,0.0423157014338971,GPR
0.115714,0.5,20.0,10,SC,0.069228,0.064455,0.2416771621073271,0.0492434037935011,0.0474146302078575,GPR
0.126429,0.5,20.0,10,SC,0.065011,0.060536,0.2655195274429045,0.0555127379871405,0.0527585182943906,GPR
0.137143,0.5,20.0,10,SC,0.0615,0.057319,0.2898929889554009,0.0621896940324536,0.0583679749887721,GPR
0.147857,0.5,20.0,10,SC,0.058557,0.054647,0.3148316088633973,0.0693023202596536,0.0642656499918911,GPR
0.158571,0.5,20.0,10,SC,0.056078,0.05241,0.3403667345946098,0.0768781438068387,0.0704737443187441,GPR
0.169286,0.5,20.0,10,SC,0.053983,0.050527,0.3665311724803841,0.0849447992251045,0.077014574771215,GPR
0.18,0.5,20.0,10,SC,0.052211,0.048935,0.3933488582912199,0.0935262224977547,0.0839075324330423,GPR
0.03,0.6786,20.0,10,SC,0.300894,0.478217,0.0665301360208154,0.0109701336217035,0.011967370308351,GPR
0.040714,0.6786,20.0,10,SC,0.256878,0.405073,0.0871591469673739,0.0147691118431046,0.0158255560173288,GPR
0.051429,0.6786,20.0,10,SC,0.22515,0.354109,0.1081048454087395,0.0188236042560309,0.0198265841754177,GPR
0.062143,0.6786,20.0,10,SC,0.20072,0.303083,0.1293833589694963,0.023142101375831,0.0239770167693537,GPR
0.072857,0.6786,20.0,10,SC,0.181221,0.258317,0.151019443555247,0.0277374565718414,0.0282872599342008,GPR
0.083571,0.6786,20.0,10,SC,0.165443,0.218882,0.1730383892289127,0.0326253053024461,0.0327699652934809,GPR
0.094286,0.6786,20.0,10,SC,0.152602,0.186545,0.1954697303026674,0.0378247459614652,0.0374406540757777,GPR
0.105,0.6786,20.0,10,SC,0.142082,0.161461,0.218338456582856,0.0433560907810373,0.0423157014338971,GPR
0.115714,0.6786,20.0,10,SC,0.133386,0.142614,0.2416771621073271,0.0492434037935011,0.0474146302078575,GPR
0.126429,0.6786,20.0,10,SC,0.12613,0.128499,0.2655195274429045,0.0555127379871405,0.0527585182943906,GPR
0.137143,0.6786,20.0,10,SC,0.120029,0.117798,0.2898929889554009,0.0621896940324536,0.0583679749887721,GPR
0.147857,0.6786,20.0,10,SC,0.114869,0.109548,0.3148316088633973,0.0693023202596536,0.0642656499918911,GPR
0.158571,0.6786,20.0,10,SC,0.110491,0.103092,0.3403667345946098,0.0768781438068387,0.0704737443187441,GPR
0.169286,0.6786,20.0,10,SC,0.106773,0.097981,0.3665311724803841,0.0849447992251045,0.077014574771215,GPR
0.18,0.6786,20.0,10,SC,0.103619,0.09391,0.3933488582912199,0.0935262224977547,0.0839075324330423,GPR
0.03,0.8571,20.0,10,SC,0.424364,0.683082,0.0665301360208154,0.0109701336217035,0.011967370308351,GPR
0.040714,0.8571,20.0,10,SC,0.376154,0.498544,0.0871591469673739,0.0147691118431046,0.0158255560173288,GPR
0.051429,0.8571,20.0,10,SC,0.336024,0.484806,0.1081048454087395,0.0188236042560309,0.0198265841754177,GPR
0.062143,0.8571,20.0,10,SC,0.303644,0.508617,0.1293833589694963,0.023142101375831,0.0239770167693537,GPR
0.072857,0.8571,20.0,10,SC,0.278148,0.4541,0.151019443555247,0.0277374565718414,0.0282872599342008,GPR
0.083571,0.8571,20.0,10,SC,0.257938,0.404833,0.1730383892289127,0.0326253053024461,0.0327699652934809,GPR
0.094286,0.8571,20.0,10,SC,0.241584,0.38656,0.1954697303026674,0.0378247459614652,0.0374406540757777,GPR
0.105,0.8571,20.0,10,SC,0.228081,0.376139,0.218338456582856,0.0433560907810373,0.0423157014338971,GPR
0.115714,0.8571,20.0,10,SC,0.216751,0.358936,0.2416771621073271,0.0492434037935011,0.0474146302078575,GPR
0.126429,0.8571,20.0,10,SC,0.207136,0.337769,0.2655195274429045,0.0555127379871405,0.0527585182943906,GPR
0.137143,0.8571,20.0,10,SC,0.198915,0.318483,0.2898929889554009,0.0621896940324536,0.0583679749887721,GPR
0.147857,0.8571,20.0,10,SC,0.191857,0.30295,0.3148316088633973,0.0693023202596536,0.0642656499918911,GPR
0.158571,0.8571,20.0,10,SC,0.18579,0.290591,0.3403667345946098,0.0768781438068387,0.0704737443187441,GPR
0.169286,0.8571,20.0,10,SC,0.180582,0.280452,0.3665311724803841,0.0849447992251045,0.077014574771215,GPR
0.18,0.8571,20.0,10,SC,0.176128,0.271922,0.3933488582912199,0.0935262224977547,0.0839075324330423,GPR
0.03,1.0357,20.0,10,SC,0.517254,0.478894,0.0665301360208154,0.0109701336217035,0.011967370308351,GPR
0.040714,1.0357,20.0,10,SC,0.476476,0.497726,0.0871591469673739,0.0147691118431046,0.0158255560173288,GPR
0.051429,1.0357,20.0,10,SC,0.441895,0.662988,0.1081048454087395,0.0188236042560309,0.0198265841754177,GPR
0.062143,1.0357,20.0,10,SC,0.41229,0.707486,0.1293833589694963,0.023142101375831,0.0239770167693537,GPR
0.072857,1.0357,20.0,10,SC,0.386605,0.579787,0.151019443555247,0.0277374565718414,0.0282872599342008,GPR
0.083571,1.0357,20.0,10,SC,0.364097,0.478462,0.1730383892289127,0.0326253053024461,0.0327699652934809,GPR
0.094286,1.0357,20.0,10,SC,0.344313,0.437346,0.1954697303026674,0.0378247459614652,0.0374406540757777,GPR
0.105,1.0357,20.0,10,SC,0.326994,0.436685,0.218338456582856,0.0433560907810373,0.0423157014338971,GPR
0.115714,1.0357,20.0,10,SC,0.311962,0.456422,0.2416771621073271,0.0492434037935011,0.0474146302078575,GPR
0.126429,1.0357,20.0,10,SC,0.299026,0.478814,0.2655195274429045,0.0555127379871405,0.0527585182943906,GPR
0.137143,1.0357,20.0,10,SC,0.287965,0.491518,0.2898929889554009,0.0621896940324536,0.0583679749887721,GPR
0.147857,1.0357,20.0,10,SC,0.278543,0.491222,0.3148316088633973,0.0693023202596536,0.0642656499918911,GPR
0.158571,1.0357,20.0,10,SC,0.270538,0.481501,0.3403667345946098,0.0768781438068387,0.0704737443187441,GPR
0.169286,1.0357,20.0,10,SC,0.263755,0.467624,0.3665311724803841,0.0849447992251045,0.077014574771215,GPR
0.18,1.0357,20.0,10,SC,0.25803,0.453458,0.3933488582912199,0.0935262224977547,0.0839075324330423,GPR
0.03,1.2143,20.0,10,SC,0.576148,0.975416,0.0665301360208154,0.0109701336217035,0.011967370308351,GPR
0.040714,1.2143,20.0,10,SC,0.549094,0.736903,0.0871591469673739,0.0147691118431046,0.0158255560173288,GPR
0.051429,1.2143,20.0,10,SC,0.520526,0.518484,0.1081048454087395,0.0188236042560309,0.0198265841754177,GPR
0.062143,1.2143,20.0,10,SC,0.494612,0.434926,0.1293833589694963,0.023142101375831,0.0239770167693537,GPR
0.072857,1.2143,20.0,10,SC,0.471834,0.429892,0.151019443555247,0.0277374565718414,0.0282872599342008,GPR
0.083571,1.2143,20.0,10,SC,0.451896,0.476949,0.1730383892289127,0.0326253053024461,0.0327699652934809,GPR
0.094286,1.2143,20.0,10,SC,0.434423,0.558658,0.1954697303026674,0.0378247459614652,0.0374406540757777,GPR
0.105,1.2143,20.0,10,SC,0.419076,0.646978,0.218338456582856,0.0433560907810373,0.0423157014338971,GPR
0.115714,1.2143,20.0,10,SC,0.405577,0.705912,0.2416771621073271,0.0492434037935011,0.0474146302078575,GPR
0.126429,1.2143,20.0,10,SC,0.393697,0.717613,0.2655195274429045,0.0555127379871405,0.0527585182943906,GPR
0.137143,1.2143,20.0,10,SC,0.383251,0.693157,0.2898929889554009,0.0621896940324536,0.0583679749887721,GPR
0.147857,1.2143,20.0,10,SC,0.374091,0.653635,0.3148316088633973,0.0693023202596536,0.0642656499918911,GPR
0.158571,1.2143,20.0,10,SC,0.366092,0.613721,0.3403667345946098,0.0768781438068387,0.0704737443187441,GPR
0.169286,1.2143,20.0,10,SC,0.359149,0.579818,0.3665311724803841,0.0849447992251045,0.077014574771215,GPR
0.18,1.2143,20.0,10,SC,0.353175,0.553555,0.3933488582912199,0.0935262224977547,0.0839075324330423,GPR
0.03,1.3929,20.0,10,SC,0.586112,0.440744,0.0665301360208154,0.0109701336217035,0.011967370308351,GPR
0.040714,1.3929,20.0,10,SC,0.580157,0.65666,0.0871591469673739,0.0147691118431046,0.0158255560173288,GPR
0.051429,1.3929,20.0,10,SC,0.566307,0.919045,0.1081048454087395,0.0188236042560309,0.0198265841754177,GPR
0.062143,1.3929,20.0,10,SC,0.552049,0.959209,0.1293833589694963,0.023142101375831,0.0239770167693537,GPR
0.072857,1.3929,20.0,10,SC,0.535839,0.795409,0.151019443555247,0.0277374565718414,0.0282872599342008,GPR
0.083571,1.3929,20.0,10,SC,0.519528,0.632193,0.1730383892289127,0.0326253053024461,0.0327699652934809,GPR
0.094286,1.3929,20.0,10,SC,0.504271,0.523353,0.1954697303026674,0.0378247459614652,0.0374406540757777,GPR
0.105,1.3929,20.0,10,SC,0.490477,0.457221,0.218338456582856,0.0433560907810373,0.0423157014338971,GPR
0.115714,1.3929,20.0,10,SC,0.478163,0.418414,0.2416771621073271,0.0492434037935011,0.0474146302078575,GPR
0.126429,1.3929,20.0,10,SC,0.467234,0.396656,0.2655195274429045,0.0555127379871405,0.0527585182943906,GPR
0.137143,1.3929,20.0,10,SC,0.457574,0.385504,0.2898929889554009,0.0621896940324536,0.0583679749887721,GPR
0.147857,1.3929,20.0,10,SC,0.44907,0.380753,0.3148316088633973,0.0693023202596536,0.0642656499918911,GPR
0.158571,1.3929,20.0,10,SC,0.441619,0.379511,0.3403667345946098,0.0768781438068387,0.0704737443187441,GPR
0.169286,1.3929,20.0,10,SC,0.435129,0.379736,0.3665311724803841,0.0849447992251045,0.077014574771215,GPR
0.18,1.3929,20.0,10,SC,0.42952,0.380011,0.3933488582912199,0.0935262224977547,0.0839075324330423,GPR
0.03,1.5714,20.0,10,SC,0.575873,0.327173,0.0665301360208154,0.0109701336217035,0.011967370308351,GPR
0.040714,1.5714,20.0,10,SC,0.579015,0.333648,0.0871591469673739,0.0147691118431046,0.0158255560173288,GPR
0.051429,1.5714,20.0,10,SC,0.571377,0.379422,0.1081048454087395,0.0188236042560309,0.0198265841754177,GPR
0.062143,1.5714,20.0,10,SC,0.567804,0.465336,0.1293833589694963,0.023142101375831,0.0239770167693537,GPR
0.072857,1.5714,20.0,10,SC,0.562958,0.590866,0.151019443555247,0.0277374565718414,0.0282872599342008,GPR
0.083571,1.5714,20.0,10,SC,0.554275,0.740947,0.1730383892289127,0.0326253053024461,0.0327699652934809,GPR
0.094286,1.5714,20.0,10,SC,0.545917,0.878089,0.1954697303026674,0.0378247459614652,0.0374406540757777,GPR
0.105,1.5714,20.0,10,SC,0.538327,0.96046,0.218338456582856,0.0433560907810373,0.0423157014338971,GPR
0.115714,1.5714,20.0,10,SC,0.530519,0.975606,0.2416771621073271,0.0492434037935011,0.0474146302078575,GPR
0.126429,1.5714,20.0,10,SC,0.522757,0.943733,0.2655195274429045,0.0555127379871405,0.0527585182943906,GPR
0.137143,1.5714,20.0,10,SC,0.515426,0.892533,0.2898929889554009,0.0621896940324536,0.0583679749887721,GPR
0.147857,1.5714,20.0,10,SC,0.508654,0.840593,0.3148316088633973,0.0693023202596536,0.0642656499918911,GPR
0.158571,1.5714,20.0,10,SC,0.502502,0.79651,0.3403667345946098,0.0768781438068387,0.0704737443187441,GPR
0.169286,1.5714,20.0,10,SC,0.497008,0.763039,0.3665311724803841,0.0849447992251045,0.077014574771215,GPR
0.18,1.5714,20.0,10,SC,0.492182,0.740399,0.3933488582912199,0.0935262224977547,0.0839075324330423,GPR
0.03,1.75,20.0,10,SC,0.539653,0.410397,0.0665301360208154,0.0109701336217035,0.011967370308351,GPR
0.040714,1.75,20.0,10,SC,0.545475,0.347874,0.0871591469673739,0.0147691118431046,0.0158255560173288,GPR
0.051429,1.75,20.0,10,SC,0.556735,0.317691,0.1081048454087395,0.0188236042560309,0.0198265841754177,GPR
0.062143,1.75,20.0,10,SC,0.565151,0.308029,0.1293833589694963,0.023142101375831,0.0239770167693537,GPR
0.072857,1.75,20.0,10,SC,0.563469,0.312622,0.151019443555247,0.0277374565718414,0.0282872599342008,GPR
0.083571,1.75,20.0,10,SC,0.558149,0.327891,0.1730383892289127,0.0326253053024461,0.0327699652934809,GPR
0.094286,1.75,20.0,10,SC,0.552827,0.351333,0.1954697303026674,0.0378247459614652,0.0374406540757777,GPR
0.105,1.75,20.0,10,SC,0.548923,0.380697,0.218338456582856,0.0433560907810373,0.0423157014338971,GPR
0.115714,1.75,20.0,10,SC,0.546297,0.413593,0.2416771621073271,0.0492434037935011,0.0474146302078575,GPR
0.126429,1.75,20.0,10,SC,0.543734,0.447435,0.2655195274429045,0.0555127379871405,0.0527585182943906,GPR
0.137143,1.75,20.0,10,SC,0.540551,0.47959,0.2898929889554009,0.0621896940324536,0.0583679749887721,GPR
0.147857,1.75,20.0,10,SC,0.536927,0.507652,0.3148316088633973,0.0693023202596536,0.0642656499918911,GPR
0.158571,1.75,20.0,10,SC,0.533217,0.529691,0.3403667345946098,0.0768781438068387,0.0704737443187441,GPR
0.169286,1.75,20.0,10,SC,0.529659,0.544403,0.3665311724803841,0.0849447992251045,0.077014574771215,GPR
0.18,1.75,20.0,10,SC,0.526376,0.551126,0.3933488582912199,0.0935262224977547,0.0839075324330423,GPR
0.03,1.9286,20.0,10,SC,0.504751,0.610697,0.0665301360208154,0.0109701336217035,0.011967370308351,GPR
0.040714,1.9286,20.0,10,SC,0.521448,0.502214,0.0871591469673739,0.0147691118431046,0.0158255560173288,GPR
0.051429,1.9286,20.0,10,SC,0.527767,0.423896,0.1081048454087395,0.0188236042560309,0.0198265841754177,GPR
0.062143,1.9286,20.0,10,SC,0.530479,0.371981,0.1293833589694963,0.023142101375831,0.0239770167693537,GPR
0.072857,1.9286,20.0,10,SC,0.532819,0.338336,0.151019443555247,0.0277374565718414,0.0282872599342008,GPR
0.083571,1.9286,20.0,10,SC,0.536762,0.316858,0.1730383892289127,0.0326253053024461,0.0327699652934809,GPR
0.094286,1.9286,20.0,10,SC,0.542269,0.303499,0.1954697303026674,0.0378247459614652,0.0374406540757777,GPR
0.105,1.9286,20.0,10,SC,0.546679,0.295569,0.218338456582856,0.0433560907810373,0.0423157014338971,GPR
0.115714,1.9286,20.0,10,SC,0.548345,0.291212,0.2416771621073271,0.0492434037935011,0.0474146302078575,GPR
0.126429,1.9286,20.0,10,SC,0.547884,0.289096,0.2655195274429045,0.0555127379871405,0.0527585182943906,GPR
0.137143,1.9286,20.0,10,SC,0.546301,0.28824,0.2898929889554009,0.0621896940324536,0.0583679749887721,GPR
0.147857,1.9286,20.0,10,SC,0.544262,0.287929,0.3148316088633973,0.0693023202596536,0.0642656499918911,GPR
0.158571,1.9286,20.0,10,SC,0.542132,0.287658,0.3403667345946098,0.0768781438068387,0.0704737443187441,GPR
0.169286,1.9286,20.0,10,SC,0.540105,0.287112,0.3665311724803841,0.0849447992251045,0.077014574771215,GPR
0.18,1.9286,20.0,10,SC,0.53828,0.286138,0.3933488582912199,0.0935262224977547,0.0839075324330423,GPR
0.03,2.1071,20.0,10,SC,0.440983,0.730703,0.0665301360208154,0.0109701336217035,0.011967370308351,GPR
0.040714,2.1071,20.0,10,SC,0.46573,0.712973,0.0871591469673739,0.0147691118431046,0.0158255560173288,GPR
0.051429,2.1071,20.0,10,SC,0.490062,0.644584,0.1081048454087395,0.0188236042560309,0.0198265841754177,GPR
0.062143,2.1071,20.0,10,SC,0.505085,0.570152,0.1293833589694963,0.023142101375831,0.0239770167693537,GPR
0.072857,2.1071,20.0,10,SC,0.512813,0.507247,0.151019443555247,0.0277374565718414,0.0282872599342008,GPR
0.083571,2.1071,20.0,10,SC,0.516748,0.458532,0.1730383892289127,0.0326253053024461,0.0327699652934809,GPR
0.094286,2.1071,20.0,10,SC,0.518751,0.421983,0.1954697303026674,0.0378247459614652,0.0374406540757777,GPR
0.105,2.1071,20.0,10,SC,0.519756,0.394892,0.218338456582856,0.0433560907810373,0.0423157014338971,GPR
0.115714,2.1071,20.0,10,SC,0.520252,0.374959,0.2416771621073271,0.0492434037935011,0.0474146302078575,GPR
0.126429,2.1071,20.0,10,SC,0.520491,0.360454,0.2655195274429045,0.0555127379871405,0.0527585182943906,GPR
0.137143,2.1071,20.0,10,SC,0.520588,0.350139,0.2898929889554009,0.0621896940324536,0.0583679749887721,GPR
0.147857,2.1071,20.0,10,SC,0.520582,0.343155,0.3148316088633973,0.0693023202596536,0.0642656499918911,GPR
0.158571,2.1071,20.0,10,SC,0.520478,0.338933,0.3403667345946098,0.0768781438068387,0.0704737443187441,GPR
0.169286,2.1071,20.0,10,SC,0.520278,0.337129,0.3665311724803841,0.0849447992251045,0.077014574771215,GPR
0.18,2.1071,20.0,10,SC,0.520001,0.33758,0.3933488582912199,0.0935262224977547,0.0839075324330423,GPR
0.03,2.2857,20.0,10,SC,0.405337,0.55284,0.0665301360208154,0.0109701336217035,0.011967370308351,GPR
0.040714,2.2857,20.0,10,SC,0.41866,0.657853,0.0871591469673739,0.0147691118431046,0.0158255560173288,GPR
0.051429,2.2857,20.0,10,SC,0.431082,0.724416,0.1081048454087395,0.0188236042560309,0.0198265841754177,GPR
0.062143,2.2857,20.0,10,SC,0.444093,0.746083,0.1293833589694963,0.023142101375831,0.0239770167693537,GPR
0.072857,2.2857,20.0,10,SC,0.458191,0.73421,0.151019443555247,0.0277374565718414,0.0282872599342008,GPR
0.083571,2.2857,20.0,10,SC,0.471994,0.705216,0.1730383892289127,0.0326253053024461,0.0327699652934809,GPR
0.094286,2.2857,20.0,10,SC,0.483367,0.67152,0.1954697303026674,0.0378247459614652,0.0374406540757777,GPR
0.105,2.2857,20.0,10,SC,0.491612,0.640003,0.218338456582856,0.0433560907810373,0.0423157014338971,GPR
0.115714,2.2857,20.0,10,SC,0.497288,0.61369,0.2416771621073271,0.0492434037935011,0.0474146302078575,GPR
0.126429,2.2857,20.0,10,SC,0.501166,0.593558,0.2655195274429045,0.0555127379871405,0.0527585182943906,GPR
0.137143,2.2857,20.0,10,SC,0.503834,0.579689,0.2898929889554009,0.0621896940324536,0.0583679749887721,GPR
0.147857,2.2857,20.0,10,SC,0.505679,0.57187,0.3148316088633973,0.0693023202596536,0.0642656499918911,GPR
0.158571,2.2857,20.0,10,SC,0.506939,0.569878,0.3403667345946098,0.0768781438068387,0.0704737443187441,GPR
0.169286,2.2857,20.0,10,SC,0.507755,0.573595,0.3665311724803841,0.0849447992251045,0.077014574771215,GPR
0.18,2.2857,20.0,10,SC,0.508192,0.583055,0.3933488582912199,0.0935262224977547,0.0839075324330423,GPR
0.03,2.4643,20.0,10,SC,0.375874,0.355543,0.0665301360208154,0.0109701336217035,0.011967370308351,GPR
0.040714,2.4643,20.0,10,SC,0.389335,0.43057,0.0871591469673739,0.0147691118431046,0.0158255560173288,GPR
0.051429,2.4643,20.0,10,SC,0.399983,0.508169,0.1081048454087395,0.0188236042560309,0.0198265841754177,GPR
0.062143,2.4643,20.0,10,SC,0.408778,0.581682,0.1293833589694963,0.023142101375831,0.0239770167693537,GPR
0.072857,2.4643,20.0,10,SC,0.416329,0.645211,0.151019443555247,0.0277374565718414,0.0282872599342008,GPR
0.083571,2.4643,20.0,10,SC,0.423017,0.695468,0.1730383892289127,0.0326253053024461,0.0327699652934809,GPR
0.094286,2.4643,20.0,10,SC,0.429057,0.732292,0.1954697303026674,0.0378247459614652,0.0374406540757777,GPR
0.105,2.4643,20.0,10,SC,0.434532,0.757842,0.218338456582856,0.0433560907810373,0.0423157014338971,GPR
0.115714,2.4643,20.0,10,SC,0.439424,0.775278,0.2416771621073271,0.0492434037935011,0.0474146302078575,GPR
0.126429,2.4643,20.0,10,SC,0.443666,0.787706,0.2655195274429045,0.0555127379871405,0.0527585182943906,GPR
0.137143,2.4643,20.0,10,SC,0.447181,0.797601,0.2898929889554009,0.0621896940324536,0.0583679749887721,GPR
0.147857,2.4643,20.0,10,SC,0.449923,0.806619,0.3148316088633973,0.0693023202596536,0.0642656499918911,GPR
0.158571,2.4643,20.0,10,SC,0.451899,0.815592,0.3403667345946098,0.0768781438068387,0.0704737443187441,GPR
0.169286,2.4643,20.0,10,SC,0.453169,0.824569,0.3665311724803841,0.0849447992251045,0.077014574771215,GPR
0.18,2.4643,20.0,10,SC,0.453843,0.832842,0.3933488582912199,0.0935262224977547,0.0839075324330423,GPR
0.03,2.6429,20.0,10,SC,0.343046,0.244448,0.0665301360208154,0.0109701336217035,0.011967370308351,GPR
0.040714,2.6429,20.0,10,SC,0.359205,0.282006,0.0871591469673739,0.0147691118431046,0.0158255560173288,GPR
0.051429,2.6429,20.0,10,SC,0.37164,0.322147,0.1081048454087395,0.0188236042560309,0.0198265841754177,GPR
0.062143,2.6429,20.0,10,SC,0.381509,0.363374,0.1293833589694963,0.023142101375831,0.0239770167693537,GPR
0.072857,2.6429,20.0,10,SC,0.389551,0.403976,0.151019443555247,0.0277374565718414,0.0282872599342008,GPR
0.083571,2.6429,20.0,10,SC,0.396242,0.442264,0.1730383892289127,0.0326253053024461,0.0327699652934809,GPR
0.094286,2.6429,20.0,10,SC,0.4019,0.476785,0.1954697303026674,0.0378247459614652,0.0374406540757777,GPR
0.105,2.6429,20.0,10,SC,0.406741,0.506446,0.218338456582856,0.0433560907810373,0.0423157014338971,GPR
0.115714,2.6429,20.0,10,SC,0.410919,0.530533,0.2416771621073271,0.0492434037935011,0.0474146302078575,GPR
0.126429,2.6429,20.0,10,SC,0.414545,0.548636,0.2655195274429045,0.0555127379871405,0.0527585182943906,GPR
0.137143,2.6429,20.0,10,SC,0.417703,0.560555,0.2898929889554009,0.0621896940324536,0.0583679749887721,GPR
0.147857,2.6429,20.0,10,SC,0.420464,0.5662,0.3148316088633973,0.0693023202596536,0.0642656499918911,GPR
0.158571,2.6429,20.0,10,SC,0.422887,0.565549,0.3403667345946098,0.0768781438068387,0.0704737443187441,GPR
0.169286,2.6429,20.0,10,SC,0.425025,0.558656,0.3665311724803841,0.0849447992251045,0.077014574771215,GPR
0.18,2.6429,20.0,10,SC,0.426924,0.545704,0.3933488582912199,0.0935262224977547,0.0839075324330423,GPR
0.03,2.8214,20.0,10,SC,0.303355,0.186051,0.0665301360208154,0.0109701336217035,0.011967370308351,GPR
0.040714,2.8214,20.0,10,SC,0.32212,0.20503,0.0871591469673739,0.0147691118431046,0.0158255560173288,GPR
0.051429,2.8214,20.0,10,SC,0.337464,0.224527,0.1081048454087395,0.0188236042560309,0.0198265841754177,GPR
0.062143,2.8214,20.0,10,SC,0.34978,0.243936,0.1293833589694963,0.023142101375831,0.0239770167693537,GPR
0.072857,2.8214,20.0,10,SC,0.359737,0.262588,0.151019443555247,0.0277374565718414,0.0282872599342008,GPR
0.083571,2.8214,20.0,10,SC,0.367909,0.279804,0.1730383892289127,0.0326253053024461,0.0327699652934809,GPR
0.094286,2.8214,20.0,10,SC,0.374717,0.294952,0.1954697303026674,0.0378247459614652,0.0374406540757777,GPR
0.105,2.8214,20.0,10,SC,0.380462,0.307493,0.218338456582856,0.0433560907810373,0.0423157014338971,GPR
0.115714,2.8214,20.0,10,SC,0.385359,0.317011,0.2416771621073271,0.0492434037935011,0.0474146302078575,GPR
0.126429,2.8214,20.0,10,SC,0.389561,0.323236,0.2655195274429045,0.0555127379871405,0.0527585182943906,GPR
0.137143,2.8214,20.0,10,SC,0.393179,0.326049,0.2898929889554009,0.0621896940324536,0.0583679749887721,GPR
0.147857,2.8214,20.0,10,SC,0.396289,0.325481,0.3148316088633973,0.0693023202596536,0.0642656499918911,GPR
0.158571,2.8214,20.0,10,SC,0.398943,0.32171,0.3403667345946098,0.0768781438068387,0.0704737443187441,GPR
0.169286,2.8214,20.0,10,SC,0.401164,0.315041,0.3665311724803841,0.0849447992251045,0.077014574771215,GPR
0.18,2.8214,20.0,10,SC,0.402952,0.30589,0.3933488582912199,0.0935262224977547,0.0839075324330423,GPR
0.03,3.0,20.0,10,SC,0.26678,0.153874,0.0665301360208154,0.0109701336217035,0.011967370308351,GPR
0.040714,3.0,20.0,10,SC,0.281848,0.164221,0.0871591469673739,0.0147691118431046,0.0158255560173288,GPR
0.051429,3.0,20.0,10,SC,0.296009,0.174364,0.1081048454087395,0.0188236042560309,0.0198265841754177,GPR
0.062143,3.0,20.0,10,SC,0.308835,0.184025,0.1293833589694963,0.023142101375831,0.0239770167693537,GPR
0.072857,3.0,20.0,10,SC,0.320046,0.192914,0.151019443555247,0.0277374565718414,0.0282872599342008,GPR
0.083571,3.0,20.0,10,SC,0.329605,0.200756,0.1730383892289127,0.0326253053024461,0.0327699652934809,GPR
0.094286,3.0,20.0,10,SC,0.337634,0.207312,0.1954697303026674,0.0378247459614652,0.0374406540757777,GPR
0.105,3.0,20.0,10,SC,0.344312,0.212398,0.218338456582856,0.0433560907810373,0.0423157014338971,GPR
0.115714,3.0,20.0,10,SC,0.34981,0.215899,0.2416771621073271,0.0492434037935011,0.0474146302078575,GPR
0.126429,3.0,20.0,10,SC,0.35426,0.217769,0.2655195274429045,0.0555127379871405,0.0527585182943906,GPR
0.137143,3.0,20.0,10,SC,0.357751,0.218039,0.2898929889554009,0.0621896940324536,0.0583679749887721,GPR
0.147857,3.0,20.0,10,SC,0.360328,0.216806,0.3148316088633973,0.0693023202596536,0.0642656499918911,GPR
0.158571,3.0,20.0,10,SC,0.361992,0.214227,0.3403667345946098,0.0768781438068387,0.0704737443187441,GPR
0.169286,3.0,20.0,10,SC,0.362713,0.210506,0.3665311724803841,0.0849447992251045,0.077014574771215,GPR
0.18,3.0,20.0,10,SC,0.362441,0.205881,0.3933488582912199,0.0935262224977547,0.0839075324330423,GPR
0.03,0.5,23.3333,10,SC,0.106636,0.098033,0.0665301360208154,0.0109701336217035,0.011967370308351,GPR
0.040714,0.5,23.3333,10,SC,0.084696,0.077054,0.0871591469673739,0.0147691118431046,0.0158255560173288,GPR
0.051429,0.5,23.3333,10,SC,0.070192,0.064389,0.1081048454087395,0.0188236042560309,0.0198265841754177,GPR
0.062143,0.5,23.3333,10,SC,0.060068,0.055833,0.1293833589694963,0.023142101375831,0.0239770167693537,GPR
0.072857,0.5,23.3333,10,SC,0.052706,0.04965,0.151019443555247,0.0277374565718414,0.0282872599342008,GPR
0.083571,0.5,23.3333,10,SC,0.047174,0.044974,0.1730383892289127,0.0326253053024461,0.0327699652934809,GPR
0.094286,0.5,23.3333,10,SC,0.042905,0.041323,0.1954697303026674,0.0378247459614652,0.0374406540757777,GPR
0.105,0.5,23.3333,10,SC,0.039535,0.0384,0.218338456582856,0.0433560907810373,0.0423157014338971,GPR
0.115714,0.5,23.3333,10,SC,0.036826,0.036018,0.2416771621073271,0.0492434037935011,0.0474146302078575,GPR
0.126429,0.5,23.3333,10,SC,0.034614,0.034046,0.2655195274429045,0.0555127379871405,0.0527585182943906,GPR
0.137143,0.5,23.3333,10,SC,0.032786,0.032397,0.2898929889554009,0.0621896940324536,0.0583679749887721,GPR
0.147857,0.5,23.3333,10,SC,0.031259,0.031005,0.3148316088633973,0.0693023202596536,0.0642656499918911,GPR
0.158571,0.5,23.3333,10,SC,0.029975,0.029823,0.3403667345946098,0.0768781438068387,0.0704737443187441,GPR
0.169286,0.5,23.3333,10,SC,0.028888,0.028813,0.3665311724803841,0.0849447992251045,0.077014574771215,GPR
0.18,0.5,23.3333,10,SC,0.027967,0.02795,0.3933488582912199,0.0935262224977547,0.0839075324330423,GPR
0.03,0.6786,23.3333,10,SC,0.183526,0.231789,0.0665301360208154,0.0109701336217035,0.011967370308351,GPR
0.040714,0.6786,23.3333,10,SC,0.15095,0.149809,0.0871591469673739,0.0147691118431046,0.0158255560173288,GPR
0.051429,0.6786,23.3333,10,SC,0.128238,0.111773,0.1081048454087395,0.0188236042560309,0.0198265841754177,GPR
0.062143,0.6786,23.3333,10,SC,0.111311,0.091268,0.1293833589694963,0.023142101375831,0.0239770167693537,GPR
0.072857,0.6786,23.3333,10,SC,0.098333,0.078354,0.151019443555247,0.0277374565718414,0.0282872599342008,GPR
0.083571,0.6786,23.3333,10,SC,0.088229,0.069407,0.1730383892289127,0.0326253053024461,0.0327699652934809,GPR
0.094286,0.6786,23.3333,10,SC,0.080216,0.062821,0.1954697303026674,0.0378247459614652,0.0374406540757777,GPR
0.105,0.6786,23.3333,10,SC,0.073749,0.05777,0.218338456582856,0.0433560907810373,0.0423157014338971,GPR
0.115714,0.6786,23.3333,10,SC,0.068461,0.053782,0.2416771621073271,0.0492434037935011,0.0474146302078575,GPR
0.126429,0.6786,23.3333,10,SC,0.064094,0.050566,0.2655195274429045,0.0555127379871405,0.0527585182943906,GPR
0.137143,0.6786,23.3333,10,SC,0.060465,0.04793,0.2898929889554009,0.0621896940324536,0.0583679749887721,GPR
0.147857,0.6786,23.3333,10,SC,0.057432,0.045745,0.3148316088633973,0.0693023202596536,0.0642656499918911,GPR
0.158571,0.6786,23.3333,10,SC,0.05489,0.043919,0.3403667345946098,0.0768781438068387,0.0704737443187441,GPR
0.169286,0.6786,23.3333,10,SC,0.052756,0.042385,0.3665311724803841,0.0849447992251045,0.077014574771215,GPR
0.18,0.6786,23.3333,10,SC,0.050966,0.041092,0.3933488582912199,0.0935262224977547,0.0839075324330423,GPR
0.03,0.8571,23.3333,10,SC,0.268529,0.456504,0.0665301360208154,0.0109701336217035,0.011967370308351,GPR
0.040714,0.8571,23.3333,10,SC,0.231586,0.370613,0.0871591469673739,0.0147691118431046,0.0158255560173288,GPR
0.051429,0.8571,23.3333,10,SC,0.20289,0.306165,0.1081048454087395,0.0188236042560309,0.0198265841754177,GPR
0.062143,0.8571,23.3333,10,SC,0.179703,0.238726,0.1293833589694963,0.023142101375831,0.0239770167693537,GPR
0.072857,0.8571,23.3333,10,SC,0.161291,0.183143,0.151019443555247,0.0277374565718414,0.0282872599342008,GPR
0.083571,0.8571,23.3333,10,SC,0.146861,0.144697,0.1730383892289127,0.0326253053024461,0.0327699652934809,GPR
0.094286,0.8571,23.3333,10,SC,0.135394,0.120333,0.1954697303026674,0.0378247459614652,0.0374406540757777,GPR
0.105,0.8571,23.3333,10,SC,0.126066,0.104384,0.218338456582856,0.0433560907810373,0.0423157014338971,GPR
0.115714,0.8571,23.3333,10,SC,0.118323,0.093311,0.2416771621073271,0.0492434037935011,0.0474146302078575,GPR
0.126429,0.8571,23.3333,10,SC,0.111807,0.085228,0.2655195274429045,0.0555127379871405,0.0527585182943906,GPR
0.137143,0.8571,23.3333,10,SC,0.106283,0.079104,0.2898929889554009,0.0621896940324536,0.0583679749887721,GPR
0.147857,0.8571,23.3333,10,SC,0.101586,0.074339,0.3148316088633973,0.0693023202596536,0.0642656499918911,GPR
0.158571,0.8571,23.3333,10,SC,0.097593,0.070563,0.3403667345946098,0.0768781438068387,0.0704737443187441,GPR
0.169286,0.8571,23.3333,10,SC,0.094208,0.067535,0.3665311724803841,0.0849447992251045,0.077014574771215,GPR
0.18,0.8571,23.3333,10,SC,0.091352,0.065093,0.3933488582912199,0.0935262224977547,0.0839075324330423,GPR
0.03,1.0357,23.3333,10,SC,0.355642,0.572828,0.0665301360208154,0.0109701336217035,0.011967370308351,GPR
0.040714,1.0357,23.3333,10,SC,0.310392,0.538695,0.0871591469673739,0.0147691118431046,0.0158255560173288,GPR
0.051429,1.0357,23.3333,10,SC,0.277806,0.434589,0.1081048454087395,0.0188236042560309,0.0198265841754177,GPR
0.062143,1.0357,23.3333,10,SC,0.25321,0.451617,0.1293833589694963,0.023142101375831,0.0239770167693537,GPR
0.072857,1.0357,23.3333,10,SC,0.233604,0.39579,0.151019443555247,0.0277374565718414,0.0282872599342008,GPR
0.083571,1.0357,23.3333,10,SC,0.217361,0.349232,0.1730383892289127,0.0326253053024461,0.0327699652934809,GPR
0.094286,1.0357,23.3333,10,SC,0.203552,0.326547,0.1954697303026674,0.0378247459614652,0.0374406540757777,GPR
0.105,1.0357,23.3333,10,SC,0.191638,0.296648,0.218338456582856,0.0433560907810373,0.0423157014338971,GPR
0.115714,1.0357,23.3333,10,SC,0.181306,0.265989,0.2416771621073271,0.0492434037935011,0.0474146302078575,GPR
0.126429,1.0357,23.3333,10,SC,0.17237,0.24071,0.2655195274429045,0.0555127379871405,0.0527585182943906,GPR
0.137143,1.0357,23.3333,10,SC,0.16469,0.219134,0.2898929889554009,0.0621896940324536,0.0583679749887721,GPR
0.147857,1.0357,23.3333,10,SC,0.158136,0.200402,0.3148316088633973,0.0693023202596536,0.0642656499918911,GPR
0.158571,1.0357,23.3333,10,SC,0.152576,0.184676,0.3403667345946098,0.0768781438068387,0.0704737443187441,GPR
0.169286,1.0357,23.3333,10,SC,0.147884,0.171943,0.3665311724803841,0.0849447992251045,0.077014574771215,GPR
0.18,1.0357,23.3333,10,SC,0.143947,0.161927,0.3933488582912199,0.0935262224977547,0.0839075324330423,GPR
0.03,1.2143,23.3333,10,SC,0.434808,0.735283,0.0665301360208154,0.0109701336217035,0.011967370308351,GPR
0.040714,1.2143,23.3333,10,SC,0.395355,0.468115,0.0871591469673739,0.0147691118431046,0.0158255560173288,GPR
0.051429,1.2143,23.3333,10,SC,0.359709,0.489261,0.1081048454087395,0.0188236042560309,0.0198265841754177,GPR
0.062143,1.2143,23.3333,10,SC,0.328997,0.622414,0.1293833589694963,0.023142101375831,0.0239770167693537,GPR
0.072857,1.2143,23.3333,10,SC,0.304174,0.573952,0.151019443555247,0.0277374565718414,0.0282872599342008,GPR
0.083571,1.2143,23.3333,10,SC,0.28446,0.457717,0.1730383892289127,0.0326253053024461,0.0327699652934809,GPR
0.094286,1.2143,23.3333,10,SC,0.268564,0.408589,0.1954697303026674,0.0378247459614652,0.0374406540757777,GPR
0.105,1.2143,23.3333,10,SC,0.255472,0.411621,0.218338456582856,0.0433560907810373,0.0423157014338971,GPR
0.115714,1.2143,23.3333,10,SC,0.244503,0.431261,0.2416771621073271,0.0492434037935011,0.0474146302078575,GPR
0.126429,1.2143,23.3333,10,SC,0.235199,0.436726,0.2655195274429045,0.0555127379871405,0.0527585182943906,GPR
0.137143,1.2143,23.3333,10,SC,0.227243,0.421145,0.2898929889554009,0.0621896940324536,0.0583679749887721,GPR
0.147857,1.2143,23.3333,10,SC,0.22041,0.396143,0.3148316088633973,0.0693023202596536,0.0642656499918911,GPR
0.158571,1.2143,23.3333,10,SC,0.214534,0.372276,0.3403667345946098,0.0768781438068387,0.0704737443187441,GPR
0.169286,1.2143,23.3333,10,SC,0.209487,0.353393,0.3665311724803841,0.0849447992251045,0.077014574771215,GPR
0.18,1.2143,23.3333,10,SC,0.205173,0.339522,0.3933488582912199,0.0935262224977547,0.0839075324330423,GPR
0.03,1.3929,23.3333,10,SC,0.488366,0.482639,0.0665301360208154,0.0109701336217035,0.011967370308351,GPR
0.040714,1.3929,23.3333,10,SC,0.457216,0.79838,0.0871591469673739,0.0147691118431046,0.0158255560173288,GPR
0.051429,1.3929,23.3333,10,SC,0.429505,0.809258,0.1081048454087395,0.0188236042560309,0.0198265841754177,GPR
0.062143,1.3929,23.3333,10,SC,0.404664,0.56001,0.1293833589694963,0.023142101375831,0.0239770167693537,GPR
0.072857,1.3929,23.3333,10,SC,0.382171,0.440173,0.151019443555247,0.0277374565718414,0.0282872599342008,GPR
0.083571,1.3929,23.3333,10,SC,0.361745,0.420031,0.1730383892289127,0.0326253053024461,0.0327699652934809,GPR
0.094286,1.3929,23.3333,10,SC,0.343383,0.461656,0.1954697303026674,0.0378247459614652,0.0374406540757777,GPR
0.105,1.3929,23.3333,10,SC,0.327211,0.536879,0.218338456582856,0.0433560907810373,0.0423157014338971,GPR
0.115714,1.3929,23.3333,10,SC,0.31326,0.603489,0.2416771621073271,0.0492434037935011,0.0474146302078575,GPR
0.126429,1.3929,23.3333,10,SC,0.301389,0.623897,0.2655195274429045,0.0555127379871405,0.0527585182943906,GPR
0.137143,1.3929,23.3333,10,SC,0.291352,0.599956,0.2898929889554009,0.0621896940324536,0.0583679749887721,GPR
0.147857,1.3929,23.3333,10,SC,0.28288,0.557602,0.3148316088633973,0.0693023202596536,0.0642656499918911,GPR
0.158571,1.3929,23.3333,10,SC,0.275732,0.516107,0.3403667345946098,0.0768781438068387,0.0704737443187441,GPR
0.169286,1.3929,23.3333,10,SC,0.269713,0.482609,0.3665311724803841,0.0849447992251045,0.077014574771215,GPR
0.18,1.3929,23.3333,10,SC,0.264665,0.457879,0.3933488582912199,0.0935262224977547,0.0839075324330423,GPR
0.03,1.5714,23.3333,10,SC,0.525951,0.442353,0.0665301360208154,0.0109701336217035,0.011967370308351,GPR
0.040714,1.5714,23.3333,10,SC,0.500994,0.381138,0.0871591469673739,0.0147691118431046,0.0158255560173288,GPR
0.051429,1.5714,23.3333,10,SC,0.478109,0.437992,0.1081048454087395,0.0188236042560309,0.0198265841754177,GPR
0.062143,1.5714,23.3333,10,SC,0.457554,0.604665,0.1293833589694963,0.023142101375831,0.0239770167693537,GPR
0.072857,1.5714,23.3333,10,SC,0.439182,0.82076,0.151019443555247,0.0277374565718414,0.0282872599342008,GPR
0.083571,1.5714,23.3333,10,SC,0.422764,0.878675,0.1730383892289127,0.0326253053024461,0.0327699652934809,GPR
0.094286,1.5714,23.3333,10,SC,0.408077,0.754843,0.1954697303026674,0.0378247459614652,0.0374406540757777,GPR
0.105,1.5714,23.3333,10,SC,0.39493,0.612654,0.218338456582856,0.0433560907810373,0.0423157014338971,GPR
0.115714,1.5714,23.3333,10,SC,0.383174,0.513007,0.2416771621073271,0.0492434037935011,0.0474146302078575,GPR
0.126429,1.5714,23.3333,10,SC,0.372689,0.451335,0.2655195274429045,0.0555127379871405,0.0527585182943906,GPR
0.137143,1.5714,23.3333,10,SC,0.363389,0.414783,0.2898929889554009,0.0621896940324536,0.0583679749887721,GPR
0.147857,1.5714,23.3333,10,SC,0.355199,0.393847,0.3148316088633973,0.0693023202596536,0.0642656499918911,GPR
0.158571,1.5714,23.3333,10,SC,0.34806,0.382324,0.3403667345946098,0.0768781438068387,0.0704737443187441,GPR
0.169286,1.5714,23.3333,10,SC,0.341914,0.376149,0.3665311724803841,0.0849447992251045,0.077014574771215,GPR
0.18,1.5714,23.3333,10,SC,0.336704,0.372638,0.3933488582912199,0.0935262224977547,0.0839075324330423,GPR
0.03,1.75,23.3333,10,SC,0.545243,0.879251,0.0665301360208154,0.0109701336217035,0.011967370308351,GPR
0.040714,1.75,23.3333,10,SC,0.531217,0.586087,0.0871591469673739,0.0147691118431046,0.0158255560173288,GPR
0.051429,1.75,23.3333,10,SC,0.51366,0.430399,0.1081048454087395,0.0188236042560309,0.0198265841754177,GPR
0.062143,1.75,23.3333,10,SC,0.496758,0.369529,0.1293833589694963,0.023142101375831,0.0239770167693537,GPR
0.072857,1.75,23.3333,10,SC,0.481243,0.360727,0.151019443555247,0.0277374565718414,0.0282872599342008,GPR
0.083571,1.75,23.3333,10,SC,0.467211,0.387669,0.1730383892289127,0.0326253053024461,0.0327699652934809,GPR
0.094286,1.75,23.3333,10,SC,0.454605,0.444209,0.1954697303026674,0.0378247459614652,0.0374406540757777,GPR
0.105,1.75,23.3333,10,SC,0.443327,0.525105,0.218338456582856,0.0433560907810373,0.0423157014338971,GPR
0.115714,1.75,23.3333,10,SC,0.433269,0.620253,0.2416771621073271,0.0492434037935011,0.0474146302078575,GPR
0.126429,1.75,23.3333,10,SC,0.424331,0.713399,0.2655195274429045,0.0555127379871405,0.0527585182943906,GPR
0.137143,1.75,23.3333,10,SC,0.416423,0.78778,0.2898929889554009,0.0621896940324536,0.0583679749887721,GPR
0.147857,1.75,23.3333,10,SC,0.409464,0.834681,0.3148316088633973,0.0693023202596536,0.0642656499918911,GPR
0.158571,1.75,23.3333,10,SC,0.403382,0.856166,0.3403667345946098,0.0768781438068387,0.0704737443187441,GPR
0.169286,1.75,23.3333,10,SC,0.398114,0.860479,0.3665311724803841,0.0849447992251045,0.077014574771215,GPR
0.18,1.75,23.3333,10,SC,0.393603,0.856216,0.3933488582912199,0.0935262224977547,0.0839075324330423,GPR
0.03,1.9286,23.3333,10,SC,0.537446,0.716437,0.0665301360208154,0.0109701336217035,0.011967370308351,GPR
0.040714,1.9286,23.3333,10,SC,0.537139,0.96752,0.0871591469673739,0.0147691118431046,0.0158255560173288,GPR
0.051429,1.9286,23.3333,10,SC,0.532879,0.881189,0.1081048454087395,0.0188236042560309,0.0198265841754177,GPR
0.062143,1.9286,23.3333,10,SC,0.523696,0.671923,0.1293833589694963,0.023142101375831,0.0239770167693537,GPR
0.072857,1.9286,23.3333,10,SC,0.512369,0.521767,0.151019443555247,0.0277374565718414,0.0282872599342008,GPR
0.083571,1.9286,23.3333,10,SC,0.501092,0.432829,0.1730383892289127,0.0326253053024461,0.0327699652934809,GPR
0.094286,1.9286,23.3333,10,SC,0.490575,0.382063,0.1954697303026674,0.0378247459614652,0.0374406540757777,GPR
0.105,1.9286,23.3333,10,SC,0.480979,0.354079,0.218338456582856,0.0433560907810373,0.0423157014338971,GPR
0.115714,1.9286,23.3333,10,SC,0.472323,0.340014,0.2416771621073271,0.0492434037935011,0.0474146302078575,GPR
0.126429,1.9286,23.3333,10,SC,0.464576,0.334546,0.2655195274429045,0.0555127379871405,0.0527585182943906,GPR
0.137143,1.9286,23.3333,10,SC,0.457691,0.33418,0.2898929889554009,0.0621896940324536,0.0583679749887721,GPR
0.147857,1.9286,23.3333,10,SC,0.451617,0.336429,0.3148316088633973,0.0693023202596536,0.0642656499918911,GPR
0.158571,1.9286,23.3333,10,SC,0.446304,0.339448,0.3403667345946098,0.0768781438068387,0.0704737443187441,GPR
0.169286,1.9286,23.3333,10,SC,0.441705,0.341895,0.3665311724803841,0.0849447992251045,0.077014574771215,GPR
0.18,1.9286,23.3333,10,SC,0.437776,0.342885,0.3933488582912199,0.0935262224977547,0.0839075324330423,GPR
0.03,2.1071,23.3333,10,SC,0.509382,0.353608,0.0665301360208154,0.0109701336217035,0.011967370308351,GPR
0.040714,2.1071,23.3333,10,SC,0.524607,0.49403,0.0871591469673739,0.0147691118431046,0.0158255560173288,GPR
0.051429,2.1071,23.3333,10,SC,0.526588,0.698911,0.1081048454087395,0.0188236042560309,0.0198265841754177,GPR
0.062143,2.1071,23.3333,10,SC,0.5247,0.900704,0.1293833589694963,0.023142101375831,0.0239770167693537,GPR
0.072857,2.1071,23.3333,10,SC,0.524206,0.978623,0.151019443555247,0.0277374565718414,0.0282872599342008,GPR
0.083571,2.1071,23.3333,10,SC,0.519917,0.916238,0.1730383892289127,0.0326253053024461,0.0327699652934809,GPR
0.094286,2.1071,23.3333,10,SC,0.514334,0.800184,0.1954697303026674,0.0378247459614652,0.0374406540757777,GPR
0.105,2.1071,23.3333,10,SC,0.508233,0.692008,0.218338456582856,0.0433560907810373,0.0423157014338971,GPR
0.115714,2.1071,23.3333,10,SC,0.501914,0.608384,0.2416771621073271,0.0492434037935011,0.0474146302078575,GPR
0.126429,2.1071,23.3333,10,SC,0.495879,0.547702,0.2655195274429045,0.0555127379871405,0.0527585182943906,GPR
0.137143,2.1071,23.3333,10,SC,0.490344,0.504719,0.2898929889554009,0.0621896940324536,0.0583679749887721,GPR
0.147857,2.1071,23.3333,10,SC,0.485383,0.474805,0.3148316088633973,0.0693023202596536,0.0642656499918911,GPR
0.158571,2.1071,23.3333,10,SC,0.481013,0.454621,0.3403667345946098,0.0768781438068387,0.0704737443187441,GPR
0.169286,2.1071,23.3333,10,SC,0.477228,0.441948,0.3665311724803841,0.0849447992251045,0.077014574771215,GPR
0.18,2.1071,23.3333,10,SC,0.47401,0.435412,0.3933488582912199,0.0935262224977547,0.0839075324330423,GPR
0.03,2.2857,23.3333,10,SC,0.491356,0.253166,0.0665301360208154,0.0109701336217035,0.011967370308351,GPR
0.040714,2.2857,23.3333,10,SC,0.496704,0.285776,0.0871591469673739,0.0147691118431046,0.0158255560173288,GPR
0.051429,2.2857,23.3333,10,SC,0.500864,0.340796,0.1081048454087395,0.0188236042560309,0.0198265841754177,GPR
0.062143,2.2857,23.3333,10,SC,0.510523,0.420195,0.1293833589694963,0.023142101375831,0.0239770167693537,GPR
0.072857,2.2857,23.3333,10,SC,0.516084,0.52318,0.151019443555247,0.0277374565718414,0.0282872599342008,GPR
0.083571,2.2857,23.3333,10,SC,0.515377,0.642351,0.1730383892289127,0.0326253053024461,0.0327699652934809,GPR
0.094286,2.2857,23.3333,10,SC,0.513097,0.762179,0.1954697303026674,0.0378247459614652,0.0374406540757777,GPR
0.105,2.2857,23.3333,10,SC,0.511237,0.863787,0.218338456582856,0.0433560907810373,0.0423157014338971,GPR
0.115714,2.2857,23.3333,10,SC,0.51007,0.934439,0.2416771621073271,0.0492434037935011,0.0474146302078575,GPR
0.126429,2.2857,23.3333,10,SC,0.508646,0.97316,0.2655195274429045,0.0555127379871405,0.0527585182943906,GPR
0.137143,2.2857,23.3333,10,SC,0.506544,0.987931,0.2898929889554009,0.0621896940324536,0.0583679749887721,GPR
0.147857,2.2857,23.3333,10,SC,0.504081,0.98924,0.3148316088633973,0.0693023202596536,0.0642656499918911,GPR
0.158571,2.2857,23.3333,10,SC,0.501584,0.985715,0.3403667345946098,0.0768781438068387,0.0704737443187441,GPR
0.169286,2.2857,23.3333,10,SC,0.499224,0.982844,0.3665311724803841,0.0849447992251045,0.077014574771215,GPR
0.18,2.2857,23.3333,10,SC,0.497082,0.98328,0.3933488582912199,0.0935262224977547,0.0839075324330423,GPR
0.03,2.4643,23.3333,10,SC,0.448936,0.238384,0.0665301360208154,0.0109701336217035,0.011967370308351,GPR
0.040714,2.4643,23.3333,10,SC,0.474547,0.236986,0.0871591469673739,0.0147691118431046,0.0158255560173288,GPR
0.051429,2.4643,23.3333,10,SC,0.485341,0.245523,0.1081048454087395,0.0188236042560309,0.0198265841754177,GPR
0.062143,2.4643,23.3333,10,SC,0.488761,0.262294,0.1293833589694963,0.023142101375831,0.0239770167693537,GPR
0.072857,2.4643,23.3333,10,SC,0.490138,0.286032,0.151019443555247,0.0277374565718414,0.0282872599342008,GPR
0.083571,2.4643,23.3333,10,SC,0.49185,0.315433,0.1730383892289127,0.0326253053024461,0.0327699652934809,GPR
0.094286,2.4643,23.3333,10,SC,0.495198,0.348869,0.1954697303026674,0.0378247459614652,0.0374406540757777,GPR
0.105,2.4643,23.3333,10,SC,0.499568,0.384303,0.218338456582856,0.0433560907810373,0.0423157014338971,GPR
0.115714,2.4643,23.3333,10,SC,0.502652,0.419376,0.2416771621073271,0.0492434037935011,0.0474146302078575,GPR
0.126429,2.4643,23.3333,10,SC,0.503748,0.451649,0.2655195274429045,0.0555127379871405,0.0527585182943906,GPR
0.137143,2.4643,23.3333,10,SC,0.503556,0.478896,0.2898929889554009,0.0621896940324536,0.0583679749887721,GPR
0.147857,2.4643,23.3333,10,SC,0.502739,0.499354,0.3148316088633973,0.0693023202596536,0.0642656499918911,GPR
0.158571,2.4643,23.3333,10,SC,0.501673,0.511865,0.3403667345946098,0.0768781438068387,0.0704737443187441,GPR
0.169286,2.4643,23.3333,10,SC,0.500549,0.5159,0.3665311724803841,0.0849447992251045,0.077014574771215,GPR
0.18,2.4643,23.3333,10,SC,0.499462,0.511526,0.3933488582912199,0.0935262224977547,0.0839075324330423,GPR
0.03,2.6429,23.3333,10,SC,0.415831,0.261401,0.0665301360208154,0.0109701336217035,0.011967370308351,GPR
0.040714,2.6429,23.3333,10,SC,0.428572,0.243701,0.0871591469673739,0.0147691118431046,0.0158255560173288,GPR
0.051429,2.6429,23.3333,10,SC,0.444538,0.234374,0.1081048454087395,0.0188236042560309,0.0198265841754177,GPR
0.062143,2.6429,23.3333,10,SC,0.462511,0.230995,0.1293833589694963,0.023142101375831,0.0239770167693537,GPR
0.072857,2.6429,23.3333,10,SC,0.474038,0.231827,0.151019443555247,0.0277374565718414,0.0282872599342008,GPR
0.083571,2.6429,23.3333,10,SC,0.479522,0.235554,0.1730383892289127,0.0326253053024461,0.0327699652934809,GPR
0.094286,2.6429,23.3333,10,SC,0.482032,0.241096,0.1954697303026674,0.0378247459614652,0.0374406540757777,GPR
0.105,2.6429,23.3333,10,SC,0.483177,0.247518,0.218338456582856,0.0433560907810373,0.0423157014338971,GPR
0.115714,2.6429,23.3333,10,SC,0.483699,0.253998,0.2416771621073271,0.0492434037935011,0.0474146302078575,GPR
0.126429,2.6429,23.3333,10,SC,0.483947,0.25983,0.2655195274429045,0.0555127379871405,0.0527585182943906,GPR
0.137143,2.6429,23.3333,10,SC,0.484082,0.264446,0.2898929889554009,0.0621896940324536,0.0583679749887721,GPR
0.147857,2.6429,23.3333,10,SC,0.484168,0.267445,0.3148316088633973,0.0693023202596536,0.0642656499918911,GPR
0.158571,2.6429,23.3333,10,SC,0.484229,0.268604,0.3403667345946098,0.0768781438068387,0.0704737443187441,GPR
0.169286,2.6429,23.3333,10,SC,0.484287,0.267886,0.3665311724803841,0.0849447992251045,0.077014574771215,GPR
0.18,2.6429,23.3333,10,SC,0.484372,0.265424,0.3933488582912199,0.0935262224977547,0.0839075324330423,GPR
0.03,2.8214,23.3333,10,SC,0.393399,0.310033,0.0665301360208154,0.0109701336217035,0.011967370308351,GPR
0.040714,2.8214,23.3333,10,SC,0.405039,0.281813,0.0871591469673739,0.0147691118431046,0.0158255560173288,GPR
0.051429,2.8214,23.3333,10,SC,0.41405,0.261886,0.1081048454087395,0.0188236042560309,0.0198265841754177,GPR
0.062143,2.8214,23.3333,10,SC,0.421974,0.248218,0.1293833589694963,0.023142101375831,0.0239770167693537,GPR
0.072857,2.8214,23.3333,10,SC,0.429958,0.239091,0.151019443555247,0.0277374565718414,0.0282872599342008,GPR
0.083571,2.8214,23.3333,10,SC,0.438717,0.233201,0.1730383892289127,0.0326253053024461,0.0327699652934809,GPR
0.094286,2.8214,23.3333,10,SC,0.447984,0.229571,0.1954697303026674,0.0378247459614652,0.0374406540757777,GPR
0.105,2.8214,23.3333,10,SC,0.456423,0.227468,0.218338456582856,0.0433560907810373,0.0423157014338971,GPR
0.115714,2.8214,23.3333,10,SC,0.462962,0.226344,0.2416771621073271,0.0492434037935011,0.0474146302078575,GPR
0.126429,2.8214,23.3333,10,SC,0.46757,0.2258,0.2655195274429045,0.0555127379871405,0.0527585182943906,GPR
0.137143,2.8214,23.3333,10,SC,0.470714,0.225559,0.2898929889554009,0.0621896940324536,0.0583679749887721,GPR
0.147857,2.8214,23.3333,10,SC,0.472838,0.225451,0.3148316088633973,0.0693023202596536,0.0642656499918911,GPR
0.158571,2.8214,23.3333,10,SC,0.474243,0.225404,0.3403667345946098,0.0768781438068387,0.0704737443187441,GPR
0.169286,2.8214,23.3333,10,SC,0.475086,0.225431,0.3665311724803841,0.0849447992251045,0.077014574771215,GPR
0.18,2.8214,23.3333,10,SC,0.475414,0.225619,0.3933488582912199,0.0935262224977547,0.0839075324330423,GPR
0.03,3.0,23.3333,10,SC,0.365935,0.375214,0.0665301360208154,0.0109701336217035,0.011967370308351,GPR
0.040714,3.0,23.3333,10,SC,0.381908,0.343566,0.0871591469673739,0.0147691118431046,0.0158255560173288,GPR
0.051429,3.0,23.3333,10,SC,0.39306,0.317515,0.1081048454087395,0.0188236042560309,0.0198265841754177,GPR
0.062143,3.0,23.3333,10,SC,0.4014,0.29725,0.1293833589694963,0.023142101375831,0.0239770167693537,GPR
0.072857,3.0,23.3333,10,SC,0.407991,0.281912,0.151019443555247,0.0277374565718414,0.0282872599342008,GPR
0.083571,3.0,23.3333,10,SC,0.41344,0.270509,0.1730383892289127,0.0326253053024461,0.0327699652934809,GPR
0.094286,3.0,23.3333,10,SC,0.418105,0.262185,0.1954697303026674,0.0378247459614652,0.0374406540757777,GPR
0.105,3.0,23.3333,10,SC,0.422196,0.256269,0.218338456582856,0.0433560907810373,0.0423157014338971,GPR
0.115714,3.0,23.3333,10,SC,0.425817,0.252266,0.2416771621073271,0.0492434037935011,0.0474146302078575,GPR
0.126429,3.0,23.3333,10,SC,0.429005,0.249825,0.2655195274429045,0.0555127379871405,0.0527585182943906,GPR
0.137143,3.0,23.3333,10,SC,0.431768,0.248721,0.2898929889554009,0.0621896940324536,0.0583679749887721,GPR
0.147857,3.0,23.3333,10,SC,0.434114,0.248833,0.3148316088633973,0.0693023202596536,0.0642656499918911,GPR
0.158571,3.0,23.3333,10,SC,0.436074,0.250128,0.3403667345946098,0.0768781438068387,0.0704737443187441,GPR
0.169286,3.0,23.3333,10,SC,0.437708,0.252658,0.3665311724803841,0.0849447992251045,0.077014574771215,GPR
0.18,3.0,23.3333,10,SC,0.439104,0.256552,0.3933488582912199,0.0935262224977547,0.0839075324330423,GPR
0.03,0.5,26.6667,10,SC,0.063347,0.058202,0.0665301360208154,0.0109701336217035,0.011967370308351,GPR
0.040714,0.5,26.6667,10,SC,0.04979,0.047382,0.0871591469673739,0.0147691118431046,0.0158255560173288,GPR
0.051429,0.5,26.6667,10,SC,0.041335,0.040315,0.1081048454087395,0.0188236042560309,0.0198265841754177,GPR
0.062143,0.5,26.6667,10,SC,0.035632,0.035333,0.1293833589694963,0.023142101375831,0.0239770167693537,GPR
0.072857,0.5,26.6667,10,SC,0.031543,0.031637,0.151019443555247,0.0277374565718414,0.0282872599342008,GPR
0.083571,0.5,26.6667,10,SC,0.028476,0.028793,0.1730383892289127,0.0326253053024461,0.0327699652934809,GPR
0.094286,0.5,26.6667,10,SC,0.026095,0.026544,0.1954697303026674,0.0378247459614652,0.0374406540757777,GPR
0.105,0.5,26.6667,10,SC,0.024198,0.024727,0.218338456582856,0.0433560907810373,0.0423157014338971,GPR
0.115714,0.5,26.6667,10,SC,0.022658,0.023234,0.2416771621073271,0.0492434037935011,0.0474146302078575,GPR
0.126429,0.5,26.6667,10,SC,0.021387,0.021992,0.2655195274429045,0.0555127379871405,0.0527585182943906,GPR
0.137143,0.5,26.6667,10,SC,0.020325,0.020947,0.2898929889554009,0.0621896940324536,0.0583679749887721,GPR
0.147857,0.5,26.6667,10,SC,0.019431,0.020061,0.3148316088633973,0.0693023202596536,0.0642656499918911,GPR
0.158571,0.5,26.6667,10,SC,0.018672,0.019305,0.3403667345946098,0.0768781438068387,0.0704737443187441,GPR
0.169286,0.5,26.6667,10,SC,0.018024,0.018657,0.3665311724803841,0.0849447992251045,0.077014574771215,GPR
0.18,0.5,26.6667,10,SC,0.01747,0.0181,0.3933488582912199,0.0935262224977547,0.0839075324330423,GPR
0.03,0.6786,26.6667,10,SC,0.110502,0.084943,0.0665301360208154,0.0109701336217035,0.011967370308351,GPR
0.040714,0.6786,26.6667,10,SC,0.087664,0.066866,0.0871591469673739,0.0147691118431046,0.0158255560173288,GPR
0.051429,0.6786,26.6667,10,SC,0.072189,0.056055,0.1081048454087395,0.0188236042560309,0.0198265841754177,GPR
0.062143,0.6786,26.6667,10,SC,0.061209,0.048763,0.1293833589694963,0.023142101375831,0.0239770167693537,GPR
0.072857,0.6786,26.6667,10,SC,0.053164,0.043487,0.151019443555247,0.0277374565718414,0.0282872599342008,GPR
0.083571,0.6786,26.6667,10,SC,0.047105,0.039492,0.1730383892289127,0.0326253053024461,0.0327699652934809,GPR
0.094286,0.6786,26.6667,10,SC,0.042445,0.036365,0.1954697303026674,0.0378247459614652,0.0374406540757777,GPR
0.105,0.6786,26.6667,10,SC,0.038796,0.03386,0.218338456582856,0.0433560907810373,0.0423157014338971,GPR
0.115714,0.6786,26.6667,10,SC,0.035892,0.031814,0.2416771621073271,0.0492434037935011,0.0474146302078575,GPR
0.126429,0.6786,26.6667,10,SC,0.03355,0.03012,0.2655195274429045,0.0555127379871405,0.0527585182943906,GPR
0.137143,0.6786,26.6667,10,SC,0.031638,0.028702,0.2898929889554009,0.0621896940324536,0.0583679749887721,GPR
0.147857,0.6786,26.6667,10,SC,0.030063,0.027505,0.3148316088633973,0.0693023202596536,0.0642656499918911,GPR
0.158571,0.6786,26.6667,10,SC,0.028754,0.026488,0.3403667345946098,0.0768781438068387,0.0704737443187441,GPR
0.169286,0.6786,26.6667,10,SC,0.027662,0.025621,0.3665311724803841,0.0849447992251045,0.077014574771215,GPR
0.18,0.6786,26.6667,10,SC,0.026746,0.024879,0.3933488582912199,0.0935262224977547,0.0839075324330423,GPR
0.03,0.8571,26.6667,10,SC,0.170286,0.169406,0.0665301360208154,0.0109701336217035,0.011967370308351,GPR
0.040714,0.8571,26.6667,10,SC,0.140934,0.109428,0.0871591469673739,0.0147691118431046,0.0158255560173288,GPR
0.051429,0.8571,26.6667,10,SC,0.119706,0.084428,0.1081048454087395,0.0188236042560309,0.0198265841754177,GPR
0.062143,0.8571,26.6667,10,SC,0.103364,0.070427,0.1293833589694963,0.023142101375831,0.0239770167693537,GPR
0.072857,0.8571,26.6667,10,SC,0.090937,0.0613,0.151019443555247,0.0277374565718414,0.0282872599342008,GPR
0.083571,0.8571,26.6667,10,SC,0.081363,0.05482,0.1730383892289127,0.0326253053024461,0.0327699652934809,GPR
0.094286,0.8571,26.6667,10,SC,0.073748,0.049966,0.1954697303026674,0.0378247459614652,0.0374406540757777,GPR
0.105,0.8571,26.6667,10,SC,0.067556,0.046195,0.218338456582856,0.0433560907810373,0.0423157014338971,GPR
0.115714,0.8571,26.6667,10,SC,0.062477,0.043189,0.2416771621073271,0.0492434037935011,0.0474146302078575,GPR
0.126429,0.8571,26.6667,10,SC,0.058294,0.040746,0.2655195274429045,0.0555127379871405,0.0527585182943906,GPR
0.137143,0.8571,26.6667,10,SC,0.054834,0.038732,0.2898929889554009,0.0621896940324536,0.0583679749887721,GPR
0.147857,0.8571,26.6667,10,SC,0.05196,0.037055,0.3148316088633973,0.0693023202596536,0.0642656499918911,GPR
0.158571,0.8571,26.6667,10,SC,0.049565,0.035648,0.3403667345946098,0.0768781438068387,0.0704737443187441,GPR
0.169286,0.8571,26.6667,10,SC,0.047567,0.034463,0.3665311724803841,0.0849447992251045,0.077014574771215,GPR
0.18,0.8571,26.6667,10,SC,0.045902,0.033463,0.3933488582912199,0.0935262224977547,0.0839075324330423,GPR
0.03,1.0357,26.6667,10,SC,0.237701,0.392947,0.0665301360208154,0.0109701336217035,0.011967370308351,GPR
0.040714,1.0357,26.6667,10,SC,0.203012,0.291761,0.0871591469673739,0.0147691118431046,0.0158255560173288,GPR
0.051429,1.0357,26.6667,10,SC,0.175089,0.195552,0.1081048454087395,0.0188236042560309,0.0198265841754177,GPR
0.062143,1.0357,26.6667,10,SC,0.15458,0.134076,0.1293833589694963,0.023142101375831,0.0239770167693537,GPR
0.072857,1.0357,26.6667,10,SC,0.139296,0.103807,0.151019443555247,0.0277374565718414,0.0282872599342008,GPR
0.083571,1.0357,26.6667,10,SC,0.127195,0.086839,0.1730383892289127,0.0326253053024461,0.0327699652934809,GPR
0.094286,1.0357,26.6667,10,SC,0.117163,0.075949,0.1954697303026674,0.0378247459614652,0.0374406540757777,GPR
0.105,1.0357,26.6667,10,SC,0.108659,0.068326,0.218338456582856,0.0433560907810373,0.0423157014338971,GPR
0.115714,1.0357,26.6667,10,SC,0.101432,0.062683,0.2416771621073271,0.0492434037935011,0.0474146302078575,GPR
0.126429,1.0357,26.6667,10,SC,0.095338,0.058343,0.2655195274429045,0.0555127379871405,0.0527585182943906,GPR
0.137143,1.0357,26.6667,10,SC,0.090236,0.054919,0.2898929889554009,0.0621896940324536,0.0583679749887721,GPR
0.147857,1.0357,26.6667,10,SC,0.085981,0.052167,0.3148316088633973,0.0693023202596536,0.0642656499918911,GPR
0.158571,1.0357,26.6667,10,SC,0.082434,0.049929,0.3403667345946098,0.0768781438068387,0.0704737443187441,GPR
0.169286,1.0357,26.6667,10,SC,0.079477,0.048094,0.3665311724803841,0.0849447992251045,0.077014574771215,GPR
0.18,1.0357,26.6667,10,SC,0.077015,0.046588,0.3933488582912199,0.0935262224977547,0.0839075324330423,GPR
0.03,1.2143,26.6667,10,SC,0.294555,0.461443,0.0665301360208154,0.0109701336217035,0.011967370308351,GPR
0.040714,1.2143,26.6667,10,SC,0.261923,0.494535,0.0871591469673739,0.0147691118431046,0.0158255560173288,GPR
0.051429,1.2143,26.6667,10,SC,0.236337,0.385927,0.1081048454087395,0.0188236042560309,0.0198265841754177,GPR
0.062143,1.2143,26.6667,10,SC,0.214779,0.353233,0.1293833589694963,0.023142101375831,0.0239770167693537,GPR
0.072857,1.2143,26.6667,10,SC,0.195879,0.28486,0.151019443555247,0.0277374565718414,0.0282872599342008,GPR
0.083571,1.2143,26.6667,10,SC,0.179482,0.232208,0.1730383892289127,0.0326253053024461,0.0327699652934809,GPR
0.094286,1.2143,26.6667,10,SC,0.165879,0.182502,0.1954697303026674,0.0378247459614652,0.0374406540757777,GPR
0.105,1.2143,26.6667,10,SC,0.154917,0.146309,0.218338456582856,0.0433560907810373,0.0423157014338971,GPR
0.115714,1.2143,26.6667,10,SC,0.146076,0.122502,0.2416771621073271,0.0492434037935011,0.0474146302078575,GPR
0.126429,1.2143,26.6667,10,SC,0.138844,0.106862,0.2655195274429045,0.0555127379871405,0.0527585182943906,GPR
0.137143,1.2143,26.6667,10,SC,0.132839,0.096123,0.2898929889554009,0.0621896940324536,0.0583679749887721,GPR
0.147857,1.2143,26.6667,10,SC,0.127797,0.088417,0.3148316088633973,0.0693023202596536,0.0642656499918911,GPR
0.158571,1.2143,26.6667,10,SC,0.123537,0.082701,0.3403667345946098,0.0768781438068387,0.0704737443187441,GPR
0.169286,1.2143,26.6667,10,SC,0.11993,0.078372,0.3665311724803841,0.0849447992251045,0.077014574771215,GPR
0.18,1.2143,26.6667,10,SC,0.116883,0.075058,0.3933488582912199,0.0935262224977547,0.0839075324330423,GPR
0.03,1.3929,26.6667,10,SC,0.352862,0.735557,0.0665301360208154,0.0109701336217035,0.011967370308351,GPR
0.040714,1.3929,26.6667,10,SC,0.314949,0.530503,0.0871591469673739,0.0147691118431046,0.0158255560173288,GPR
0.051429,1.3929,26.6667,10,SC,0.287251,0.435138,0.1081048454087395,0.0188236042560309,0.0198265841754177,GPR
0.062143,1.3929,26.6667,10,SC,0.265828,0.536195,0.1293833589694963,0.023142101375831,0.0239770167693537,GPR
0.072857,1.3929,26.6667,10,SC,0.248409,0.46049,0.151019443555247,0.0277374565718414,0.0282872599342008,GPR
0.083571,1.3929,26.6667,10,SC,0.233761,0.376035,0.1730383892289127,0.0326253053024461,0.0327699652934809,GPR
0.094286,1.3929,26.6667,10,SC,0.221151,0.370578,0.1954697303026674,0.0378247459614652,0.0374406540757777,GPR
0.105,1.3929,26.6667,10,SC,0.210119,0.364023,0.218338456582856,0.0433560907810373,0.0423157014338971,GPR
0.115714,1.3929,26.6667,10,SC,0.200377,0.326424,0.2416771621073271,0.0492434037935011,0.0474146302078575,GPR
0.126429,1.3929,26.6667,10,SC,0.191757,0.291265,0.2655195274429045,0.0555127379871405,0.0527585182943906,GPR
0.137143,1.3929,26.6667,10,SC,0.184166,0.268516,0.2898929889554009,0.0621896940324536,0.0583679749887721,GPR
0.147857,1.3929,26.6667,10,SC,0.177545,0.251561,0.3148316088633973,0.0693023202596536,0.0642656499918911,GPR
0.158571,1.3929,26.6667,10,SC,0.171841,0.236038,0.3403667345946098,0.0768781438068387,0.0704737443187441,GPR
0.169286,1.3929,26.6667,10,SC,0.166991,0.221832,0.3665311724803841,0.0849447992251045,0.077014574771215,GPR
0.18,1.3929,26.6667,10,SC,0.162923,0.209827,0.3933488582912199,0.0935262224977547,0.0839075324330423,GPR
0.03,1.5714,26.6667,10,SC,0.40738,0.434588,0.0665301360208154,0.0109701336217035,0.011967370308351,GPR
0.040714,1.5714,26.6667,10,SC,0.372785,0.479578,0.0871591469673739,0.0147691118431046,0.0158255560173288,GPR
0.051429,1.5714,26.6667,10,SC,0.341289,0.748666,0.1081048454087395,0.0188236042560309,0.0198265841754177,GPR
0.062143,1.5714,26.6667,10,SC,0.315757,0.636748,0.1293833589694963,0.023142101375831,0.0239770167693537,GPR
0.072857,1.5714,26.6667,10,SC,0.295746,0.448051,0.151019443555247,0.0277374565718414,0.0282872599342008,GPR
0.083571,1.5714,26.6667,10,SC,0.279713,0.403903,0.1730383892289127,0.0326253053024461,0.0327699652934809,GPR
0.094286,1.5714,26.6667,10,SC,0.266508,0.450026,0.1954697303026674,0.0378247459614652,0.0374406540757777,GPR
0.105,1.5714,26.6667,10,SC,0.255407,0.518597,0.218338456582856,0.0433560907810373,0.0423157014338971,GPR
0.115714,1.5714,26.6667,10,SC,0.245944,0.525124,0.2416771621073271,0.0492434037935011,0.0474146302078575,GPR
0.126429,1.5714,26.6667,10,SC,0.237809,0.473159,0.2655195274429045,0.0555127379871405,0.0527585182943906,GPR
0.137143,1.5714,26.6667,10,SC,0.23078,0.416731,0.2898929889554009,0.0621896940324536,0.0583679749887721,GPR
0.147857,1.5714,26.6667,10,SC,0.224698,0.377234,0.3148316088633973,0.0693023202596536,0.0642656499918911,GPR
0.158571,1.5714,26.6667,10,SC,0.219441,0.353718,0.3403667345946098,0.0768781438068387,0.0704737443187441,GPR
0.169286,1.5714,26.6667,10,SC,0.214915,0.340725,0.3665311724803841,0.0849447992251045,0.077014574771215,GPR
0.18,1.5714,26.6667,10,SC,0.211046,0.333573,0.3933488582912199,0.0935262224977547,0.0839075324330423,GPR
0.03,1.75,26.6667,10,SC,0.442735,0.959386,0.0665301360208154,0.0109701336217035,0.011967370308351,GPR
0.040714,1.75,26.6667,10,SC,0.417619,0.563688,0.0871591469673739,0.0147691118431046,0.0158255560173288,GPR
0.051429,1.75,26.6667,10,SC,0.393605,0.403633,0.1081048454087395,0.0188236042560309,0.0198265841754177,GPR
0.062143,1.75,26.6667,10,SC,0.370653,0.415658,0.1293833589694963,0.023142101375831,0.0239770167693537,GPR
0.072857,1.75,26.6667,10,SC,0.349304,0.551773,0.151019443555247,0.0277374565718414,0.0282872599342008,GPR
0.083571,1.75,26.6667,10,SC,0.330475,0.735611,0.1730383892289127,0.0326253053024461,0.0327699652934809,GPR
0.094286,1.75,26.6667,10,SC,0.314589,0.748248,0.1954697303026674,0.0378247459614652,0.0374406540757777,GPR
0.105,1.75,26.6667,10,SC,0.301401,0.61557,0.218338456582856,0.0433560907810373,0.0423157014338971,GPR
0.115714,1.75,26.6667,10,SC,0.290427,0.497713,0.2416771621073271,0.0492434037935011,0.0474146302078575,GPR
0.126429,1.75,26.6667,10,SC,0.281219,0.426788,0.2655195274429045,0.0555127379871405,0.0527585182943906,GPR
0.137143,1.75,26.6667,10,SC,0.273435,0.389655,0.2898929889554009,0.0621896940324536,0.0583679749887721,GPR
0.147857,1.75,26.6667,10,SC,0.266822,0.373036,0.3148316088633973,0.0693023202596536,0.0642656499918911,GPR
0.158571,1.75,26.6667,10,SC,0.261195,0.368028,0.3403667345946098,0.0768781438068387,0.0704737443187441,GPR
0.169286,1.75,26.6667,10,SC,0.256414,0.368697,0.3665311724803841,0.0849447992251045,0.077014574771215,GPR
0.18,1.75,26.6667,10,SC,0.252375,0.37105,0.3933488582912199,0.0935262224977547,0.0839075324330423,GPR
0.03,1.9286,26.6667,10,SC,0.466228,0.492935,0.0665301360208154,0.0109701336217035,0.011967370308351,GPR
0.040714,1.9286,26.6667,10,SC,0.446784,0.877635,0.0871591469673739,0.0147691118431046,0.0158255560173288,GPR
0.051429,1.9286,26.6667,10,SC,0.428416,0.91084,0.1081048454087395,0.0188236042560309,0.0198265841754177,GPR
0.062143,1.9286,26.6667,10,SC,0.411265,0.611988,0.1293833589694963,0.023142101375831,0.0239770167693537,GPR
0.072857,1.9286,26.6667,10,SC,0.395282,0.444578,0.151019443555247,0.0277374565718414,0.0282872599342008,GPR
0.083571,1.9286,26.6667,10,SC,0.380394,0.380019,0.1730383892289127,0.0326253053024461,0.0327699652934809,GPR
0.094286,1.9286,26.6667,10,SC,0.36658,0.371619,0.1954697303026674,0.0378247459614652,0.0374406540757777,GPR
0.105,1.9286,26.6667,10,SC,0.353898,0.400212,0.218338456582856,0.0433560907810373,0.0423157014338971,GPR
0.115714,1.9286,26.6667,10,SC,0.342447,0.456313,0.2416771621073271,0.0492434037935011,0.0474146302078575,GPR
0.126429,1.9286,26.6667,10,SC,0.332302,0.529686,0.2655195274429045,0.0555127379871405,0.0527585182943906,GPR
0.137143,1.9286,26.6667,10,SC,0.323473,0.605494,0.2898929889554009,0.0621896940324536,0.0583679749887721,GPR
0.147857,1.9286,26.6667,10,SC,0.315904,0.668007,0.3148316088633973,0.0693023202596536,0.0642656499918911,GPR
0.158571,1.9286,26.6667,10,SC,0.309496,0.708347,0.3403667345946098,0.0768781438068387,0.0704737443187441,GPR
0.169286,1.9286,26.6667,10,SC,0.304143,0.727481,0.3665311724803841,0.0849447992251045,0.077014574771215,GPR
0.18,1.9286,26.6667,10,SC,0.299741,0.732108,0.3933488582912199,0.0935262224977547,0.0839075324330423,GPR
0.03,2.1071,26.6667,10,SC,0.481935,0.317933,0.0665301360208154,0.0109701336217035,0.011967370308351,GPR
0.040714,2.1071,26.6667,10,SC,0.466929,0.368591,0.0871591469673739,0.0147691118431046,0.0158255560173288,GPR
0.051429,2.1071,26.6667,10,SC,0.452352,0.528317,0.1081048454087395,0.0188236042560309,0.0198265841754177,GPR
0.062143,2.1071,26.6667,10,SC,0.438639,0.801544,0.1293833589694963,0.023142101375831,0.0239770167693537,GPR
0.072857,2.1071,26.6667,10,SC,0.425932,0.984622,0.151019443555247,0.0277374565718414,0.0282872599342008,GPR
0.083571,2.1071,26.6667,10,SC,0.414256,0.880778,0.1730383892289127,0.0326253053024461,0.0327699652934809,GPR
0.094286,2.1071,26.6667,10,SC,0.403587,0.690654,0.1954697303026674,0.0378247459614652,0.0374406540757777,GPR
0.105,2.1071,26.6667,10,SC,0.393885,0.550465,0.218338456582856,0.0433560907810373,0.0423157014338971,GPR
0.115714,2.1071,26.6667,10,SC,0.385112,0.463521,0.2416771621073271,0.0492434037935011,0.0474146302078575,GPR
0.126429,2.1071,26.6667,10,SC,0.377233,0.411243,0.2655195274429045,0.0555127379871405,0.0527585182943906,GPR
0.137143,2.1071,26.6667,10,SC,0.370222,0.379986,0.2898929889554009,0.0621896940324536,0.0583679749887721,GPR
0.147857,2.1071,26.6667,10,SC,0.364054,0.36143,0.3148316088633973,0.0693023202596536,0.0642656499918911,GPR
0.158571,2.1071,26.6667,10,SC,0.358703,0.350491,0.3403667345946098,0.0768781438068387,0.0704737443187441,GPR
0.169286,2.1071,26.6667,10,SC,0.354143,0.343974,0.3665311724803841,0.0849447992251045,0.077014574771215,GPR
0.18,2.1071,26.6667,10,SC,0.350343,0.339877,0.3933488582912199,0.0935262224977547,0.0839075324330423,GPR
0.03,2.2857,26.6667,10,SC,0.491142,0.385347,0.0665301360208154,0.0109701336217035,0.011967370308351,GPR
0.040714,2.2857,26.6667,10,SC,0.480468,0.3174,0.0871591469673739,0.0147691118431046,0.0158255560173288,GPR
0.051429,2.2857,26.6667,10,SC,0.469244,0.308484,0.1081048454087395,0.0188236042560309,0.0198265841754177,GPR
0.062143,2.2857,26.6667,10,SC,0.458315,0.3417,0.1293833589694963,0.023142101375831,0.0239770167693537,GPR
0.072857,2.2857,26.6667,10,SC,0.448007,0.416386,0.151019443555247,0.0277374565718414,0.0282872599342008,GPR
0.083571,2.2857,26.6667,10,SC,0.438451,0.535207,0.1730383892289127,0.0326253053024461,0.0327699652934809,GPR
0.094286,2.2857,26.6667,10,SC,0.42969,0.689446,0.1954697303026674,0.0378247459614652,0.0374406540757777,GPR
0.105,2.2857,26.6667,10,SC,0.421729,0.844085,0.218338456582856,0.0433560907810373,0.0423157014338971,GPR
0.115714,2.2857,26.6667,10,SC,0.414548,0.948734,0.2416771621073271,0.0492434037935011,0.0474146302078575,GPR
0.126429,2.2857,26.6667,10,SC,0.408121,0.980026,0.2655195274429045,0.0555127379871405,0.0527585182943906,GPR
0.137143,2.2857,26.6667,10,SC,0.402416,0.956849,0.2898929889554009,0.0621896940324536,0.0583679749887721,GPR
0.147857,2.2857,26.6667,10,SC,0.397402,0.911458,0.3148316088633973,0.0693023202596536,0.0642656499918911,GPR
0.158571,2.2857,26.6667,10,SC,0.393048,0.866095,0.3403667345946098,0.0768781438068387,0.0704737443187441,GPR
0.169286,2.2857,26.6667,10,SC,0.389321,0.830926,0.3665311724803841,0.0849447992251045,0.077014574771215,GPR
0.18,2.2857,26.6667,10,SC,0.386191,0.809221,0.3933488582912199,0.0935262224977547,0.0839075324330423,GPR
0.03,2.4643,26.6667,10,SC,0.489959,0.626402,0.0665301360208154,0.0109701336217035,0.011967370308351,GPR
0.040714,2.4643,26.6667,10,SC,0.487647,0.449859,0.0871591469673739,0.0147691118431046,0.0158255560173288,GPR
0.051429,2.4643,26.6667,10,SC,0.480284,0.356085,0.1081048454087395,0.0188236042560309,0.0198265841754177,GPR
0.062143,2.4643,26.6667,10,SC,0.472138,0.311715,0.1293833589694963,0.023142101375831,0.0239770167693537,GPR
0.072857,2.4643,26.6667,10,SC,0.464081,0.295626,0.151019443555247,0.0277374565718414,0.0282872599342008,GPR
0.083571,2.4643,26.6667,10,SC,0.45642,0.297676,0.1730383892289127,0.0326253053024461,0.0327699652934809,GPR
0.094286,2.4643,26.6667,10,SC,0.449291,0.312662,0.1954697303026674,0.0378247459614652,0.0374406540757777,GPR
0.105,2.4643,26.6667,10,SC,0.442751,0.337236,0.218338456582856,0.0433560907810373,0.0423157014338971,GPR
0.115714,2.4643,26.6667,10,SC,0.436818,0.368435,0.2416771621073271,0.0492434037935011,0.0474146302078575,GPR
0.126429,2.4643,26.6667,10,SC,0.431491,0.403039,0.2655195274429045,0.0555127379871405,0.0527585182943906,GPR
0.137143,2.4643,26.6667,10,SC,0.426759,0.437509,0.2898929889554009,0.0621896940324536,0.0583679749887721,GPR
0.147857,2.4643,26.6667,10,SC,0.422602,0.468308,0.3148316088633973,0.0693023202596536,0.0642656499918911,GPR
0.158571,2.4643,26.6667,10,SC,0.419001,0.492382,0.3403667345946098,0.0768781438068387,0.0704737443187441,GPR
0.169286,2.4643,26.6667,10,SC,0.415933,0.507562,0.3665311724803841,0.0849447992251045,0.077014574771215,GPR
0.18,2.4643,26.6667,10,SC,0.413375,0.512733,0.3933488582912199,0.0935262224977547,0.0839075324330423,GPR
0.03,2.6429,26.6667,10,SC,0.471441,0.82542,0.0665301360208154,0.0109701336217035,0.011967370308351,GPR
0.040714,2.6429,26.6667,10,SC,0.482153,0.743643,0.0871591469673739,0.0147691118431046,0.0158255560173288,GPR
0.051429,2.6429,26.6667,10,SC,0.482973,0.581333,0.1081048454087395,0.0188236042560309,0.0198265841754177,GPR
0.062143,2.6429,26.6667,10,SC,0.480016,0.460608,0.1293833589694963,0.023142101375831,0.0239770167693537,GPR
0.072857,2.6429,26.6667,10,SC,0.47477,0.385164,0.151019443555247,0.0277374565718414,0.0282872599342008,GPR
0.083571,2.6429,26.6667,10,SC,0.469176,0.339421,0.1730383892289127,0.0326253053024461,0.0327699652934809,GPR
0.094286,2.6429,26.6667,10,SC,0.463725,0.311969,0.1954697303026674,0.0378247459614652,0.0374406540757777,GPR
0.105,2.6429,26.6667,10,SC,0.458603,0.2959,0.218338456582856,0.0433560907810373,0.0423157014338971,GPR
0.115714,2.6429,26.6667,10,SC,0.453892,0.286989,0.2416771621073271,0.0492434037935011,0.0474146302078575,GPR
0.126429,2.6429,26.6667,10,SC,0.449633,0.282504,0.2655195274429045,0.0555127379871405,0.0527585182943906,GPR
0.137143,2.6429,26.6667,10,SC,0.44584,0.280579,0.2898929889554009,0.0621896940324536,0.0583679749887721,GPR
0.147857,2.6429,26.6667,10,SC,0.442515,0.279904,0.3148316088633973,0.0693023202596536,0.0642656499918911,GPR
0.158571,2.6429,26.6667,10,SC,0.439653,0.279583,0.3403667345946098,0.0768781438068387,0.0704737443187441,GPR
0.169286,2.6429,26.6667,10,SC,0.437245,0.279061,0.3665311724803841,0.0849447992251045,0.077014574771215,GPR
0.18,2.6429,26.6667,10,SC,0.435279,0.278087,0.3933488582912199,0.0935262224977547,0.0839075324330423,GPR
0.03,2.8214,26.6667,10,SC,0.453444,0.57087,0.0665301360208154,0.0109701336217035,0.011967370308351,GPR
0.040714,2.8214,26.6667,10,SC,0.460135,0.759996,0.0871591469673739,0.0147691118431046,0.0158255560173288,GPR
0.051429,2.8214,26.6667,10,SC,0.469437,0.833235,0.1081048454087395,0.0188236042560309,0.0198265841754177,GPR
0.062143,2.8214,26.6667,10,SC,0.475351,0.771742,0.1293833589694963,0.023142101375831,0.0239770167693537,GPR
0.072857,2.8214,26.6667,10,SC,0.475553,0.663705,0.151019443555247,0.0277374565718414,0.0282872599342008,GPR
0.083571,2.8214,26.6667,10,SC,0.474888,0.567013,0.1730383892289127,0.0326253053024461,0.0327699652934809,GPR
0.094286,2.8214,26.6667,10,SC,0.47245,0.494456,0.1954697303026674,0.0378247459614652,0.0374406540757777,GPR
0.105,2.8214,26.6667,10,SC,0.469278,0.442861,0.218338456582856,0.0433560907810373,0.0423157014338971,GPR
0.115714,2.8214,26.6667,10,SC,0.46605,0.406762,0.2416771621073271,0.0492434037935011,0.0474146302078575,GPR
0.126429,2.8214,26.6667,10,SC,0.463005,0.381738,0.2655195274429045,0.0555127379871405,0.0527585182943906,GPR
0.137143,2.8214,26.6667,10,SC,0.460243,0.364705,0.2898929889554009,0.0621896940324536,0.0583679749887721,GPR
0.147857,2.8214,26.6667,10,SC,0.457813,0.353629,0.3148316088633973,0.0693023202596536,0.0642656499918911,GPR
0.158571,2.8214,26.6667,10,SC,0.455737,0.347225,0.3403667345946098,0.0768781438068387,0.0704737443187441,GPR
0.169286,2.8214,26.6667,10,SC,0.454025,0.344755,0.3665311724803841,0.0849447992251045,0.077014574771215,GPR
0.18,2.8214,26.6667,10,SC,0.45268,0.345896,0.3933488582912199,0.0935262224977547,0.0839075324330423,GPR
0.03,3.0,26.6667,10,SC,0.419267,0.340881,0.0665301360208154,0.0109701336217035,0.011967370308351,GPR
0.040714,3.0,26.6667,10,SC,0.442471,0.456885,0.0871591469673739,0.0147691118431046,0.0158255560173288,GPR
0.051429,3.0,26.6667,10,SC,0.45114,0.597979,0.1081048454087395,0.0188236042560309,0.0198265841754177,GPR
0.062143,3.0,26.6667,10,SC,0.454879,0.733141,0.1293833589694963,0.023142101375831,0.0239770167693537,GPR
0.072857,3.0,26.6667,10,SC,0.459188,0.821832,0.151019443555247,0.0277374565718414,0.0282872599342008,GPR
0.083571,3.0,26.6667,10,SC,0.46536,0.847316,0.1730383892289127,0.0326253053024461,0.0327699652934809,GPR
0.094286,3.0,26.6667,10,SC,0.468337,0.825767,0.1954697303026674,0.0378247459614652,0.0374406540757777,GPR
0.105,3.0,26.6667,10,SC,0.468631,0.783532,0.218338456582856,0.0433560907810373,0.0423157014338971,GPR
0.115714,3.0,26.6667,10,SC,0.468093,0.739233,0.2416771621073271,0.0492434037935011,0.0474146302078575,GPR
0.126429,3.0,26.6667,10,SC,0.467399,0.701794,0.2655195274429045,0.0555127379871405,0.0527585182943906,GPR
0.137143,3.0,26.6667,10,SC,0.466647,0.674306,0.2898929889554009,0.0621896940324536,0.0583679749887721,GPR
0.147857,3.0,26.6667,10,SC,0.465801,0.657317,0.3148316088633973,0.0693023202596536,0.0642656499918911,GPR
0.158571,3.0,26.6667,10,SC,0.464917,0.650585,0.3403667345946098,0.0768781438068387,0.0704737443187441,GPR
0.169286,3.0,26.6667,10,SC,0.464084,0.653825,0.3665311724803841,0.0849447992251045,0.077014574771215,GPR
0.18,3.0,26.6667,10,SC,0.463358,0.666982,0.3933488582912199,0.0935262224977547,0.0839075324330423,GPR
0.03,0.5,30.0,10,SC,0.040475,0.03972,0.0665301360208154,0.0109701336217035,0.011967370308351,GPR
0.040714,0.5,30.0,10,SC,0.032398,0.032586,0.0871591469673739,0.0147691118431046,0.0158255560173288,GPR
0.051429,0.5,30.0,10,SC,0.027297,0.027832,0.1081048454087395,0.0188236042560309,0.0198265841754177,GPR
0.062143,0.5,30.0,10,SC,0.023774,0.024445,0.1293833589694963,0.023142101375831,0.0239770167693537,GPR
0.072857,0.5,30.0,10,SC,0.021193,0.021916,0.151019443555247,0.0277374565718414,0.0282872599342008,GPR
0.083571,0.5,30.0,10,SC,0.019225,0.019962,0.1730383892289127,0.0326253053024461,0.0327699652934809,GPR
0.094286,0.5,30.0,10,SC,0.017679,0.018412,0.1954697303026674,0.0378247459614652,0.0374406540757777,GPR
0.105,0.5,30.0,10,SC,0.016435,0.017156,0.218338456582856,0.0433560907810373,0.0423157014338971,GPR
0.115714,0.5,30.0,10,SC,0.015417,0.016123,0.2416771621073271,0.0492434037935011,0.0474146302078575,GPR
0.126429,0.5,30.0,10,SC,0.014573,0.015262,0.2655195274429045,0.0555127379871405,0.0527585182943906,GPR
0.137143,0.5,30.0,10,SC,0.013864,0.014537,0.2898929889554009,0.0621896940324536,0.0583679749887721,GPR
0.147857,0.5,30.0,10,SC,0.013264,0.013921,0.3148316088633973,0.0693023202596536,0.0642656499918911,GPR
0.158571,0.5,30.0,10,SC,0.012753,0.013394,0.3403667345946098,0.0768781438068387,0.0704737443187441,GPR
0.169286,0.5,30.0,10,SC,0.012315,0.012943,0.3665311724803841,0.0849447992251045,0.077014574771215,GPR
0.18,0.5,30.0,10,SC,0.011938,0.012554,0.3933488582912199,0.0935262224977547,0.0839075324330423,GPR
0.03,0.6786,30.0,10,SC,0.065944,0.051637,0.0665301360208154,0.0109701336217035,0.011967370308351,GPR
0.040714,0.6786,30.0,10,SC,0.050865,0.042437,0.0871591469673739,0.0147691118431046,0.0158255560173288,GPR
0.051429,0.6786,30.0,10,SC,0.0414,0.036363,0.1081048454087395,0.0188236042560309,0.0198265841754177,GPR
0.062143,0.6786,30.0,10,SC,0.035143,0.032042,0.1293833589694963,0.023142101375831,0.0239770167693537,GPR
0.072857,0.6786,30.0,10,SC,0.030794,0.028814,0.151019443555247,0.0277374565718414,0.0282872599342008,GPR
0.083571,0.6786,30.0,10,SC,0.027623,0.026315,0.1730383892289127,0.0326253053024461,0.0327699652934809,GPR
0.094286,0.6786,30.0,10,SC,0.025214,0.024329,0.1954697303026674,0.0378247459614652,0.0374406540757777,GPR
0.105,0.6786,30.0,10,SC,0.023326,0.022719,0.218338456582856,0.0433560907810373,0.0423157014338971,GPR
0.115714,0.6786,30.0,10,SC,0.02181,0.021393,0.2416771621073271,0.0492434037935011,0.0474146302078575,GPR
0.126429,0.6786,30.0,10,SC,0.02057,0.020286,0.2655195274429045,0.0555127379871405,0.0527585182943906,GPR
0.137143,0.6786,30.0,10,SC,0.019541,0.019354,0.2898929889554009,0.0621896940324536,0.0583679749887721,GPR
0.147857,0.6786,30.0,10,SC,0.01868,0.018562,0.3148316088633973,0.0693023202596536,0.0642656499918911,GPR
0.158571,0.6786,30.0,10,SC,0.017952,0.017887,0.3403667345946098,0.0768781438068387,0.0704737443187441,GPR
0.169286,0.6786,30.0,10,SC,0.017334,0.017307,0.3665311724803841,0.0849447992251045,0.077014574771215,GPR
0.18,0.6786,30.0,10,SC,0.016808,0.01681,0.3933488582912199,0.0935262224977547,0.0839075324330423,GPR
0.03,0.8571,30.0,10,SC,0.105909,0.069108,0.0665301360208154,0.0109701336217035,0.011967370308351,GPR
0.040714,0.8571,30.0,10,SC,0.083987,0.055377,0.0871591469673739,0.0147691118431046,0.0158255560173288,GPR
0.051429,0.8571,30.0,10,SC,0.068741,0.046923,0.1081048454087395,0.0188236042560309,0.0198265841754177,GPR
0.062143,0.8571,30.0,10,SC,0.057856,0.041119,0.1293833589694963,0.023142101375831,0.0239770167693537,GPR
0.072857,0.8571,30.0,10,SC,0.049862,0.036869,0.151019443555247,0.0277374565718414,0.0282872599342008,GPR
0.083571,0.8571,30.0,10,SC,0.043822,0.033622,0.1730383892289127,0.0326253053024461,0.0327699652934809,GPR
0.094286,0.8571,30.0,10,SC,0.039189,0.031064,0.1954697303026674,0.0378247459614652,0.0374406540757777,GPR
0.105,0.8571,30.0,10,SC,0.035581,0.029003,0.218338456582856,0.0433560907810373,0.0423157014338971,GPR
0.115714,0.8571,30.0,10,SC,0.032731,0.027314,0.2416771621073271,0.0492434037935011,0.0474146302078575,GPR
0.126429,0.8571,30.0,10,SC,0.030453,0.02591,0.2655195274429045,0.0555127379871405,0.0527585182943906,GPR
0.137143,0.8571,30.0,10,SC,0.028613,0.024733,0.2898929889554009,0.0621896940324536,0.0583679749887721,GPR
0.147857,0.8571,30.0,10,SC,0.027114,0.023737,0.3148316088633973,0.0693023202596536,0.0642656499918911,GPR
0.158571,0.8571,30.0,10,SC,0.025881,0.022889,0.3403667345946098,0.0768781438068387,0.0704737443187441,GPR
0.169286,0.8571,30.0,10,SC,0.024863,0.022166,0.3665311724803841,0.0849447992251045,0.077014574771215,GPR
0.18,0.8571,30.0,10,SC,0.024019,0.021548,0.3933488582912199,0.0935262224977547,0.0839075324330423,GPR
0.03,1.0357,30.0,10,SC,0.153271,0.108216,0.0665301360208154,0.0109701336217035,0.011967370308351,GPR
0.040714,1.0357,30.0,10,SC,0.127155,0.077971,0.0871591469673739,0.0147691118431046,0.0158255560173288,GPR
0.051429,1.0357,30.0,10,SC,0.106677,0.063194,0.1081048454087395,0.0188236042560309,0.0198265841754177,GPR
0.062143,1.0357,30.0,10,SC,0.091681,0.054111,0.1293833589694963,0.023142101375831,0.0239770167693537,GPR
0.072857,1.0357,30.0,10,SC,0.080603,0.047865,0.151019443555247,0.0277374565718414,0.0282872599342008,GPR
0.083571,1.0357,30.0,10,SC,0.071827,0.043278,0.1730383892289127,0.0326253053024461,0.0327699652934809,GPR
0.094286,1.0357,30.0,10,SC,0.06468,0.039762,0.1954697303026674,0.0378247459614652,0.0374406540757777,GPR
0.105,1.0357,30.0,10,SC,0.0589,0.036983,0.218338456582856,0.0433560907810373,0.0423157014338971,GPR
0.115714,1.0357,30.0,10,SC,0.054243,0.03474,0.2416771621073271,0.0492434037935011,0.0474146302078575,GPR
0.126429,1.0357,30.0,10,SC,0.050456,0.032899,0.2655195274429045,0.0555127379871405,0.0527585182943906,GPR
0.137143,1.0357,30.0,10,SC,0.047339,0.03137,0.2898929889554009,0.0621896940324536,0.0583679749887721,GPR
0.147857,1.0357,30.0,10,SC,0.044753,0.030088,0.3148316088633973,0.0693023202596536,0.0642656499918911,GPR
0.158571,1.0357,30.0,10,SC,0.0426,0.029008,0.3403667345946098,0.0768781438068387,0.0704737443187441,GPR
0.169286,1.0357,30.0,10,SC,0.04081,0.028094,0.3665311724803841,0.0849447992251045,0.077014574771215,GPR
0.18,1.0357,30.0,10,SC,0.039328,0.027319,0.3933488582912199,0.0935262224977547,0.0839075324330423,GPR
0.03,1.2143,30.0,10,SC,0.204451,0.282234,0.0665301360208154,0.0109701336217035,0.011967370308351,GPR
0.040714,1.2143,30.0,10,SC,0.171523,0.150503,0.0871591469673739,0.0147691118431046,0.0158255560173288,GPR
0.051429,1.2143,30.0,10,SC,0.149549,0.100123,0.1081048454087395,0.0188236042560309,0.0198265841754177,GPR
0.062143,1.2143,30.0,10,SC,0.133099,0.078694,0.1293833589694963,0.023142101375831,0.0239770167693537,GPR
0.072857,1.2143,30.0,10,SC,0.119425,0.066556,0.151019443555247,0.0277374565718414,0.0282872599342008,GPR
0.083571,1.2143,30.0,10,SC,0.107675,0.058588,0.1730383892289127,0.0326253053024461,0.0327699652934809,GPR
0.094286,1.2143,30.0,10,SC,0.09793,0.052904,0.1954697303026674,0.0378247459614652,0.0374406540757777,GPR
0.105,1.2143,30.0,10,SC,0.090154,0.048632,0.218338456582856,0.0433560907810373,0.0423157014338971,GPR
0.115714,1.2143,30.0,10,SC,0.083957,0.045306,0.2416771621073271,0.0492434037935011,0.0474146302078575,GPR
0.126429,1.2143,30.0,10,SC,0.078922,0.042653,0.2655195274429045,0.0555127379871405,0.0527585182943906,GPR
0.137143,1.2143,30.0,10,SC,0.074749,0.0405,0.2898929889554009,0.0621896940324536,0.0583679749887721,GPR
0.147857,1.2143,30.0,10,SC,0.071246,0.03873,0.3148316088633973,0.0693023202596536,0.0642656499918911,GPR
0.158571,1.2143,30.0,10,SC,0.068287,0.037263,0.3403667345946098,0.0768781438068387,0.0704737443187441,GPR
0.169286,1.2143,30.0,10,SC,0.06579,0.036044,0.3665311724803841,0.0849447992251045,0.077014574771215,GPR
0.18,1.2143,30.0,10,SC,0.063696,0.035028,0.3933488582912199,0.0935262224977547,0.0839075324330423,GPR
0.03,1.3929,30.0,10,SC,0.253317,0.413049,0.0665301360208154,0.0109701336217035,0.011967370308351,GPR
0.040714,1.3929,30.0,10,SC,0.223575,0.360338,0.0871591469673739,0.0147691118431046,0.0158255560173288,GPR
0.051429,1.3929,30.0,10,SC,0.196548,0.269092,0.1081048454087395,0.0188236042560309,0.0198265841754177,GPR
0.062143,1.3929,30.0,10,SC,0.174436,0.173447,0.1293833589694963,0.023142101375831,0.0239770167693537,GPR
0.072857,1.3929,30.0,10,SC,0.158162,0.120017,0.151019443555247,0.0277374565718414,0.0282872599342008,GPR
0.083571,1.3929,30.0,10,SC,0.145849,0.094476,0.1730383892289127,0.0326253053024461,0.0327699652934809,GPR
0.094286,1.3929,30.0,10,SC,0.135994,0.080069,0.1954697303026674,0.0378247459614652,0.0374406540757777,GPR
0.105,1.3929,30.0,10,SC,0.127764,0.070762,0.218338456582856,0.0433560907810373,0.0423157014338971,GPR
0.115714,1.3929,30.0,10,SC,0.120701,0.064224,0.2416771621073271,0.0492434037935011,0.0474146302078575,GPR
0.126429,1.3929,30.0,10,SC,0.114549,0.059379,0.2655195274429045,0.0555127379871405,0.0527585182943906,GPR
0.137143,1.3929,30.0,10,SC,0.109172,0.055661,0.2898929889554009,0.0621896940324536,0.0583679749887721,GPR
0.147857,1.3929,30.0,10,SC,0.104499,0.052739,0.3148316088633973,0.0693023202596536,0.0642656499918911,GPR
0.158571,1.3929,30.0,10,SC,0.100483,0.050409,0.3403667345946098,0.0768781438068387,0.0704737443187441,GPR
0.169286,1.3929,30.0,10,SC,0.097079,0.048536,0.3665311724803841,0.0849447992251045,0.077014574771215,GPR
0.18,1.3929,30.0,10,SC,0.094236,0.047026,0.3933488582912199,0.0935262224977547,0.0839075324330423,GPR
0.03,1.5714,30.0,10,SC,0.290596,0.547741,0.0665301360208154,0.0109701336217035,0.011967370308351,GPR
0.040714,1.5714,30.0,10,SC,0.264095,0.487031,0.0871591469673739,0.0147691118431046,0.0158255560173288,GPR
0.051429,1.5714,30.0,10,SC,0.242226,0.412575,0.1081048454087395,0.0188236042560309,0.0198265841754177,GPR
0.062143,1.5714,30.0,10,SC,0.223054,0.393453,0.1293833589694963,0.023142101375831,0.0239770167693537,GPR
0.072857,1.5714,30.0,10,SC,0.2055,0.30827,0.151019443555247,0.0277374565718414,0.0282872599342008,GPR
0.083571,1.5714,30.0,10,SC,0.189506,0.262064,0.1730383892289127,0.0326253053024461,0.0327699652934809,GPR
0.094286,1.5714,30.0,10,SC,0.175806,0.20126,0.1954697303026674,0.0378247459614652,0.0374406540757777,GPR
0.105,1.5714,30.0,10,SC,0.164715,0.155809,0.218338456582856,0.0433560907810373,0.0423157014338971,GPR
0.115714,1.5714,30.0,10,SC,0.155855,0.125734,0.2416771621073271,0.0492434037935011,0.0474146302078575,GPR
0.126429,1.5714,30.0,10,SC,0.148689,0.107061,0.2655195274429045,0.0555127379871405,0.0527585182943906,GPR
0.137143,1.5714,30.0,10,SC,0.142794,0.09494,0.2898929889554009,0.0621896940324536,0.0583679749887721,GPR
0.147857,1.5714,30.0,10,SC,0.13788,0.08661,0.3148316088633973,0.0693023202596536,0.0642656499918911,GPR
0.158571,1.5714,30.0,10,SC,0.133753,0.080637,0.3403667345946098,0.0768781438068387,0.0704737443187441,GPR
0.169286,1.5714,30.0,10,SC,0.130276,0.076239,0.3665311724803841,0.0849447992251045,0.077014574771215,GPR
0.18,1.5714,30.0,10,SC,0.127354,0.072966,0.3933488582912199,0.0935262224977547,0.0839075324330423,GPR
0.03,1.75,30.0,10,SC,0.325765,0.604654,0.0665301360208154,0.0109701336217035,0.011967370308351,GPR
0.040714,1.75,30.0,10,SC,0.298222,0.412392,0.0871591469673739,0.0147691118431046,0.0158255560173288,GPR
0.051429,1.75,30.0,10,SC,0.276892,0.617162,0.1081048454087395,0.0188236042560309,0.0198265841754177,GPR
0.062143,1.75,30.0,10,SC,0.259426,0.519922,0.1293833589694963,0.023142101375831,0.0239770167693537,GPR
0.072857,1.75,30.0,10,SC,0.244609,0.381248,0.151019443555247,0.0277374565718414,0.0282872599342008,GPR
0.083571,1.75,30.0,10,SC,0.231717,0.409829,0.1730383892289127,0.0326253053024461,0.0327699652934809,GPR
0.094286,1.75,30.0,10,SC,0.220278,0.42355,0.1954697303026674,0.0378247459614652,0.0374406540757777,GPR
0.105,1.75,30.0,10,SC,0.20999,0.350884,0.218338456582856,0.0433560907810373,0.0423157014338971,GPR
0.115714,1.75,30.0,10,SC,0.20069,0.303381,0.2416771621073271,0.0492434037935011,0.0474146302078575,GPR
0.126429,1.75,30.0,10,SC,0.192325,0.286222,0.2655195274429045,0.0555127379871405,0.0527585182943906,GPR
0.137143,1.75,30.0,10,SC,0.184907,0.270459,0.2898929889554009,0.0621896940324536,0.0583679749887721,GPR
0.147857,1.75,30.0,10,SC,0.178454,0.248028,0.3148316088633973,0.0693023202596536,0.0642656499918911,GPR
0.158571,1.75,30.0,10,SC,0.172946,0.225925,0.3403667345946098,0.0768781438068387,0.0704737443187441,GPR
0.169286,1.75,30.0,10,SC,0.168327,0.208175,0.3665311724803841,0.0849447992251045,0.077014574771215,GPR
0.18,1.75,30.0,10,SC,0.164514,0.194912,0.3933488582912199,0.0935262224977547,0.0839075324330423,GPR
0.03,1.9286,30.0,10,SC,0.362598,0.590704,0.0665301360208154,0.0109701336217035,0.011967370308351,GPR
0.040714,1.9286,30.0,10,SC,0.332795,0.849942,0.0871591469673739,0.0147691118431046,0.0158255560173288,GPR
0.051429,1.9286,30.0,10,SC,0.309499,0.479808,0.1081048454087395,0.0188236042560309,0.0198265841754177,GPR
0.062143,1.9286,30.0,10,SC,0.29124,0.390696,0.1293833589694963,0.023142101375831,0.0239770167693537,GPR
0.072857,1.9286,30.0,10,SC,0.276357,0.494728,0.151019443555247,0.0277374565718414,0.0282872599342008,GPR
0.083571,1.9286,30.0,10,SC,0.263868,0.644887,0.1730383892289127,0.0326253053024461,0.0327699652934809,GPR
0.094286,1.9286,30.0,10,SC,0.25319,0.562165,0.1954697303026674,0.0378247459614652,0.0374406540757777,GPR
0.105,1.9286,30.0,10,SC,0.243951,0.429287,0.218338456582856,0.0433560907810373,0.0423157014338971,GPR
0.115714,1.9286,30.0,10,SC,0.235898,0.366149,0.2416771621073271,0.0492434037935011,0.0474146302078575,GPR
0.126429,1.9286,30.0,10,SC,0.228851,0.354465,0.2655195274429045,0.0555127379871405,0.0527585182943906,GPR
0.137143,1.9286,30.0,10,SC,0.222681,0.37007,0.2898929889554009,0.0621896940324536,0.0583679749887721,GPR
0.147857,1.9286,30.0,10,SC,0.217289,0.392307,0.3148316088633973,0.0693023202596536,0.0642656499918911,GPR
0.158571,1.9286,30.0,10,SC,0.212603,0.406132,0.3403667345946098,0.0768781438068387,0.0704737443187441,GPR
0.169286,1.9286,30.0,10,SC,0.208564,0.40756,0.3665311724803841,0.0849447992251045,0.077014574771215,GPR
0.18,1.9286,30.0,10,SC,0.205125,0.400987,0.3933488582912199,0.0935262224977547,0.0839075324330423,GPR
0.03,2.1071,30.0,10,SC,0.392223,0.365026,0.0665301360208154,0.0109701336217035,0.011967370308351,GPR
0.040714,2.1071,30.0,10,SC,0.368108,0.424788,0.0871591469673739,0.0147691118431046,0.0158255560173288,GPR
0.051429,2.1071,30.0,10,SC,0.344581,0.743277,0.1081048454087395,0.0188236042560309,0.0198265841754177,GPR
0.062143,2.1071,30.0,10,SC,0.324278,0.853915,0.1293833589694963,0.023142101375831,0.0239770167693537,GPR
0.072857,2.1071,30.0,10,SC,0.307776,0.564905,0.151019443555247,0.0277374565718414,0.0282872599342008,GPR
0.083571,2.1071,30.0,10,SC,0.294323,0.410696,0.1730383892289127,0.0326253053024461,0.0327699652934809,GPR
0.094286,2.1071,30.0,10,SC,0.283136,0.369141,0.1954697303026674,0.0378247459614652,0.0374406540757777,GPR
0.105,2.1071,30.0,10,SC,0.273674,0.393065,0.218338456582856,0.0433560907810373,0.0423157014338971,GPR
0.115714,2.1071,30.0,10,SC,0.265576,0.461851,0.2416771621073271,0.0492434037935011,0.0474146302078575,GPR
0.126429,2.1071,30.0,10,SC,0.258599,0.548827,0.2655195274429045,0.0555127379871405,0.0527585182943906,GPR
0.137143,2.1071,30.0,10,SC,0.252566,0.61249,0.2898929889554009,0.0621896940324536,0.0583679749887721,GPR
0.147857,2.1071,30.0,10,SC,0.24735,0.627915,0.3148316088633973,0.0693023202596536,0.0642656499918911,GPR
0.158571,2.1071,30.0,10,SC,0.24285,0.60718,0.3403667345946098,0.0768781438068387,0.0704737443187441,GPR
0.169286,2.1071,30.0,10,SC,0.238991,0.57451,0.3665311724803841,0.0849447992251045,0.077014574771215,GPR
0.18,2.1071,30.0,10,SC,0.235709,0.544949,0.3933488582912199,0.0935262224977547,0.0839075324330423,GPR
0.03,2.2857,30.0,10,SC,0.410445,0.647012,0.0665301360208154,0.0109701336217035,0.011967370308351,GPR
0.040714,2.2857,30.0,10,SC,0.393482,0.393828,0.0871591469673739,0.0147691118431046,0.0158255560173288,GPR
0.051429,2.2857,30.0,10,SC,0.376123,0.345282,0.1081048454087395,0.0188236042560309,0.0198265841754177,GPR
0.062143,2.2857,30.0,10,SC,0.35881,0.413434,0.1293833589694963,0.023142101375831,0.0239770167693537,GPR
0.072857,2.2857,30.0,10,SC,0.342371,0.605597,0.151019443555247,0.0277374565718414,0.0282872599342008,GPR
0.083571,2.2857,30.0,10,SC,0.327704,0.849092,0.1730383892289127,0.0326253053024461,0.0327699652934809,GPR
0.094286,2.2857,30.0,10,SC,0.315176,0.866257,0.1954697303026674,0.0378247459614652,0.0374406540757777,GPR
0.105,2.2857,30.0,10,SC,0.304641,0.69556,0.218338456582856,0.0433560907810373,0.0423157014338971,GPR
0.115714,2.2857,30.0,10,SC,0.29578,0.545025,0.2416771621073271,0.0492434037935011,0.0474146302078575,GPR
0.126429,2.2857,30.0,10,SC,0.288287,0.451942,0.2655195274429045,0.0555127379871405,0.0527585182943906,GPR
0.137143,2.2857,30.0,10,SC,0.281923,0.398564,0.2898929889554009,0.0621896940324536,0.0583679749887721,GPR
0.147857,2.2857,30.0,10,SC,0.276508,0.368757,0.3148316088633973,0.0693023202596536,0.0642656499918911,GPR
0.158571,2.2857,30.0,10,SC,0.271909,0.352559,0.3403667345946098,0.0768781438068387,0.0704737443187441,GPR
0.169286,2.2857,30.0,10,SC,0.268025,0.343937,0.3665311724803841,0.0849447992251045,0.077014574771215,GPR
0.18,2.2857,30.0,10,SC,0.264778,0.339179,0.3933488582912199,0.0935262224977547,0.0839075324330423,GPR
0.03,2.4643,30.0,10,SC,0.421656,0.933095,0.0665301360208154,0.0109701336217035,0.011967370308351,GPR
0.040714,2.4643,30.0,10,SC,0.409211,0.81832,0.0871591469673739,0.0147691118431046,0.0158255560173288,GPR
0.051429,2.4643,30.0,10,SC,0.396597,0.50996,0.1081048454087395,0.0188236042560309,0.0198265841754177,GPR
0.062143,2.4643,30.0,10,SC,0.384136,0.374588,0.1293833589694963,0.023142101375831,0.0239770167693537,GPR
0.072857,2.4643,30.0,10,SC,0.371994,0.332103,0.151019443555247,0.0277374565718414,0.0282872599342008,GPR
0.083571,2.4643,30.0,10,SC,0.360318,0.341311,0.1730383892289127,0.0326253053024461,0.0327699652934809,GPR
0.094286,2.4643,30.0,10,SC,0.349305,0.390446,0.1954697303026674,0.0378247459614652,0.0374406540757777,GPR
0.105,2.4643,30.0,10,SC,0.339176,0.476118,0.218338456582856,0.0433560907810373,0.0423157014338971,GPR
0.115714,2.4643,30.0,10,SC,0.330105,0.590073,0.2416771621073271,0.0492434037935011,0.0474146302078575,GPR
0.126429,2.4643,30.0,10,SC,0.322166,0.710113,0.2655195274429045,0.0555127379871405,0.0527585182943906,GPR
0.137143,2.4643,30.0,10,SC,0.315341,0.805483,0.2898929889554009,0.0621896940324536,0.0583679749887721,GPR
0.147857,2.4643,30.0,10,SC,0.309555,0.857903,0.3148316088633973,0.0693023202596536,0.0642656499918911,GPR
0.158571,2.4643,30.0,10,SC,0.304716,0.872391,0.3403667345946098,0.0768781438068387,0.0704737443187441,GPR
0.169286,2.4643,30.0,10,SC,0.300732,0.865969,0.3665311724803841,0.0849447992251045,0.077014574771215,GPR
0.18,2.4643,30.0,10,SC,0.297528,0.853681,0.3933488582912199,0.0935262224977547,0.0839075324330423,GPR
0.03,2.6429,30.0,10,SC,0.42836,0.440296,0.0665301360208154,0.0109701336217035,0.011967370308351,GPR
0.040714,2.6429,30.0,10,SC,0.419211,0.763498,0.0871591469673739,0.0147691118431046,0.0158255560173288,GPR
0.051429,2.6429,30.0,10,SC,0.409718,0.987134,0.1081048454087395,0.0188236042560309,0.0198265841754177,GPR
0.062143,2.6429,30.0,10,SC,0.400323,0.788242,0.1293833589694963,0.023142101375831,0.0239770167693537,GPR
0.072857,2.6429,30.0,10,SC,0.391256,0.560331,0.151019443555247,0.0277374565718414,0.0282872599342008,GPR
0.083571,2.6429,30.0,10,SC,0.382641,0.430116,0.1730383892289127,0.0326253053024461,0.0327699652934809,GPR
0.094286,2.6429,30.0,10,SC,0.374552,0.362707,0.1954697303026674,0.0378247459614652,0.0374406540757777,GPR
0.105,2.6429,30.0,10,SC,0.367044,0.329631,0.218338456582856,0.0433560907810373,0.0423157014338971,GPR
0.115714,2.6429,30.0,10,SC,0.360163,0.316129,0.2416771621073271,0.0492434037935011,0.0474146302078575,GPR
0.126429,2.6429,30.0,10,SC,0.353946,0.314227,0.2655195274429045,0.0555127379871405,0.0527585182943906,GPR
0.137143,2.6429,30.0,10,SC,0.348426,0.318941,0.2898929889554009,0.0621896940324536,0.0583679749887721,GPR
0.147857,2.6429,30.0,10,SC,0.343621,0.326664,0.3148316088633973,0.0693023202596536,0.0642656499918911,GPR
0.158571,2.6429,30.0,10,SC,0.339536,0.334576,0.3403667345946098,0.0768781438068387,0.0704737443187441,GPR
0.169286,2.6429,30.0,10,SC,0.336164,0.340536,0.3665311724803841,0.0849447992251045,0.077014574771215,GPR
0.18,2.6429,30.0,10,SC,0.333487,0.343148,0.3933488582912199,0.0935262224977547,0.0839075324330423,GPR
0.03,2.8214,30.0,10,SC,0.43173,0.275748,0.0665301360208154,0.0109701336217035,0.011967370308351,GPR
0.040714,2.8214,30.0,10,SC,0.425317,0.357989,0.0871591469673739,0.0147691118431046,0.0158255560173288,GPR
0.051429,2.8214,30.0,10,SC,0.418276,0.526335,0.1081048454087395,0.0188236042560309,0.0198265841754177,GPR
0.062143,2.8214,30.0,10,SC,0.411119,0.779589,0.1293833589694963,0.023142101375831,0.0239770167693537,GPR
0.072857,2.8214,30.0,10,SC,0.40413,0.974239,0.151019443555247,0.0277374565718414,0.0282872599342008,GPR
0.083571,2.8214,30.0,10,SC,0.397472,0.94485,0.1730383892289127,0.0326253053024461,0.0327699652934809,GPR
0.094286,2.8214,30.0,10,SC,0.391238,0.791591,0.1954697303026674,0.0378247459614652,0.0374406540757777,GPR
0.105,2.8214,30.0,10,SC,0.385484,0.648192,0.218338456582856,0.0433560907810373,0.0423157014338971,GPR
0.115714,2.8214,30.0,10,SC,0.380242,0.546224,0.2416771621073271,0.0492434037935011,0.0474146302078575,GPR
0.126429,2.8214,30.0,10,SC,0.375529,0.478437,0.2655195274429045,0.0555127379871405,0.0527585182943906,GPR
0.137143,2.8214,30.0,10,SC,0.371356,0.433974,0.2898929889554009,0.0621896940324536,0.0583679749887721,GPR
0.147857,2.8214,30.0,10,SC,0.367722,0.405031,0.3148316088633973,0.0693023202596536,0.0642656499918911,GPR
0.158571,2.8214,30.0,10,SC,0.364624,0.386673,0.3403667345946098,0.0768781438068387,0.0704737443187441,GPR
0.169286,2.8214,30.0,10,SC,0.362052,0.375933,0.3665311724803841,0.0849447992251045,0.077014574771215,GPR
0.18,2.8214,30.0,10,SC,0.359991,0.371147,0.3933488582912199,0.0935262224977547,0.0839075324330423,GPR
0.03,3.0,30.0,10,SC,0.432374,0.252138,0.0665301360208154,0.0109701336217035,0.011967370308351,GPR
0.040714,3.0,30.0,10,SC,0.428413,0.255744,0.0871591469673739,0.0147691118431046,0.0158255560173288,GPR
0.051429,3.0,30.0,10,SC,0.423507,0.289557,0.1081048454087395,0.0188236042560309,0.0198265841754177,GPR
0.062143,3.0,30.0,10,SC,0.418239,0.355911,0.1293833589694963,0.023142101375831,0.0239770167693537,GPR
0.072857,3.0,30.0,10,SC,0.41294,0.459651,0.151019443555247,0.0277374565718414,0.0282872599342008,GPR
0.083571,3.0,30.0,10,SC,0.407805,0.599626,0.1730383892289127,0.0326253053024461,0.0327699652934809,GPR
0.094286,3.0,30.0,10,SC,0.402951,0.756842,0.1954697303026674,0.0378247459614652,0.0374406540757777,GPR
0.105,3.0,30.0,10,SC,0.39845,0.892674,0.218338456582856,0.0433560907810373,0.0423157014338971,GPR
0.115714,3.0,30.0,10,SC,0.394344,0.973057,0.2416771621073271,0.0492434037935011,0.0474146302078575,GPR
0.126429,3.0,30.0,10,SC,0.390655,0.995113,0.2655195274429045,0.0555127379871405,0.0527585182943906,GPR
0.137143,3.0,30.0,10,SC,0.387395,0.980718,0.2898929889554009,0.0621896940324536,0.0583679749887721,GPR
0.147857,3.0,30.0,10,SC,0.384567,0.953876,0.3148316088633973,0.0693023202596536,0.0642656499918911,GPR
0.158571,3.0,30.0,10,SC,0.382167,0.929889,0.3403667345946098,0.0768781438068387,0.0704737443187441,GPR
0.169286,3.0,30.0,10,SC,0.38019,0.916008,0.3665311724803841,0.0849447992251045,0.077014574771215,GPR
0.18,3.0,30.0,10,SC,0.378624,0.914707,0.3933488582912199,0.0935262224977547,0.0839075324330423,GPR
0.03,0.5,33.3333,10,SC,0.028425,0.028966,0.0665301360208154,0.0109701336217035,0.011967370308351,GPR
0.040714,0.5,33.3333,10,SC,0.023021,0.023769,0.0871591469673739,0.0147691118431046,0.0158255560173288,GPR
0.051429,0.5,33.3333,10,SC,0.019512,0.020296,0.1081048454087395,0.0188236042560309,0.0198265841754177,GPR
0.062143,0.5,33.3333,10,SC,0.017049,0.017818,0.1293833589694963,0.023142101375831,0.0239770167693537,GPR
0.072857,0.5,33.3333,10,SC,0.015229,0.015968,0.151019443555247,0.0277374565718414,0.0282872599342008,GPR
0.083571,0.5,33.3333,10,SC,0.013832,0.014538,0.1730383892289127,0.0326253053024461,0.0327699652934809,GPR
0.094286,0.5,33.3333,10,SC,0.01273,0.013403,0.1954697303026674,0.0378247459614652,0.0374406540757777,GPR
0.105,0.5,33.3333,10,SC,0.011841,0.012485,0.218338456582856,0.0433560907810373,0.0423157014338971,GPR
0.115714,0.5,33.3333,10,SC,0.011112,0.011729,0.2416771621073271,0.0492434037935011,0.0474146302078575,GPR
0.126429,0.5,33.3333,10,SC,0.010506,0.011099,0.2655195274429045,0.0555127379871405,0.0527585182943906,GPR
0.137143,0.5,33.3333,10,SC,0.009996,0.010568,0.2898929889554009,0.0621896940324536,0.0583679749887721,GPR
0.147857,0.5,33.3333,10,SC,0.009564,0.010117,0.3148316088633973,0.0693023202596536,0.0642656499918911,GPR
0.158571,0.5,33.3333,10,SC,0.009195,0.009731,0.3403667345946098,0.0768781438068387,0.0704737443187441,GPR
0.169286,0.5,33.3333,10,SC,0.008879,0.0094,0.3665311724803841,0.0849447992251045,0.077014574771215,GPR
0.18,0.5,33.3333,10,SC,0.008607,0.009115,0.3933488582912199,0.0935262224977547,0.0839075324330423,GPR
0.03,0.6786,33.3333,10,SC,0.040523,0.036158,0.0665301360208154,0.0109701336217035,0.011967370308351,GPR
0.040714,0.6786,33.3333,10,SC,0.031865,0.030033,0.0871591469673739,0.0147691118431046,0.0158255560173288,GPR
0.051429,0.6786,33.3333,10,SC,0.026674,0.025876,0.1081048454087395,0.0188236042560309,0.0198265841754177,GPR
0.062143,0.6786,33.3333,10,SC,0.023186,0.022874,0.1293833589694963,0.023142101375831,0.0239770167693537,GPR
0.072857,0.6786,33.3333,10,SC,0.020667,0.02061,0.151019443555247,0.0277374565718414,0.0282872599342008,GPR
0.083571,0.6786,33.3333,10,SC,0.018759,0.018847,0.1730383892289127,0.0326253053024461,0.0327699652934809,GPR
0.094286,0.6786,33.3333,10,SC,0.017264,0.01744,0.1954697303026674,0.0378247459614652,0.0374406540757777,GPR
0.105,0.6786,33.3333,10,SC,0.016065,0.016295,0.218338456582856,0.0433560907810373,0.0423157014338971,GPR
0.115714,0.6786,33.3333,10,SC,0.015086,0.015349,0.2416771621073271,0.0492434037935011,0.0474146302078575,GPR
0.126429,0.6786,33.3333,10,SC,0.014273,0.014558,0.2655195274429045,0.0555127379871405,0.0527585182943906,GPR
0.137143,0.6786,33.3333,10,SC,0.013592,0.01389,0.2898929889554009,0.0621896940324536,0.0583679749887721,GPR
0.147857,0.6786,33.3333,10,SC,0.013016,0.013322,0.3148316088633973,0.0693023202596536,0.0642656499918911,GPR
0.158571,0.6786,33.3333,10,SC,0.012525,0.012836,0.3403667345946098,0.0768781438068387,0.0704737443187441,GPR
0.169286,0.6786,33.3333,10,SC,0.012106,0.012419,0.3665311724803841,0.0849447992251045,0.077014574771215,GPR
0.18,0.6786,33.3333,10,SC,0.011746,0.01206,0.3933488582912199,0.0935262224977547,0.0839075324330423,GPR
0.03,0.8571,33.3333,10,SC,0.064105,0.044347,0.0665301360208154,0.0109701336217035,0.011967370308351,GPR
0.040714,0.8571,33.3333,10,SC,0.04886,0.036867,0.0871591469673739,0.0147691118431046,0.0158255560173288,GPR
0.051429,0.8571,33.3333,10,SC,0.03916,0.031839,0.1081048454087395,0.0188236042560309,0.0198265841754177,GPR
0.062143,0.8571,33.3333,10,SC,0.032779,0.028218,0.1293833589694963,0.023142101375831,0.0239770167693537,GPR
0.072857,0.8571,33.3333,10,SC,0.028439,0.025487,0.151019443555247,0.0277374565718414,0.0282872599342008,GPR
0.083571,0.8571,33.3333,10,SC,0.02536,0.023358,0.1730383892289127,0.0326253053024461,0.0327699652934809,GPR
0.094286,0.8571,33.3333,10,SC,0.023075,0.021658,0.1954697303026674,0.0378247459614652,0.0374406540757777,GPR
0.105,0.8571,33.3333,10,SC,0.021312,0.020273,0.218338456582856,0.0433560907810373,0.0423157014338971,GPR
0.115714,0.8571,33.3333,10,SC,0.019911,0.019128,0.2416771621073271,0.0492434037935011,0.0474146302078575,GPR
0.126429,0.8571,33.3333,10,SC,0.018775,0.01817,0.2655195274429045,0.0555127379871405,0.0527585182943906,GPR
0.137143,0.8571,33.3333,10,SC,0.017837,0.017361,0.2898929889554009,0.0621896940324536,0.0583679749887721,GPR
0.147857,0.8571,33.3333,10,SC,0.017055,0.016674,0.3148316088633973,0.0693023202596536,0.0642656499918911,GPR
0.158571,0.8571,33.3333,10,SC,0.016396,0.016086,0.3403667345946098,0.0768781438068387,0.0704737443187441,GPR
0.169286,0.8571,33.3333,10,SC,0.015839,0.015582,0.3665311724803841,0.0849447992251045,0.077014574771215,GPR
0.18,0.8571,33.3333,10,SC,0.015366,0.015149,0.3933488582912199,0.0935262224977547,0.0839075324330423,GPR
0.03,1.0357,33.3333,10,SC,0.097063,0.055407,0.0665301360208154,0.0109701336217035,0.011967370308351,GPR
0.040714,1.0357,33.3333,10,SC,0.076813,0.045405,0.0871591469673739,0.0147691118431046,0.0158255560173288,GPR
0.051429,1.0357,33.3333,10,SC,0.062274,0.038978,0.1081048454087395,0.0188236042560309,0.0198265841754177,GPR
0.062143,1.0357,33.3333,10,SC,0.052092,0.034454,0.1293833589694963,0.023142101375831,0.0239770167693537,GPR
0.072857,1.0357,33.3333,10,SC,0.044522,0.031086,0.151019443555247,0.0277374565718414,0.0282872599342008,GPR
0.083571,1.0357,33.3333,10,SC,0.038839,0.028482,0.1730383892289127,0.0326253053024461,0.0327699652934809,GPR
0.094286,1.0357,33.3333,10,SC,0.034519,0.026413,0.1954697303026674,0.0378247459614652,0.0374406540757777,GPR
0.105,1.0357,33.3333,10,SC,0.031178,0.024735,0.218338456582856,0.0433560907810373,0.0423157014338971,GPR
0.115714,1.0357,33.3333,10,SC,0.028566,0.023352,0.2416771621073271,0.0492434037935011,0.0474146302078575,GPR
0.126429,1.0357,33.3333,10,SC,0.026503,0.022199,0.2655195274429045,0.0555127379871405,0.0527585182943906,GPR
0.137143,1.0357,33.3333,10,SC,0.024857,0.021227,0.2898929889554009,0.0621896940324536,0.0583679749887721,GPR
0.147857,1.0357,33.3333,10,SC,0.023529,0.020403,0.3148316088633973,0.0693023202596536,0.0642656499918911,GPR
0.158571,1.0357,33.3333,10,SC,0.022448,0.019701,0.3403667345946098,0.0768781438068387,0.0704737443187441,GPR
0.169286,1.0357,33.3333,10,SC,0.021563,0.019101,0.3665311724803841,0.0849447992251045,0.077014574771215,GPR
0.18,1.0357,33.3333,10,SC,0.020834,0.018587,0.3933488582912199,0.0935262224977547,0.0839075324330423,GPR
0.03,1.2143,33.3333,10,SC,0.136318,0.07396,0.0665301360208154,0.0109701336217035,0.011967370308351,GPR
0.040714,1.2143,33.3333,10,SC,0.110433,0.057797,0.0871591469673739,0.0147691118431046,0.0158255560173288,GPR
0.051429,1.2143,33.3333,10,SC,0.092388,0.048567,0.1081048454087395,0.0188236042560309,0.0198265841754177,GPR
0.062143,1.2143,33.3333,10,SC,0.079621,0.042446,0.1293833589694963,0.023142101375831,0.0239770167693537,GPR
0.072857,1.2143,33.3333,10,SC,0.069319,0.038045,0.151019443555247,0.0277374565718414,0.0282872599342008,GPR
0.083571,1.2143,33.3333,10,SC,0.061032,0.034719,0.1730383892289127,0.0326253053024461,0.0327699652934809,GPR
0.094286,1.2143,33.3333,10,SC,0.054643,0.032116,0.1954697303026674,0.0378247459614652,0.0374406540757777,GPR
0.105,1.2143,33.3333,10,SC,0.049628,0.030029,0.218338456582856,0.0433560907810373,0.0423157014338971,GPR
0.115714,1.2143,33.3333,10,SC,0.045549,0.028325,0.2416771621073271,0.0492434037935011,0.0474146302078575,GPR
0.126429,1.2143,33.3333,10,SC,0.042177,0.026913,0.2655195274429045,0.0555127379871405,0.0527585182943906,GPR
0.137143,1.2143,33.3333,10,SC,0.03939,0.025732,0.2898929889554009,0.0621896940324536,0.0583679749887721,GPR
0.147857,1.2143,33.3333,10,SC,0.037097,0.024736,0.3148316088633973,0.0693023202596536,0.0642656499918911,GPR
0.158571,1.2143,33.3333,10,SC,0.035215,0.023893,0.3403667345946098,0.0768781438068387,0.0704737443187441,GPR
0.169286,1.2143,33.3333,10,SC,0.033672,0.023177,0.3665311724803841,0.0849447992251045,0.077014574771215,GPR
0.18,1.2143,33.3333,10,SC,0.032409,0.022568,0.3933488582912199,0.0935262224977547,0.0839075324330423,GPR
0.03,1.3929,33.3333,10,SC,0.17184,0.123644,0.0665301360208154,0.0109701336217035,0.011967370308351,GPR
0.040714,1.3929,33.3333,10,SC,0.147592,0.08119,0.0871591469673739,0.0147691118431046,0.0158255560173288,GPR
0.051429,1.3929,33.3333,10,SC,0.128514,0.064013,0.1081048454087395,0.0188236042560309,0.0198265841754177,GPR
0.062143,1.3929,33.3333,10,SC,0.111686,0.054221,0.1293833589694963,0.023142101375831,0.0239770167693537,GPR
0.072857,1.3929,33.3333,10,SC,0.098256,0.047738,0.151019443555247,0.0277374565718414,0.0282872599342008,GPR
0.083571,1.3929,33.3333,10,SC,0.088399,0.043081,0.1730383892289127,0.0326253053024461,0.0327699652934809,GPR
0.094286,1.3929,33.3333,10,SC,0.080819,0.03956,0.1954697303026674,0.0378247459614652,0.0374406540757777,GPR
0.105,1.3929,33.3333,10,SC,0.074597,0.036805,0.218338456582856,0.0433560907810373,0.0423157014338971,GPR
0.115714,1.3929,33.3333,10,SC,0.069282,0.034597,0.2416771621073271,0.0492434037935011,0.0474146302078575,GPR
0.126429,1.3929,33.3333,10,SC,0.064698,0.032795,0.2655195274429045,0.0555127379871405,0.0527585182943906,GPR
0.137143,1.3929,33.3333,10,SC,0.060792,0.031307,0.2898929889554009,0.0621896940324536,0.0583679749887721,GPR
0.147857,1.3929,33.3333,10,SC,0.057524,0.030066,0.3148316088633973,0.0693023202596536,0.0642656499918911,GPR
0.158571,1.3929,33.3333,10,SC,0.054826,0.029026,0.3403667345946098,0.0768781438068387,0.0704737443187441,GPR
0.169286,1.3929,33.3333,10,SC,0.052615,0.028152,0.3665311724803841,0.0849447992251045,0.077014574771215,GPR
0.18,1.3929,33.3333,10,SC,0.050812,0.027417,0.3933488582912199,0.0935262224977547,0.0839075324330423,GPR
0.03,1.5714,33.3333,10,SC,0.213454,0.327119,0.0665301360208154,0.0109701336217035,0.011967370308351,GPR
0.040714,1.5714,33.3333,10,SC,0.181758,0.16676,0.0871591469673739,0.0147691118431046,0.0158255560173288,GPR
0.051429,1.5714,33.3333,10,SC,0.160633,0.100614,0.1081048454087395,0.0188236042560309,0.0198265841754177,GPR
0.062143,1.5714,33.3333,10,SC,0.145285,0.076734,0.1293833589694963,0.023142101375831,0.0239770167693537,GPR
0.072857,1.5714,33.3333,10,SC,0.132766,0.06418,0.151019443555247,0.0277374565718414,0.0282872599342008,GPR
0.083571,1.5714,33.3333,10,SC,0.121746,0.056236,0.1730383892289127,0.0326253053024461,0.0327699652934809,GPR
0.094286,1.5714,33.3333,10,SC,0.111765,0.050686,0.1954697303026674,0.0378247459614652,0.0374406540757777,GPR
0.105,1.5714,33.3333,10,SC,0.103037,0.046572,0.218338456582856,0.0433560907810373,0.0423157014338971,GPR
0.115714,1.5714,33.3333,10,SC,0.095852,0.0434,0.2416771621073271,0.0492434037935011,0.0474146302078575,GPR
0.126429,1.5714,33.3333,10,SC,0.09011,0.040889,0.2655195274429045,0.0555127379871405,0.0527585182943906,GPR
0.137143,1.5714,33.3333,10,SC,0.085509,0.038864,0.2898929889554009,0.0621896940324536,0.0583679749887721,GPR
0.147857,1.5714,33.3333,10,SC,0.081769,0.03721,0.3148316088633973,0.0693023202596536,0.0642656499918911,GPR
0.158571,1.5714,33.3333,10,SC,0.07869,0.035849,0.3403667345946098,0.0768781438068387,0.0704737443187441,GPR
0.169286,1.5714,33.3333,10,SC,0.076139,0.034725,0.3665311724803841,0.0849447992251045,0.077014574771215,GPR
0.18,1.5714,33.3333,10,SC,0.074024,0.033798,0.3933488582912199,0.0935262224977547,0.0839075324330423,GPR
0.03,1.75,33.3333,10,SC,0.249409,0.489669,0.0665301360208154,0.0109701336217035,0.011967370308351,GPR
0.040714,1.75,33.3333,10,SC,0.223058,0.344103,0.0871591469673739,0.0147691118431046,0.0158255560173288,GPR
0.051429,1.75,33.3333,10,SC,0.19759,0.267493,0.1081048454087395,0.0188236042560309,0.0198265841754177,GPR
0.062143,1.75,33.3333,10,SC,0.176972,0.161437,0.1293833589694963,0.023142101375831,0.0239770167693537,GPR
0.072857,1.75,33.3333,10,SC,0.162074,0.108275,0.151019443555247,0.0277374565718414,0.0282872599342008,GPR
0.083571,1.75,33.3333,10,SC,0.150789,0.08508,0.1730383892289127,0.0326253053024461,0.0327699652934809,GPR
0.094286,1.75,33.3333,10,SC,0.141702,0.072282,0.1954697303026674,0.0378247459614652,0.0374406540757777,GPR
0.105,1.75,33.3333,10,SC,0.134074,0.064069,0.218338456582856,0.0433560907810373,0.0423157014338971,GPR
0.115714,1.75,33.3333,10,SC,0.127494,0.058317,0.2416771621073271,0.0492434037935011,0.0474146302078575,GPR
0.126429,1.75,33.3333,10,SC,0.121725,0.054064,0.2655195274429045,0.0555127379871405,0.0527585182943906,GPR
0.137143,1.75,33.3333,10,SC,0.116635,0.050806,0.2898929889554009,0.0621896940324536,0.0583679749887721,GPR
0.147857,1.75,33.3333,10,SC,0.112154,0.048254,0.3148316088633973,0.0693023202596536,0.0642656499918911,GPR
0.158571,1.75,33.3333,10,SC,0.10825,0.046227,0.3403667345946098,0.0768781438068387,0.0704737443187441,GPR
0.169286,1.75,33.3333,10,SC,0.104903,0.044606,0.3665311724803841,0.0849447992251045,0.077014574771215,GPR
0.18,1.75,33.3333,10,SC,0.102091,0.043311,0.3933488582912199,0.0935262224977547,0.0839075324330423,GPR
0.03,1.9286,33.3333,10,SC,0.274842,0.648089,0.0665301360208154,0.0109701336217035,0.011967370308351,GPR
0.040714,1.9286,33.3333,10,SC,0.253374,0.396673,0.0871591469673739,0.0147691118431046,0.0158255560173288,GPR
0.051429,1.9286,33.3333,10,SC,0.234252,0.488764,0.1081048454087395,0.0188236042560309,0.0198265841754177,GPR
0.062143,1.9286,33.3333,10,SC,0.216188,0.330231,0.1293833589694963,0.023142101375831,0.0239770167693537,GPR
0.072857,1.9286,33.3333,10,SC,0.198852,0.302987,0.151019443555247,0.0277374565718414,0.0282872599342008,GPR
0.083571,1.9286,33.3333,10,SC,0.183528,0.216689,0.1730383892289127,0.0326253053024461,0.0327699652934809,GPR
0.094286,1.9286,33.3333,10,SC,0.171271,0.156296,0.1954697303026674,0.0378247459614652,0.0374406540757777,GPR
0.105,1.9286,33.3333,10,SC,0.161709,0.118361,0.218338456582856,0.0433560907810373,0.0423157014338971,GPR
0.115714,1.9286,33.3333,10,SC,0.154094,0.097613,0.2416771621073271,0.0492434037935011,0.0474146302078575,GPR
0.126429,1.9286,33.3333,10,SC,0.147872,0.08513,0.2655195274429045,0.0555127379871405,0.0527585182943906,GPR
0.137143,1.9286,33.3333,10,SC,0.142691,0.076889,0.2898929889554009,0.0621896940324536,0.0583679749887721,GPR
0.147857,1.9286,33.3333,10,SC,0.138326,0.0711,0.3148316088633973,0.0693023202596536,0.0642656499918911,GPR
0.158571,1.9286,33.3333,10,SC,0.13463,0.066877,0.3403667345946098,0.0768781438068387,0.0704737443187441,GPR
0.169286,1.9286,33.3333,10,SC,0.1315,0.063732,0.3665311724803841,0.0849447992251045,0.077014574771215,GPR
0.18,1.9286,33.3333,10,SC,0.128863,0.061379,0.3933488582912199,0.0935262224977547,0.0839075324330423,GPR
0.03,2.1071,33.3333,10,SC,0.29631,0.407153,0.0665301360208154,0.0109701336217035,0.011967370308351,GPR
0.040714,2.1071,33.3333,10,SC,0.276398,0.76497,0.0871591469673739,0.0147691118431046,0.0158255560173288,GPR
0.051429,2.1071,33.3333,10,SC,0.259612,0.441669,0.1081048454087395,0.0188236042560309,0.0198265841754177,GPR
0.062143,2.1071,33.3333,10,SC,0.244985,0.395571,0.1293833589694963,0.023142101375831,0.0239770167693537,GPR
0.072857,2.1071,33.3333,10,SC,0.231879,0.513737,0.151019443555247,0.0277374565718414,0.0282872599342008,GPR
0.083571,2.1071,33.3333,10,SC,0.219834,0.382557,0.1730383892289127,0.0326253053024461,0.0327699652934809,GPR
0.094286,2.1071,33.3333,10,SC,0.208571,0.315656,0.1954697303026674,0.0378247459614652,0.0374406540757777,GPR
0.105,2.1071,33.3333,10,SC,0.198064,0.316582,0.218338456582856,0.0433560907810373,0.0423157014338971,GPR
0.115714,2.1071,33.3333,10,SC,0.188529,0.277649,0.2416771621073271,0.0492434037935011,0.0474146302078575,GPR
0.126429,2.1071,33.3333,10,SC,0.180219,0.229886,0.2655195274429045,0.0555127379871405,0.0527585182943906,GPR
0.137143,2.1071,33.3333,10,SC,0.173215,0.197377,0.2898929889554009,0.0621896940324536,0.0583679749887721,GPR
0.147857,2.1071,33.3333,10,SC,0.167419,0.172073,0.3148316088633973,0.0693023202596536,0.0642656499918911,GPR
0.158571,2.1071,33.3333,10,SC,0.162659,0.152067,0.3403667345946098,0.0768781438068387,0.0704737443187441,GPR
0.169286,2.1071,33.3333,10,SC,0.158764,0.137538,0.3665311724803841,0.0849447992251045,0.077014574771215,GPR
0.18,2.1071,33.3333,10,SC,0.155597,0.127569,0.3933488582912199,0.0935262224977547,0.0839075324330423,GPR
0.03,2.2857,33.3333,10,SC,0.31652,0.572035,0.0665301360208154,0.0109701336217035,0.011967370308351,GPR
0.040714,2.2857,33.3333,10,SC,0.29673,0.367254,0.0871591469673739,0.0147691118431046,0.0158255560173288,GPR
0.051429,2.2857,33.3333,10,SC,0.280634,0.540713,0.1081048454087395,0.0188236042560309,0.0198265841754177,GPR
0.062143,2.2857,33.3333,10,SC,0.267036,0.752155,0.1293833589694963,0.023142101375831,0.0239770167693537,GPR
0.072857,2.2857,33.3333,10,SC,0.255286,0.473394,0.151019443555247,0.0277374565718414,0.0282872599342008,GPR
0.083571,2.2857,33.3333,10,SC,0.244982,0.360459,0.1730383892289127,0.0326253053024461,0.0327699652934809,GPR
0.094286,2.2857,33.3333,10,SC,0.235849,0.392833,0.1954697303026674,0.0378247459614652,0.0374406540757777,GPR
0.105,2.2857,33.3333,10,SC,0.227695,0.486521,0.218338456582856,0.0433560907810373,0.0423157014338971,GPR
0.115714,2.2857,33.3333,10,SC,0.220385,0.488427,0.2416771621073271,0.0492434037935011,0.0474146302078575,GPR
0.126429,2.2857,33.3333,10,SC,0.213831,0.407075,0.2655195274429045,0.0555127379871405,0.0527585182943906,GPR
0.137143,2.2857,33.3333,10,SC,0.20798,0.341982,0.2898929889554009,0.0621896940324536,0.0583679749887721,GPR
0.147857,2.2857,33.3333,10,SC,0.202805,0.308469,0.3148316088633973,0.0693023202596536,0.0642656499918911,GPR
0.158571,2.2857,33.3333,10,SC,0.19829,0.294969,0.3403667345946098,0.0768781438068387,0.0704737443187441,GPR
0.169286,2.2857,33.3333,10,SC,0.194426,0.290772,0.3665311724803841,0.0849447992251045,0.077014574771215,GPR
0.18,2.2857,33.3333,10,SC,0.191197,0.289292,0.3933488582912199,0.0935262224977547,0.0839075324330423,GPR
0.03,2.4643,33.3333,10,SC,0.337021,0.852192,0.0665301360208154,0.0109701336217035,0.011967370308351,GPR
0.040714,2.4643,33.3333,10,SC,0.316599,0.725496,0.0871591469673739,0.0147691118431046,0.0158255560173288,GPR
0.051429,2.4643,33.3333,10,SC,0.300174,0.402682,0.1081048454087395,0.0188236042560309,0.0198265841754177,GPR
0.062143,2.4643,33.3333,10,SC,0.286702,0.358915,0.1293833589694963,0.023142101375831,0.0239770167693537,GPR
0.072857,2.4643,33.3333,10,SC,0.27533,0.484392,0.151019443555247,0.0277374565718414,0.0282872599342008,GPR
0.083571,2.4643,33.3333,10,SC,0.265545,0.723509,0.1730383892289127,0.0326253053024461,0.0327699652934809,GPR
0.094286,2.4643,33.3333,10,SC,0.257031,0.71008,0.1954697303026674,0.0378247459614652,0.0374406540757777,GPR
0.105,2.4643,33.3333,10,SC,0.249574,0.520524,0.218338456582856,0.0433560907810373,0.0423157014338971,GPR
0.115714,2.4643,33.3333,10,SC,0.24302,0.401609,0.2416771621073271,0.0492434037935011,0.0474146302078575,GPR
0.126429,2.4643,33.3333,10,SC,0.237259,0.349886,0.2655195274429045,0.0555127379871405,0.0527585182943906,GPR
0.137143,2.4643,33.3333,10,SC,0.232204,0.336316,0.2898929889554009,0.0621896940324536,0.0583679749887721,GPR
0.147857,2.4643,33.3333,10,SC,0.227788,0.343632,0.3148316088633973,0.0693023202596536,0.0642656499918911,GPR
0.158571,2.4643,33.3333,10,SC,0.223958,0.360457,0.3403667345946098,0.0768781438068387,0.0704737443187441,GPR
0.169286,2.4643,33.3333,10,SC,0.22067,0.37829,0.3665311724803841,0.0849447992251045,0.077014574771215,GPR
0.18,2.4643,33.3333,10,SC,0.217885,0.391557,0.3933488582912199,0.0935262224977547,0.0839075324330423,GPR
0.03,2.6429,33.3333,10,SC,0.355316,0.356976,0.0665301360208154,0.0109701336217035,0.011967370308351,GPR
0.040714,2.6429,33.3333,10,SC,0.336965,0.673539,0.0871591469673739,0.0147691118431046,0.0158255560173288,GPR
0.051429,2.6429,33.3333,10,SC,0.320134,0.9671,0.1081048454087395,0.0188236042560309,0.0198265841754177,GPR
0.062143,2.6429,33.3333,10,SC,0.306064,0.611927,0.1293833589694963,0.023142101375831,0.0239770167693537,GPR
0.072857,2.6429,33.3333,10,SC,0.294409,0.404083,0.151019443555247,0.0277374565718414,0.0282872599342008,GPR
0.083571,2.6429,33.3333,10,SC,0.284595,0.341495,0.1730383892289127,0.0326253053024461,0.0327699652934809,GPR
0.094286,2.6429,33.3333,10,SC,0.276202,0.354264,0.1954697303026674,0.0378247459614652,0.0374406540757777,GPR
0.105,2.6429,33.3333,10,SC,0.268949,0.424153,0.218338456582856,0.0433560907810373,0.0423157014338971,GPR
0.115714,2.6429,33.3333,10,SC,0.262644,0.540378,0.2416771621073271,0.0492434037935011,0.0474146302078575,GPR
0.126429,2.6429,33.3333,10,SC,0.257151,0.664998,0.2655195274429045,0.0555127379871405,0.0527585182943906,GPR
0.137143,2.6429,33.3333,10,SC,0.252368,0.737477,0.2898929889554009,0.0621896940324536,0.0583679749887721,GPR
0.147857,2.6429,33.3333,10,SC,0.248218,0.737891,0.3148316088633973,0.0693023202596536,0.0642656499918911,GPR
0.158571,2.6429,33.3333,10,SC,0.244637,0.698724,0.3403667345946098,0.0768781438068387,0.0704737443187441,GPR
0.169286,2.6429,33.3333,10,SC,0.241576,0.654305,0.3665311724803841,0.0849447992251045,0.077014574771215,GPR
0.18,2.6429,33.3333,10,SC,0.238993,0.620338,0.3933488582912199,0.0935262224977547,0.0839075324330423,GPR
0.03,2.8214,33.3333,10,SC,0.367369,0.313903,0.0665301360208154,0.0109701336217035,0.011967370308351,GPR
0.040714,2.8214,33.3333,10,SC,0.354189,0.318369,0.0871591469673739,0.0147691118431046,0.0158255560173288,GPR
0.051429,2.8214,33.3333,10,SC,0.340075,0.457156,0.1081048454087395,0.0188236042560309,0.0198265841754177,GPR
0.062143,2.8214,33.3333,10,SC,0.326438,0.777177,0.1293833589694963,0.023142101375831,0.0239770167693537,GPR
0.072857,2.8214,33.3333,10,SC,0.314343,0.976838,0.151019443555247,0.0277374565718414,0.0282872599342008,GPR
0.083571,2.8214,33.3333,10,SC,0.304043,0.756018,0.1730383892289127,0.0326253053024461,0.0327699652934809,GPR
0.094286,2.8214,33.3333,10,SC,0.29533,0.534875,0.1954697303026674,0.0378247459614652,0.0374406540757777,GPR
0.105,2.8214,33.3333,10,SC,0.28792,0.415193,0.218338456582856,0.0433560907810373,0.0423157014338971,GPR
0.115714,2.8214,33.3333,10,SC,0.281578,0.35624,0.2416771621073271,0.0492434037935011,0.0474146302078575,GPR
0.126429,2.8214,33.3333,10,SC,0.276127,0.329678,0.2655195274429045,0.0555127379871405,0.0527585182943906,GPR
0.137143,2.8214,33.3333,10,SC,0.271439,0.321005,0.2898929889554009,0.0621896940324536,0.0583679749887721,GPR
0.147857,2.8214,33.3333,10,SC,0.267417,0.322046,0.3148316088633973,0.0693023202596536,0.0642656499918911,GPR
0.158571,2.8214,33.3333,10,SC,0.263989,0.327408,0.3403667345946098,0.0768781438068387,0.0704737443187441,GPR
0.169286,2.8214,33.3333,10,SC,0.261097,0.333201,0.3665311724803841,0.0849447992251045,0.077014574771215,GPR
0.18,2.8214,33.3333,10,SC,0.258698,0.336749,0.3933488582912199,0.0935262224977547,0.0839075324330423,GPR
0.03,3.0,33.3333,10,SC,0.374087,0.470831,0.0665301360208154,0.0109701336217035,0.011967370308351,GPR
0.040714,3.0,33.3333,10,SC,0.365146,0.325717,0.0871591469673739,0.0147691118431046,0.0158255560173288,GPR
0.051429,3.0,33.3333,10,SC,0.355233,0.293044,0.1081048454087395,0.0188236042560309,0.0198265841754177,GPR
0.062143,3.0,33.3333,10,SC,0.34484,0.326712,0.1293833589694963,0.023142101375831,0.0239770167693537,GPR
0.072857,3.0,33.3333,10,SC,0.334494,0.428988,0.151019443555247,0.0277374565718414,0.0282872599342008,GPR
0.083571,3.0,33.3333,10,SC,0.324743,0.614304,0.1730383892289127,0.0326253053024461,0.0327699652934809,GPR
0.094286,3.0,33.3333,10,SC,0.315971,0.844636,0.1954697303026674,0.0378247459614652,0.0374406540757777,GPR
0.105,3.0,33.3333,10,SC,0.308317,0.9729,0.218338456582856,0.0433560907810373,0.0423157014338971,GPR
0.115714,3.0,33.3333,10,SC,0.301742,0.924366,0.2416771621073271,0.0492434037935011,0.0474146302078575,GPR
0.126429,3.0,33.3333,10,SC,0.296138,0.800265,0.2655195274429045,0.0555127379871405,0.0527585182943906,GPR
0.137143,3.0,33.3333,10,SC,0.291386,0.687043,0.2898929889554009,0.0621896940324536,0.0583679749887721,GPR
0.147857,3.0,33.3333,10,SC,0.287383,0.605452,0.3148316088633973,0.0693023202596536,0.0642656499918911,GPR
0.158571,3.0,33.3333,10,SC,0.284048,0.551792,0.3403667345946098,0.0768781438068387,0.0704737443187441,GPR
0.169286,3.0,33.3333,10,SC,0.281315,0.519228,0.3665311724803841,0.0849447992251045,0.077014574771215,GPR
0.18,3.0,33.3333,10,SC,0.279136,0.502761,0.3933488582912199,0.0935262224977547,0.0839075324330423,GPR
0.03,0.5,36.6667,10,SC,0.021206,0.022003,0.0665301360208154,0.0109701336217035,0.011967370308351,GPR
0.040714,0.5,36.6667,10,SC,0.017224,0.018014,0.0871591469673739,0.0147691118431046,0.0158255560173288,GPR
0.051429,0.5,36.6667,10,SC,0.014614,0.015355,0.1081048454087395,0.0188236042560309,0.0198265841754177,GPR
0.062143,0.5,36.6667,10,SC,0.012774,0.013463,0.1293833589694963,0.023142101375831,0.0239770167693537,GPR
0.072857,0.5,36.6667,10,SC,0.011412,0.012052,0.151019443555247,0.0277374565718414,0.0282872599342008,GPR
0.083571,0.5,36.6667,10,SC,0.010365,0.010964,0.1730383892289127,0.0326253053024461,0.0327699652934809,GPR
0.094286,0.5,36.6667,10,SC,0.009538,0.010101,0.1954697303026674,0.0378247459614652,0.0374406540757777,GPR
0.105,0.5,36.6667,10,SC,0.008871,0.009403,0.218338456582856,0.0433560907810373,0.0423157014338971,GPR
0.115714,0.5,36.6667,10,SC,0.008323,0.008829,0.2416771621073271,0.0492434037935011,0.0474146302078575,GPR
0.126429,0.5,36.6667,10,SC,0.007868,0.008351,0.2655195274429045,0.0555127379871405,0.0527585182943906,GPR
0.137143,0.5,36.6667,10,SC,0.007485,0.007948,0.2898929889554009,0.0621896940324536,0.0583679749887721,GPR
0.147857,0.5,36.6667,10,SC,0.00716,0.007607,0.3148316088633973,0.0693023202596536,0.0642656499918911,GPR
0.158571,0.5,36.6667,10,SC,0.006882,0.007314,0.3403667345946098,0.0768781438068387,0.0704737443187441,GPR
0.169286,0.5,36.6667,10,SC,0.006644,0.007063,0.3665311724803841,0.0849447992251045,0.077014574771215,GPR
0.18,0.5,36.6667,10,SC,0.006439,0.006847,0.3933488582912199,0.0935262224977547,0.0839075324330423,GPR
0.03,0.6786,36.6667,10,SC,0.027787,0.027001,0.0665301360208154,0.0109701336217035,0.011967370308351,GPR
0.040714,0.6786,36.6667,10,SC,0.022558,0.022469,0.0871591469673739,0.0147691118431046,0.0158255560173288,GPR
0.051429,0.6786,36.6667,10,SC,0.019194,0.019371,0.1081048454087395,0.0188236042560309,0.0198265841754177,GPR
0.062143,0.6786,36.6667,10,SC,0.016833,0.017126,0.1293833589694963,0.023142101375831,0.0239770167693537,GPR
0.072857,0.6786,36.6667,10,SC,0.015084,0.01543,0.151019443555247,0.0277374565718414,0.0282872599342008,GPR
0.083571,0.6786,36.6667,10,SC,0.013738,0.014107,0.1730383892289127,0.0326253053024461,0.0327699652934809,GPR
0.094286,0.6786,36.6667,10,SC,0.012672,0.013051,0.1954697303026674,0.0378247459614652,0.0374406540757777,GPR
0.105,0.6786,36.6667,10,SC,0.011811,0.012191,0.218338456582856,0.0433560907810373,0.0423157014338971,GPR
0.115714,0.6786,36.6667,10,SC,0.011104,0.011481,0.2416771621073271,0.0492434037935011,0.0474146302078575,GPR
0.126429,0.6786,36.6667,10,SC,0.010514,0.010886,0.2655195274429045,0.0555127379871405,0.0527585182943906,GPR
0.137143,0.6786,36.6667,10,SC,0.010018,0.010384,0.2898929889554009,0.0621896940324536,0.0583679749887721,GPR
0.147857,0.6786,36.6667,10,SC,0.009597,0.009956,0.3148316088633973,0.0693023202596536,0.0642656499918911,GPR
0.158571,0.6786,36.6667,10,SC,0.009238,0.009591,0.3403667345946098,0.0768781438068387,0.0704737443187441,GPR
0.169286,0.6786,36.6667,10,SC,0.008929,0.009276,0.3665311724803841,0.0849447992251045,0.077014574771215,GPR
0.18,0.6786,36.6667,10,SC,0.008664,0.009005,0.3933488582912199,0.0935262224977547,0.0839075324330423,GPR
0.03,0.8571,36.6667,10,SC,0.038755,0.032049,0.0665301360208154,0.0109701336217035,0.011967370308351,GPR
0.040714,0.8571,36.6667,10,SC,0.029872,0.026911,0.0871591469673739,0.0147691118431046,0.0158255560173288,GPR
0.051429,0.8571,36.6667,10,SC,0.024808,0.023363,0.1081048454087395,0.0188236042560309,0.0198265841754177,GPR
0.062143,0.8571,36.6667,10,SC,0.021522,0.020769,0.1293833589694963,0.023142101375831,0.0239770167693537,GPR
0.072857,0.8571,36.6667,10,SC,0.019185,0.018795,0.151019443555247,0.0277374565718414,0.0282872599342008,GPR
0.083571,0.8571,36.6667,10,SC,0.017427,0.017246,0.1730383892289127,0.0326253053024461,0.0327699652934809,GPR
0.094286,0.8571,36.6667,10,SC,0.016055,0.016004,0.1954697303026674,0.0378247459614652,0.0374406540757777,GPR
0.105,0.8571,36.6667,10,SC,0.014955,0.014988,0.218338456582856,0.0433560907810373,0.0423157014338971,GPR
0.115714,0.8571,36.6667,10,SC,0.014058,0.014146,0.2416771621073271,0.0492434037935011,0.0474146302078575,GPR
0.126429,0.8571,36.6667,10,SC,0.013314,0.01344,0.2655195274429045,0.0555127379871405,0.0527585182943906,GPR
0.137143,0.8571,36.6667,10,SC,0.01269,0.012843,0.2898929889554009,0.0621896940324536,0.0583679749887721,GPR
0.147857,0.8571,36.6667,10,SC,0.012163,0.012334,0.3148316088633973,0.0693023202596536,0.0642656499918911,GPR
0.158571,0.8571,36.6667,10,SC,0.011715,0.011898,0.3403667345946098,0.0768781438068387,0.0704737443187441,GPR
0.169286,0.8571,36.6667,10,SC,0.011331,0.011523,0.3665311724803841,0.0849447992251045,0.077014574771215,GPR
0.18,0.8571,36.6667,10,SC,0.011003,0.0112,0.3933488582912199,0.0935262224977547,0.0839075324330423,GPR
0.03,1.0357,36.6667,10,SC,0.059446,0.037735,0.0665301360208154,0.0109701336217035,0.011967370308351,GPR
0.040714,1.0357,36.6667,10,SC,0.044814,0.03176,0.0871591469673739,0.0147691118431046,0.0158255560173288,GPR
0.051429,1.0357,36.6667,10,SC,0.035505,0.027654,0.1081048454087395,0.0188236042560309,0.0198265841754177,GPR
0.062143,1.0357,36.6667,10,SC,0.02943,0.024654,0.1293833589694963,0.023142101375831,0.0239770167693537,GPR
0.072857,1.0357,36.6667,10,SC,0.025391,0.022368,0.151019443555247,0.0277374565718414,0.0282872599342008,GPR
0.083571,1.0357,36.6667,10,SC,0.022595,0.020572,0.1730383892289127,0.0326253053024461,0.0327699652934809,GPR
0.094286,1.0357,36.6667,10,SC,0.020555,0.019129,0.1954697303026674,0.0378247459614652,0.0374406540757777,GPR
0.105,1.0357,36.6667,10,SC,0.018996,0.017947,0.218338456582856,0.0433560907810373,0.0423157014338971,GPR
0.115714,1.0357,36.6667,10,SC,0.017763,0.016967,0.2416771621073271,0.0492434037935011,0.0474146302078575,GPR
0.126429,1.0357,36.6667,10,SC,0.016765,0.016145,0.2655195274429045,0.0555127379871405,0.0527585182943906,GPR
0.137143,1.0357,36.6667,10,SC,0.015943,0.015449,0.2898929889554009,0.0621896940324536,0.0583679749887721,GPR
0.147857,1.0357,36.6667,10,SC,0.015258,0.014856,0.3148316088633973,0.0693023202596536,0.0642656499918911,GPR
0.158571,1.0357,36.6667,10,SC,0.014681,0.014349,0.3403667345946098,0.0768781438068387,0.0704737443187441,GPR
0.169286,1.0357,36.6667,10,SC,0.014194,0.013913,0.3665311724803841,0.0849447992251045,0.077014574771215,GPR
0.18,1.0357,36.6667,10,SC,0.01378,0.013538,0.3933488582912199,0.0935262224977547,0.0839075324330423,GPR
0.03,1.2143,36.6667,10,SC,0.086923,0.044754,0.0665301360208154,0.0109701336217035,0.011967370308351,GPR
0.040714,1.2143,36.6667,10,SC,0.067581,0.037433,0.0871591469673739,0.0147691118431046,0.0158255560173288,GPR
0.051429,1.2143,36.6667,10,SC,0.054552,0.032529,0.1081048454087395,0.0188236042560309,0.0198265841754177,GPR
0.062143,1.2143,36.6667,10,SC,0.045164,0.028991,0.1293833589694963,0.023142101375831,0.0239770167693537,GPR
0.072857,1.2143,36.6667,10,SC,0.038249,0.026314,0.151019443555247,0.0277374565718414,0.0282872599342008,GPR
0.083571,1.2143,36.6667,10,SC,0.033164,0.024219,0.1730383892289127,0.0326253053024461,0.0327699652934809,GPR
0.094286,1.2143,36.6667,10,SC,0.029317,0.02254,0.1954697303026674,0.0378247459614652,0.0374406540757777,GPR
0.105,1.2143,36.6667,10,SC,0.026395,0.021169,0.218338456582856,0.0433560907810373,0.0423157014338971,GPR
0.115714,1.2143,36.6667,10,SC,0.024154,0.020032,0.2416771621073271,0.0492434037935011,0.0474146302078575,GPR
0.126429,1.2143,36.6667,10,SC,0.022414,0.01908,0.2655195274429045,0.0555127379871405,0.0527585182943906,GPR
0.137143,1.2143,36.6667,10,SC,0.021044,0.018276,0.2898929889554009,0.0621896940324536,0.0583679749887721,GPR
0.147857,1.2143,36.6667,10,SC,0.01995,0.017592,0.3148316088633973,0.0693023202596536,0.0642656499918911,GPR
0.158571,1.2143,36.6667,10,SC,0.019066,0.017007,0.3403667345946098,0.0768781438068387,0.0704737443187441,GPR
0.169286,1.2143,36.6667,10,SC,0.018343,0.016507,0.3665311724803841,0.0849447992251045,0.077014574771215,GPR
0.18,1.2143,36.6667,10,SC,0.01775,0.016078,0.3933488582912199,0.0935262224977547,0.0839075324330423,GPR
0.03,1.3929,36.6667,10,SC,0.116726,0.054522,0.0665301360208154,0.0109701336217035,0.011967370308351,GPR
0.040714,1.3929,36.6667,10,SC,0.094447,0.044675,0.0871591469673739,0.0147691118431046,0.0158255560173288,GPR
0.051429,1.3929,36.6667,10,SC,0.079445,0.03846,0.1081048454087395,0.0188236042560309,0.0198265841754177,GPR
0.062143,1.3929,36.6667,10,SC,0.066983,0.034113,0.1293833589694963,0.023142101375831,0.0239770167693537,GPR
0.072857,1.3929,36.6667,10,SC,0.057569,0.030884,0.151019443555247,0.0277374565718414,0.0282872599342008,GPR
0.083571,1.3929,36.6667,10,SC,0.050674,0.028388,0.1730383892289127,0.0326253053024461,0.0327699652934809,GPR
0.094286,1.3929,36.6667,10,SC,0.045157,0.026403,0.1954697303026674,0.0378247459614652,0.0374406540757777,GPR
0.105,1.3929,36.6667,10,SC,0.040615,0.024792,0.218338456582856,0.0433560907810373,0.0423157014338971,GPR
0.115714,1.3929,36.6667,10,SC,0.036967,0.023464,0.2416771621073271,0.0492434037935011,0.0474146302078575,GPR
0.126429,1.3929,36.6667,10,SC,0.034068,0.022356,0.2655195274429045,0.0555127379871405,0.0527585182943906,GPR
0.137143,1.3929,36.6667,10,SC,0.031734,0.021423,0.2898929889554009,0.0621896940324536,0.0583679749887721,GPR
0.147857,1.3929,36.6667,10,SC,0.029828,0.020633,0.3148316088633973,0.0693023202596536,0.0642656499918911,GPR
0.158571,1.3929,36.6667,10,SC,0.028264,0.019961,0.3403667345946098,0.0768781438068387,0.0704737443187441,GPR
0.169286,1.3929,36.6667,10,SC,0.026984,0.019387,0.3665311724803841,0.0849447992251045,0.077014574771215,GPR
0.18,1.3929,36.6667,10,SC,0.025943,0.018899,0.3933488582912199,0.0935262224977547,0.0839075324330423,GPR
0.03,1.5714,36.6667,10,SC,0.149094,0.071004,0.0665301360208154,0.0109701336217035,0.011967370308351,GPR
0.040714,1.5714,36.6667,10,SC,0.125638,0.055176,0.0871591469673739,0.0147691118431046,0.0158255560173288,GPR
0.051429,1.5714,36.6667,10,SC,0.105315,0.046397,0.1081048454087395,0.0188236042560309,0.0198265841754177,GPR
0.062143,1.5714,36.6667,10,SC,0.091615,0.040643,0.1293833589694963,0.023142101375831,0.0239770167693537,GPR
0.072857,1.5714,36.6667,10,SC,0.081637,0.036528,0.151019443555247,0.0277374565718414,0.0282872599342008,GPR
0.083571,1.5714,36.6667,10,SC,0.073253,0.033424,0.1730383892289127,0.0326253053024461,0.0327699652934809,GPR
0.094286,1.5714,36.6667,10,SC,0.065851,0.030998,0.1954697303026674,0.0378247459614652,0.0374406540757777,GPR
0.105,1.5714,36.6667,10,SC,0.059678,0.029054,0.218338456582856,0.0433560907810373,0.0423157014338971,GPR
0.115714,1.5714,36.6667,10,SC,0.054829,0.027467,0.2416771621073271,0.0492434037935011,0.0474146302078575,GPR
0.126429,1.5714,36.6667,10,SC,0.051022,0.026153,0.2655195274429045,0.0555127379871405,0.0527585182943906,GPR
0.137143,1.5714,36.6667,10,SC,0.047949,0.025055,0.2898929889554009,0.0621896940324536,0.0583679749887721,GPR
0.147857,1.5714,36.6667,10,SC,0.045408,0.024131,0.3148316088633973,0.0693023202596536,0.0642656499918911,GPR
0.158571,1.5714,36.6667,10,SC,0.043283,0.02335,0.3403667345946098,0.0768781438068387,0.0704737443187441,GPR
0.169286,1.5714,36.6667,10,SC,0.041505,0.022689,0.3665311724803841,0.0849447992251045,0.077014574771215,GPR
0.18,1.5714,36.6667,10,SC,0.040031,0.02213,0.3933488582912199,0.0935262224977547,0.0839075324330423,GPR
0.03,1.75,36.6667,10,SC,0.175021,0.113212,0.0665301360208154,0.0109701336217035,0.011967370308351,GPR
0.040714,1.75,36.6667,10,SC,0.153669,0.074168,0.0871591469673739,0.0147691118431046,0.0158255560173288,GPR
0.051429,1.75,36.6667,10,SC,0.136688,0.058736,0.1081048454087395,0.0188236042560309,0.0198265841754177,GPR
0.062143,1.75,36.6667,10,SC,0.12092,0.049974,0.1293833589694963,0.023142101375831,0.0239770167693537,GPR
0.072857,1.75,36.6667,10,SC,0.106715,0.044177,0.151019443555247,0.0277374565718414,0.0282872599342008,GPR
0.083571,1.75,36.6667,10,SC,0.095998,0.04001,0.1730383892289127,0.0326253053024461,0.0327699652934809,GPR
0.094286,1.75,36.6667,10,SC,0.088152,0.036857,0.1954697303026674,0.0378247459614652,0.0374406540757777,GPR
0.105,1.75,36.6667,10,SC,0.082024,0.034388,0.218338456582856,0.0433560907810373,0.0423157014338971,GPR
0.115714,1.75,36.6667,10,SC,0.076948,0.032408,0.2416771621073271,0.0492434037935011,0.0474146302078575,GPR
0.126429,1.75,36.6667,10,SC,0.072581,0.030793,0.2655195274429045,0.0555127379871405,0.0527585182943906,GPR
0.137143,1.75,36.6667,10,SC,0.068761,0.029459,0.2898929889554009,0.0621896940324536,0.0583679749887721,GPR
0.147857,1.75,36.6667,10,SC,0.065422,0.028349,0.3148316088633973,0.0693023202596536,0.0642656499918911,GPR
0.158571,1.75,36.6667,10,SC,0.062545,0.02742,0.3403667345946098,0.0768781438068387,0.0704737443187441,GPR
0.169286,1.75,36.6667,10,SC,0.060118,0.026643,0.3665311724803841,0.0849447992251045,0.077014574771215,GPR
0.18,1.75,36.6667,10,SC,0.058115,0.025992,0.3933488582912199,0.0935262224977547,0.0839075324330423,GPR
0.03,1.9286,36.6667,10,SC,0.205623,0.292089,0.0665301360208154,0.0109701336217035,0.011967370308351,GPR
0.040714,1.9286,36.6667,10,SC,0.17857,0.132841,0.0871591469673739,0.0147691118431046,0.0158255560173288,GPR
0.051429,1.9286,36.6667,10,SC,0.160702,0.084419,0.1081048454087395,0.0188236042560309,0.0198265841754177,GPR
0.062143,1.9286,36.6667,10,SC,0.147167,0.066207,0.1293833589694963,0.023142101375831,0.0239770167693537,GPR
0.072857,1.9286,36.6667,10,SC,0.135764,0.056212,0.151019443555247,0.0277374565718414,0.0282872599342008,GPR
0.083571,1.9286,36.6667,10,SC,0.125413,0.049732,0.1730383892289127,0.0326253053024461,0.0327699652934809,GPR
0.094286,1.9286,36.6667,10,SC,0.115674,0.045139,0.1954697303026674,0.0378247459614652,0.0374406540757777,GPR
0.105,1.9286,36.6667,10,SC,0.106852,0.041699,0.218338456582856,0.0433560907810373,0.0423157014338971,GPR
0.115714,1.9286,36.6667,10,SC,0.099504,0.039029,0.2416771621073271,0.0492434037935011,0.0474146302078575,GPR
0.126429,1.9286,36.6667,10,SC,0.093683,0.036906,0.2655195274429045,0.0555127379871405,0.0527585182943906,GPR
0.137143,1.9286,36.6667,10,SC,0.089087,0.035189,0.2898929889554009,0.0621896940324536,0.0583679749887721,GPR
0.147857,1.9286,36.6667,10,SC,0.085401,0.033784,0.3148316088633973,0.0693023202596536,0.0642656499918911,GPR
0.158571,1.9286,36.6667,10,SC,0.082399,0.032629,0.3403667345946098,0.0768781438068387,0.0704737443187441,GPR
0.169286,1.9286,36.6667,10,SC,0.079933,0.031677,0.3665311724803841,0.0849447992251045,0.077014574771215,GPR
0.18,1.9286,36.6667,10,SC,0.077905,0.030895,0.3933488582912199,0.0935262224977547,0.0839075324330423,GPR
0.03,2.1071,36.6667,10,SC,0.235512,0.430389,0.0665301360208154,0.0109701336217035,0.011967370308351,GPR
0.040714,2.1071,36.6667,10,SC,0.209674,0.355546,0.0871591469673739,0.0147691118431046,0.0158255560173288,GPR
0.051429,2.1071,36.6667,10,SC,0.186449,0.195126,0.1081048454087395,0.0188236042560309,0.0198265841754177,GPR
0.062143,2.1071,36.6667,10,SC,0.169939,0.110927,0.1293833589694963,0.023142101375831,0.0239770167693537,GPR
0.072857,2.1071,36.6667,10,SC,0.157834,0.081754,0.151019443555247,0.0277374565718414,0.0282872599342008,GPR
0.083571,2.1071,36.6667,10,SC,0.148221,0.067639,0.1730383892289127,0.0326253053024461,0.0327699652934809,GPR
0.094286,2.1071,36.6667,10,SC,0.140172,0.059114,0.1954697303026674,0.0378247459614652,0.0374406540757777,GPR
0.105,2.1071,36.6667,10,SC,0.133197,0.053334,0.218338456582856,0.0433560907810373,0.0423157014338971,GPR
0.115714,2.1071,36.6667,10,SC,0.127013,0.04914,0.2416771621073271,0.0492434037935011,0.0474146302078575,GPR
0.126429,2.1071,36.6667,10,SC,0.121461,0.045965,0.2655195274429045,0.0555127379871405,0.0527585182943906,GPR
0.137143,2.1071,36.6667,10,SC,0.116468,0.043494,0.2898929889554009,0.0621896940324536,0.0583679749887721,GPR
0.147857,2.1071,36.6667,10,SC,0.112024,0.041535,0.3148316088633973,0.0693023202596536,0.0642656499918911,GPR
0.158571,2.1071,36.6667,10,SC,0.108145,0.039968,0.3403667345946098,0.0768781438068387,0.0704737443187441,GPR
0.169286,2.1071,36.6667,10,SC,0.104841,0.03871,0.3665311724803841,0.0849447992251045,0.077014574771215,GPR
0.18,2.1071,36.6667,10,SC,0.102105,0.037704,0.3933488582912199,0.0935262224977547,0.0839075324330423,GPR
0.03,2.2857,36.6667,10,SC,0.255069,0.385311,0.0665301360208154,0.0109701336217035,0.011967370308351,GPR
0.040714,2.2857,36.6667,10,SC,0.236302,0.536417,0.0871591469673739,0.0147691118431046,0.0158255560173288,GPR
0.051429,2.2857,36.6667,10,SC,0.217478,0.343804,0.1081048454087395,0.0188236042560309,0.0198265841754177,GPR
0.062143,2.2857,36.6667,10,SC,0.198625,0.297835,0.1293833589694963,0.023142101375831,0.0239770167693537,GPR
0.072857,2.2857,36.6667,10,SC,0.182564,0.195492,0.151019443555247,0.0277374565718414,0.0282872599342008,GPR
0.083571,2.2857,36.6667,10,SC,0.170412,0.125549,0.1730383892289127,0.0326253053024461,0.0327699652934809,GPR
0.094286,2.2857,36.6667,10,SC,0.161101,0.094274,0.1954697303026674,0.0378247459614652,0.0374406540757777,GPR
0.105,2.2857,36.6667,10,SC,0.153649,0.078516,0.218338456582856,0.0433560907810373,0.0423157014338971,GPR
0.115714,2.2857,36.6667,10,SC,0.147486,0.069018,0.2416771621073271,0.0492434037935011,0.0474146302078575,GPR
0.126429,2.2857,36.6667,10,SC,0.142282,0.062651,0.2655195274429045,0.0555127379871405,0.0527585182943906,GPR
0.137143,2.2857,36.6667,10,SC,0.137837,0.058104,0.2898929889554009,0.0621896940324536,0.0583679749887721,GPR
0.147857,2.2857,36.6667,10,SC,0.134021,0.054729,0.3148316088633973,0.0693023202596536,0.0642656499918911,GPR
0.158571,2.2857,36.6667,10,SC,0.130747,0.052169,0.3403667345946098,0.0768781438068387,0.0704737443187441,GPR
0.169286,2.2857,36.6667,10,SC,0.127952,0.050209,0.3665311724803841,0.0849447992251045,0.077014574771215,GPR
0.18,2.2857,36.6667,10,SC,0.125589,0.048715,0.3933488582912199,0.0935262224977547,0.0839075324330423,GPR
0.03,2.4643,36.6667,10,SC,0.269704,0.739014,0.0665301360208154,0.0109701336217035,0.011967370308351,GPR
0.040714,2.4643,36.6667,10,SC,0.253991,0.361759,0.0871591469673739,0.0147691118431046,0.0158255560173288,GPR
0.051429,2.4643,36.6667,10,SC,0.239597,0.576728,0.1081048454087395,0.0188236042560309,0.0198265841754177,GPR
0.062143,2.4643,36.6667,10,SC,0.22593,0.412767,0.1293833589694963,0.023142101375831,0.0239770167693537,GPR
0.072857,2.4643,36.6667,10,SC,0.212501,0.333483,0.151019443555247,0.0277374565718414,0.0282872599342008,GPR
0.083571,2.4643,36.6667,10,SC,0.199385,0.34536,0.1730383892289127,0.0326253053024461,0.0327699652934809,GPR
0.094286,2.4643,36.6667,10,SC,0.187484,0.246312,0.1954697303026674,0.0378247459614652,0.0374406540757777,GPR
0.105,2.4643,36.6667,10,SC,0.177583,0.193731,0.218338456582856,0.0433560907810373,0.0423157014338971,GPR
0.115714,2.4643,36.6667,10,SC,0.16965,0.146357,0.2416771621073271,0.0492434037935011,0.0474146302078575,GPR
0.126429,2.4643,36.6667,10,SC,0.163274,0.116449,0.2655195274429045,0.0555127379871405,0.0527585182943906,GPR
0.137143,2.4643,36.6667,10,SC,0.158074,0.099206,0.2898929889554009,0.0621896940324536,0.0583679749887721,GPR
0.147857,2.4643,36.6667,10,SC,0.153779,0.088533,0.3148316088633973,0.0693023202596536,0.0642656499918911,GPR
0.158571,2.4643,36.6667,10,SC,0.150205,0.081489,0.3403667345946098,0.0768781438068387,0.0704737443187441,GPR
0.169286,2.4643,36.6667,10,SC,0.147227,0.076668,0.3665311724803841,0.0849447992251045,0.077014574771215,GPR
0.18,2.4643,36.6667,10,SC,0.144757,0.073344,0.3933488582912199,0.0935262224977547,0.0839075324330423,GPR
0.03,2.6429,36.6667,10,SC,0.281853,0.458076,0.0665301360208154,0.0109701336217035,0.011967370308351,GPR
0.040714,2.6429,36.6667,10,SC,0.267774,0.848381,0.0871591469673739,0.0147691118431046,0.0158255560173288,GPR
0.051429,2.6429,36.6667,10,SC,0.255269,0.410603,0.1081048454087395,0.0188236042560309,0.0198265841754177,GPR
0.062143,2.6429,36.6667,10,SC,0.243998,0.37072,0.1293833589694963,0.023142101375831,0.0239770167693537,GPR
0.072857,2.6429,36.6667,10,SC,0.233687,0.580367,0.151019443555247,0.0277374565718414,0.0282872599342008,GPR
0.083571,2.6429,36.6667,10,SC,0.224107,0.48845,0.1730383892289127,0.0326253053024461,0.0327699652934809,GPR
0.094286,2.6429,36.6667,10,SC,0.215093,0.334485,0.1954697303026674,0.0378247459614652,0.0374406540757777,GPR
0.105,2.6429,36.6667,10,SC,0.206582,0.319503,0.218338456582856,0.0433560907810373,0.0423157014338971,GPR
0.115714,2.6429,36.6667,10,SC,0.19864,0.352574,0.2416771621073271,0.0492434037935011,0.0474146302078575,GPR
0.126429,2.6429,36.6667,10,SC,0.191429,0.326913,0.2655195274429045,0.0555127379871405,0.0527585182943906,GPR
0.137143,2.6429,36.6667,10,SC,0.185103,0.272462,0.2898929889554009,0.0621896940324536,0.0583679749887721,GPR
0.147857,2.6429,36.6667,10,SC,0.179723,0.23551,0.3148316088633973,0.0693023202596536,0.0642656499918911,GPR
0.158571,2.6429,36.6667,10,SC,0.175256,0.214087,0.3403667345946098,0.0768781438068387,0.0704737443187441,GPR
0.169286,2.6429,36.6667,10,SC,0.171616,0.199691,0.3665311724803841,0.0849447992251045,0.077014574771215,GPR
0.18,2.6429,36.6667,10,SC,0.168712,0.188921,0.3933488582912199,0.0935262224977547,0.0839075324330423,GPR
0.03,2.8214,36.6667,10,SC,0.292609,0.349101,0.0665301360208154,0.0109701336217035,0.011967370308351,GPR
0.040714,2.8214,36.6667,10,SC,0.27951,0.392659,0.0871591469673739,0.0147691118431046,0.0158255560173288,GPR
0.051429,2.8214,36.6667,10,SC,0.268088,0.804125,0.1081048454087395,0.0188236042560309,0.0198265841754177,GPR
0.062143,2.8214,36.6667,10,SC,0.257977,0.661335,0.1293833589694963,0.023142101375831,0.0239770167693537,GPR
0.072857,2.8214,36.6667,10,SC,0.248947,0.386149,0.151019443555247,0.0277374565718414,0.0282872599342008,GPR
0.083571,2.8214,36.6667,10,SC,0.240835,0.338611,0.1730383892289127,0.0326253053024461,0.0327699652934809,GPR
0.094286,2.8214,36.6667,10,SC,0.233517,0.424074,0.1954697303026674,0.0378247459614652,0.0374406540757777,GPR
0.105,2.8214,36.6667,10,SC,0.226899,0.571798,0.218338456582856,0.0433560907810373,0.0423157014338971,GPR
0.115714,2.8214,36.6667,10,SC,0.220918,0.567443,0.2416771621073271,0.0492434037935011,0.0474146302078575,GPR
0.126429,2.8214,36.6667,10,SC,0.215531,0.450387,0.2655195274429045,0.0555127379871405,0.0527585182943906,GPR
0.137143,2.8214,36.6667,10,SC,0.210718,0.363695,0.2898929889554009,0.0621896940324536,0.0583679749887721,GPR
0.147857,2.8214,36.6667,10,SC,0.206471,0.318748,0.3148316088633973,0.0693023202596536,0.0642656499918911,GPR
0.158571,2.8214,36.6667,10,SC,0.202788,0.298962,0.3403667345946098,0.0768781438068387,0.0704737443187441,GPR
0.169286,2.8214,36.6667,10,SC,0.199666,0.291869,0.3665311724803841,0.0849447992251045,0.077014574771215,GPR
0.18,2.8214,36.6667,10,SC,0.197097,0.289774,0.3933488582912199,0.0935262224977547,0.0839075324330423,GPR
0.03,3.0,36.6667,10,SC,0.302778,0.700257,0.0665301360208154,0.0109701336217035,0.011967370308351,GPR
0.040714,3.0,36.6667,10,SC,0.290146,0.362625,0.0871591469673739,0.0147691118431046,0.0158255560173288,GPR
0.051429,3.0,36.6667,10,SC,0.279352,0.328297,0.1081048454087395,0.0188236042560309,0.0198265841754177,GPR
0.062143,3.0,36.6667,10,SC,0.269943,0.48747,0.1293833589694963,0.023142101375831,0.0239770167693537,GPR
0.072857,3.0,36.6667,10,SC,0.261642,0.829587,0.151019443555247,0.0277374565718414,0.0282872599342008,GPR
0.083571,3.0,36.6667,10,SC,0.254271,0.756251,0.1730383892289127,0.0326253053024461,0.0327699652934809,GPR
0.094286,3.0,36.6667,10,SC,0.247707,0.494053,0.1954697303026674,0.0378247459614652,0.0374406540757777,GPR
0.105,3.0,36.6667,10,SC,0.241859,0.367833,0.218338456582856,0.0433560907810373,0.0423157014338971,GPR
0.115714,3.0,36.6667,10,SC,0.236656,0.324798,0.2416771621073271,0.0492434037935011,0.0474146302078575,GPR
0.126429,3.0,36.6667,10,SC,0.232044,0.325918,0.2655195274429045,0.0555127379871405,0.0527585182943906,GPR
0.137143,3.0,36.6667,10,SC,0.227979,0.353537,0.2898929889554009,0.0621896940324536,0.0583679749887721,GPR
0.147857,3.0,36.6667,10,SC,0.224425,0.394937,0.3148316088633973,0.0693023202596536,0.0642656499918911,GPR
0.158571,3.0,36.6667,10,SC,0.221352,0.437226,0.3403667345946098,0.0768781438068387,0.0704737443187441,GPR
0.169286,3.0,36.6667,10,SC,0.218735,0.469877,0.3665311724803841,0.0849447992251045,0.077014574771215,GPR
0.18,3.0,36.6667,10,SC,0.216548,0.488272,0.3933488582912199,0.0935262224977547,0.0839075324330423,GPR
0.03,0.5,40.0,10,SC,0.016418,0.017202,0.0665301360208154,0.0109701336217035,0.011967370308351,GPR
0.040714,0.5,40.0,10,SC,0.013326,0.014038,0.0871591469673739,0.0147691118431046,0.0158255560173288,GPR
0.051429,0.5,40.0,10,SC,0.011298,0.01194,0.1081048454087395,0.0188236042560309,0.0198265841754177,GPR
0.062143,0.5,40.0,10,SC,0.009869,0.010452,0.1293833589694963,0.023142101375831,0.0239770167693537,GPR
0.072857,0.5,40.0,10,SC,0.008811,0.009345,0.151019443555247,0.0277374565718414,0.0282872599342008,GPR
0.083571,0.5,40.0,10,SC,0.007998,0.008493,0.1730383892289127,0.0326253053024461,0.0327699652934809,GPR
0.094286,0.5,40.0,10,SC,0.007357,0.007818,0.1954697303026674,0.0378247459614652,0.0374406540757777,GPR
0.105,0.5,40.0,10,SC,0.00684,0.007274,0.218338456582856,0.0433560907810373,0.0423157014338971,GPR
0.115714,0.5,40.0,10,SC,0.006415,0.006826,0.2416771621073271,0.0492434037935011,0.0474146302078575,GPR
0.126429,0.5,40.0,10,SC,0.006062,0.006453,0.2655195274429045,0.0555127379871405,0.0527585182943906,GPR
0.137143,0.5,40.0,10,SC,0.005765,0.006139,0.2898929889554009,0.0621896940324536,0.0583679749887721,GPR
0.147857,0.5,40.0,10,SC,0.005514,0.005873,0.3148316088633973,0.0693023202596536,0.0642656499918911,GPR
0.158571,0.5,40.0,10,SC,0.005299,0.005645,0.3403667345946098,0.0768781438068387,0.0704737443187441,GPR
0.169286,0.5,40.0,10,SC,0.005114,0.00545,0.3665311724803841,0.0849447992251045,0.077014574771215,GPR
0.18,0.5,40.0,10,SC,0.004955,0.005282,0.3933488582912199,0.0935262224977547,0.0839075324330423,GPR
0.03,0.6786,40.0,10,SC,0.020809,0.020957,0.0665301360208154,0.0109701336217035,0.011967370308351,GPR
0.040714,0.6786,40.0,10,SC,0.01707,0.017415,0.0871591469673739,0.0147691118431046,0.0158255560173288,GPR
0.051429,0.6786,40.0,10,SC,0.014591,0.014995,0.1081048454087395,0.0188236042560309,0.0198265841754177,GPR
0.062143,0.6786,40.0,10,SC,0.012826,0.013244,0.1293833589694963,0.023142101375831,0.0239770167693537,GPR
0.072857,0.6786,40.0,10,SC,0.011509,0.011922,0.151019443555247,0.0277374565718414,0.0282872599342008,GPR
0.083571,0.6786,40.0,10,SC,0.01049,0.010892,0.1730383892289127,0.0326253053024461,0.0327699652934809,GPR
0.094286,0.6786,40.0,10,SC,0.009681,0.010071,0.1954697303026674,0.0378247459614652,0.0374406540757777,GPR
0.105,0.6786,40.0,10,SC,0.009026,0.009402,0.218338456582856,0.0433560907810373,0.0423157014338971,GPR
0.115714,0.6786,40.0,10,SC,0.008486,0.008849,0.2416771621073271,0.0492434037935011,0.0474146302078575,GPR
0.126429,0.6786,40.0,10,SC,0.008036,0.008387,0.2655195274429045,0.0555127379871405,0.0527585182943906,GPR
0.137143,0.6786,40.0,10,SC,0.007657,0.007997,0.2898929889554009,0.0621896940324536,0.0583679749887721,GPR
0.147857,0.6786,40.0,10,SC,0.007335,0.007665,0.3148316088633973,0.0693023202596536,0.0642656499918911,GPR
0.158571,0.6786,40.0,10,SC,0.00706,0.007381,0.3403667345946098,0.0768781438068387,0.0704737443187441,GPR
0.169286,0.6786,40.0,10,SC,0.006823,0.007136,0.3665311724803841,0.0849447992251045,0.077014574771215,GPR
0.18,0.6786,40.0,10,SC,0.00662,0.006926,0.3933488582912199,0.0935262224977547,0.0839075324330423,GPR
0.03,0.8571,40.0,10,SC,0.026011,0.02451,0.0665301360208154,0.0109701336217035,0.011967370308351,GPR
0.040714,0.8571,40.0,10,SC,0.02112,0.020624,0.0871591469673739,0.0147691118431046,0.0158255560173288,GPR
0.051429,0.8571,40.0,10,SC,0.018021,0.017919,0.1081048454087395,0.0188236042560309,0.0198265841754177,GPR
0.062143,0.8571,40.0,10,SC,0.015851,0.015933,0.1293833589694963,0.023142101375831,0.0239770167693537,GPR
0.072857,0.8571,40.0,10,SC,0.014242,0.014418,0.151019443555247,0.0277374565718414,0.0282872599342008,GPR
0.083571,0.8571,40.0,10,SC,0.013,0.013229,0.1730383892289127,0.0326253053024461,0.0327699652934809,GPR
0.094286,0.8571,40.0,10,SC,0.012016,0.012273,0.1954697303026674,0.0378247459614652,0.0374406540757777,GPR
0.105,0.8571,40.0,10,SC,0.011219,0.011491,0.218338456582856,0.0433560907810373,0.0423157014338971,GPR
0.115714,0.8571,40.0,10,SC,0.010563,0.010843,0.2416771621073271,0.0492434037935011,0.0474146302078575,GPR
0.126429,0.8571,40.0,10,SC,0.010015,0.010299,0.2655195274429045,0.0555127379871405,0.0527585182943906,GPR
0.137143,0.8571,40.0,10,SC,0.009554,0.009838,0.2898929889554009,0.0621896940324536,0.0583679749887721,GPR
0.147857,0.8571,40.0,10,SC,0.009162,0.009446,0.3148316088633973,0.0693023202596536,0.0642656499918911,GPR
0.158571,0.8571,40.0,10,SC,0.008828,0.009109,0.3403667345946098,0.0768781438068387,0.0704737443187441,GPR
0.169286,0.8571,40.0,10,SC,0.008541,0.00882,0.3665311724803841,0.0849447992251045,0.077014574771215,GPR
0.18,0.8571,40.0,10,SC,0.008294,0.00857,0.3933488582912199,0.0935262224977547,0.0839075324330423,GPR
0.03,1.0357,40.0,10,SC,0.035729,0.028165,0.0665301360208154,0.0109701336217035,0.011967370308351,GPR
0.040714,1.0357,40.0,10,SC,0.027171,0.023894,0.0871591469673739,0.0147691118431046,0.0158255560173288,GPR
0.051429,1.0357,40.0,10,SC,0.022489,0.020891,0.1081048454087395,0.0188236042560309,0.0198265841754177,GPR
0.062143,1.0357,40.0,10,SC,0.019528,0.018669,0.1293833589694963,0.023142101375831,0.0239770167693537,GPR
0.072857,1.0357,40.0,10,SC,0.017439,0.016963,0.151019443555247,0.0277374565718414,0.0282872599342008,GPR
0.083571,1.0357,40.0,10,SC,0.01587,0.015615,0.1730383892289127,0.0326253053024461,0.0327699652934809,GPR
0.094286,1.0357,40.0,10,SC,0.014646,0.014527,0.1954697303026674,0.0378247459614652,0.0374406540757777,GPR
0.105,1.0357,40.0,10,SC,0.013664,0.013635,0.218338456582856,0.0433560907810373,0.0423157014338971,GPR
0.115714,1.0357,40.0,10,SC,0.012862,0.012893,0.2416771621073271,0.0492434037935011,0.0474146302078575,GPR
0.126429,1.0357,40.0,10,SC,0.012196,0.012268,0.2655195274429045,0.0555127379871405,0.0527585182943906,GPR
0.137143,1.0357,40.0,10,SC,0.011638,0.011739,0.2898929889554009,0.0621896940324536,0.0583679749887721,GPR
0.147857,1.0357,40.0,10,SC,0.011165,0.011287,0.3148316088633973,0.0693023202596536,0.0642656499918911,GPR
0.158571,1.0357,40.0,10,SC,0.010763,0.0109,0.3403667345946098,0.0768781438068387,0.0704737443187441,GPR
0.169286,1.0357,40.0,10,SC,0.01042,0.010567,0.3665311724803841,0.0849447992251045,0.077014574771215,GPR
0.18,1.0357,40.0,10,SC,0.010125,0.010279,0.3933488582912199,0.0935262224977547,0.0839075324330423,GPR
0.03,1.2143,40.0,10,SC,0.053242,0.03213,0.0665301360208154,0.0109701336217035,0.011967370308351,GPR
0.040714,1.2143,40.0,10,SC,0.039604,0.027362,0.0871591469673739,0.0147691118431046,0.0158255560173288,GPR
0.051429,1.2143,40.0,10,SC,0.031071,0.024012,0.1081048454087395,0.0188236042560309,0.0198265841754177,GPR
0.062143,1.2143,40.0,10,SC,0.02564,0.021527,0.1293833589694963,0.023142101375831,0.0239770167693537,GPR
0.072857,1.2143,40.0,10,SC,0.022143,0.019615,0.151019443555247,0.0277374565718414,0.0282872599342008,GPR
0.083571,1.2143,40.0,10,SC,0.019771,0.0181,0.1730383892289127,0.0326253053024461,0.0327699652934809,GPR
0.094286,1.2143,40.0,10,SC,0.018047,0.016876,0.1954697303026674,0.0378247459614652,0.0374406540757777,GPR
0.105,1.2143,40.0,10,SC,0.016726,0.015869,0.218338456582856,0.0433560907810373,0.0423157014338971,GPR
0.115714,1.2143,40.0,10,SC,0.015677,0.01503,0.2416771621073271,0.0492434037935011,0.0474146302078575,GPR
0.126429,1.2143,40.0,10,SC,0.014825,0.014324,0.2655195274429045,0.0555127379871405,0.0527585182943906,GPR
0.137143,1.2143,40.0,10,SC,0.014121,0.013726,0.2898929889554009,0.0621896940324536,0.0583679749887721,GPR
0.147857,1.2143,40.0,10,SC,0.013532,0.013214,0.3148316088633973,0.0693023202596536,0.0642656499918911,GPR
0.158571,1.2143,40.0,10,SC,0.013037,0.012776,0.3403667345946098,0.0768781438068387,0.0704737443187441,GPR
0.169286,1.2143,40.0,10,SC,0.012617,0.0124,0.3665311724803841,0.0849447992251045,0.077014574771215,GPR
0.18,1.2143,40.0,10,SC,0.012261,0.012076,0.3933488582912199,0.0935262224977547,0.0839075324330423,GPR
0.03,1.3929,40.0,10,SC,0.075557,0.036688,0.0665301360208154,0.0109701336217035,0.011967370308351,GPR
0.040714,1.3929,40.0,10,SC,0.05806,0.031206,0.0871591469673739,0.0147691118431046,0.0158255560173288,GPR
0.051429,1.3929,40.0,10,SC,0.046401,0.027403,0.1081048454087395,0.0188236042560309,0.0198265841754177,GPR
0.062143,1.3929,40.0,10,SC,0.037893,0.024599,0.1293833589694963,0.023142101375831,0.0239770167693537,GPR
0.072857,1.3929,40.0,10,SC,0.031898,0.022446,0.151019443555247,0.0277374565718414,0.0282872599342008,GPR
0.083571,1.3929,40.0,10,SC,0.027474,0.020742,0.1730383892289127,0.0326253053024461,0.0327699652934809,GPR
0.094286,1.3929,40.0,10,SC,0.024249,0.019366,0.1954697303026674,0.0378247459614652,0.0374406540757777,GPR
0.105,1.3929,40.0,10,SC,0.021867,0.018234,0.218338456582856,0.0433560907810373,0.0423157014338971,GPR
0.115714,1.3929,40.0,10,SC,0.020086,0.017292,0.2416771621073271,0.0492434037935011,0.0474146302078575,GPR
0.126429,1.3929,40.0,10,SC,0.018728,0.0165,0.2655195274429045,0.0555127379871405,0.0527585182943906,GPR
0.137143,1.3929,40.0,10,SC,0.017666,0.015828,0.2898929889554009,0.0621896940324536,0.0583679749887721,GPR
0.147857,1.3929,40.0,10,SC,0.016817,0.015255,0.3148316088633973,0.0693023202596536,0.0642656499918911,GPR
0.158571,1.3929,40.0,10,SC,0.016126,0.014764,0.3403667345946098,0.0768781438068387,0.0704737443187441,GPR
0.169286,1.3929,40.0,10,SC,0.015558,0.014343,0.3665311724803841,0.0849447992251045,0.077014574771215,GPR
0.18,1.3929,40.0,10,SC,0.015088,0.013982,0.3933488582912199,0.0935262224977547,0.0839075324330423,GPR
0.03,1.5714,40.0,10,SC,0.098964,0.042319,0.0665301360208154,0.0109701336217035,0.011967370308351,GPR
0.040714,1.5714,40.0,10,SC,0.080941,0.035707,0.0871591469673739,0.0147691118431046,0.0158255560173288,GPR
0.051429,1.5714,40.0,10,SC,0.06561,0.031255,0.1081048454087395,0.0188236042560309,0.0198265841754177,GPR
0.062143,1.5714,40.0,10,SC,0.055079,0.028022,0.1293833589694963,0.023142101375831,0.0239770167693537,GPR
0.072857,1.5714,40.0,10,SC,0.047351,0.025562,0.151019443555247,0.0277374565718414,0.0282872599342008,GPR
0.083571,1.5714,40.0,10,SC,0.040956,0.023628,0.1730383892289127,0.0326253053024461,0.0327699652934809,GPR
0.094286,1.5714,40.0,10,SC,0.036028,0.02207,0.1954697303026674,0.0378247459614652,0.0374406540757777,GPR
0.105,1.5714,40.0,10,SC,0.032286,0.020794,0.218338456582856,0.0433560907810373,0.0423157014338971,GPR
0.115714,1.5714,40.0,10,SC,0.029301,0.019734,0.2416771621073271,0.0492434037935011,0.0474146302078575,GPR
0.126429,1.5714,40.0,10,SC,0.026883,0.018844,0.2655195274429045,0.0555127379871405,0.0527585182943906,GPR
0.137143,1.5714,40.0,10,SC,0.024945,0.018091,0.2898929889554009,0.0621896940324536,0.0583679749887721,GPR
0.147857,1.5714,40.0,10,SC,0.023398,0.01745,0.3148316088633973,0.0693023202596536,0.0642656499918911,GPR
0.158571,1.5714,40.0,10,SC,0.022158,0.016903,0.3403667345946098,0.0768781438068387,0.0704737443187441,GPR
0.169286,1.5714,40.0,10,SC,0.021161,0.016436,0.3665311724803841,0.0849447992251045,0.077014574771215,GPR
0.18,1.5714,40.0,10,SC,0.020359,0.016036,0.3933488582912199,0.0935262224977547,0.0839075324330423,GPR
0.03,1.75,40.0,10,SC,0.125865,0.049973,0.0665301360208154,0.0109701336217035,0.011967370308351,GPR
0.040714,1.75,40.0,10,SC,0.102355,0.04136,0.0871591469673739,0.0147691118431046,0.0158255560173288,GPR
0.051429,1.75,40.0,10,SC,0.08796,0.035877,0.1081048454087395,0.0188236042560309,0.0198265841754177,GPR
0.062143,1.75,40.0,10,SC,0.076385,0.032015,0.1293833589694963,0.023142101375831,0.0239770167693537,GPR
0.072857,1.75,40.0,10,SC,0.065856,0.02913,0.151019443555247,0.0277374565718414,0.0282872599342008,GPR
0.083571,1.75,40.0,10,SC,0.05775,0.026888,0.1730383892289127,0.0326253053024461,0.0327699652934809,GPR
0.094286,1.75,40.0,10,SC,0.051902,0.025099,0.1954697303026674,0.0378247459614652,0.0374406540757777,GPR
0.105,1.75,40.0,10,SC,0.047289,0.023641,0.218338456582856,0.0433560907810373,0.0423157014338971,GPR
0.115714,1.75,40.0,10,SC,0.043366,0.022437,0.2416771621073271,0.0492434037935011,0.0474146302078575,GPR
0.126429,1.75,40.0,10,SC,0.039982,0.02143,0.2655195274429045,0.0555127379871405,0.0527585182943906,GPR
0.137143,1.75,40.0,10,SC,0.037153,0.020582,0.2898929889554009,0.0621896940324536,0.0583679749887721,GPR
0.147857,1.75,40.0,10,SC,0.034861,0.019864,0.3148316088633973,0.0693023202596536,0.0642656499918911,GPR
0.158571,1.75,40.0,10,SC,0.033025,0.019253,0.3403667345946098,0.0768781438068387,0.0704737443187441,GPR
0.169286,1.75,40.0,10,SC,0.031554,0.018733,0.3665311724803841,0.0849447992251045,0.077014574771215,GPR
0.18,1.75,40.0,10,SC,0.030375,0.018291,0.3933488582912199,0.0935262224977547,0.0839075324330423,GPR
0.03,1.9286,40.0,10,SC,0.151064,0.062002,0.0665301360208154,0.0109701336217035,0.011967370308351,GPR
0.040714,1.9286,40.0,10,SC,0.129854,0.049183,0.0871591469673739,0.0147691118431046,0.0158255560173288,GPR
0.051429,1.9286,40.0,10,SC,0.109652,0.041849,0.1081048454087395,0.0188236042560309,0.0198265841754177,GPR
0.062143,1.9286,40.0,10,SC,0.095962,0.036961,0.1293833589694963,0.023142101375831,0.0239770167693537,GPR
0.072857,1.9286,40.0,10,SC,0.086442,0.033427,0.151019443555247,0.0277374565718414,0.0282872599342008,GPR
0.083571,1.9286,40.0,10,SC,0.078677,0.030739,0.1730383892289127,0.0326253053024461,0.0327699652934809,GPR
0.094286,1.9286,40.0,10,SC,0.071645,0.028626,0.1954697303026674,0.0378247459614652,0.0374406540757777,GPR
0.105,1.9286,40.0,10,SC,0.065195,0.026925,0.218338456582856,0.0433560907810373,0.0423157014338971,GPR
0.115714,1.9286,40.0,10,SC,0.059747,0.025531,0.2416771621073271,0.0492434037935011,0.0474146302078575,GPR
0.126429,1.9286,40.0,10,SC,0.055472,0.024375,0.2655195274429045,0.0555127379871405,0.0527585182943906,GPR
0.137143,1.9286,40.0,10,SC,0.05215,0.023407,0.2898929889554009,0.0621896940324536,0.0583679749887721,GPR
0.147857,1.9286,40.0,10,SC,0.049512,0.022593,0.3148316088633973,0.0693023202596536,0.0642656499918911,GPR
0.158571,1.9286,40.0,10,SC,0.047373,0.021905,0.3403667345946098,0.0768781438068387,0.0704737443187441,GPR
0.169286,1.9286,40.0,10,SC,0.045619,0.021323,0.3665311724803841,0.0849447992251045,0.077014574771215,GPR
0.18,1.9286,40.0,10,SC,0.04418,0.020832,0.3933488582912199,0.0935262224977547,0.0839075324330423,GPR
0.03,2.1071,40.0,10,SC,0.169935,0.086918,0.0665301360208154,0.0109701336217035,0.011967370308351,GPR
0.040714,2.1071,40.0,10,SC,0.151968,0.061798,0.0871591469673739,0.0147691118431046,0.0158255560173288,GPR
0.051429,2.1071,40.0,10,SC,0.136474,0.050433,0.1081048454087395,0.0188236042560309,0.0198265841754177,GPR
0.062143,2.1071,40.0,10,SC,0.12105,0.043614,0.1293833589694963,0.023142101375831,0.0239770167693537,GPR
0.072857,2.1071,40.0,10,SC,0.107065,0.038966,0.151019443555247,0.0277374565718414,0.0282872599342008,GPR
0.083571,2.1071,40.0,10,SC,0.096929,0.035563,0.1730383892289127,0.0326253053024461,0.0327699652934809,GPR
0.094286,2.1071,40.0,10,SC,0.089614,0.032954,0.1954697303026674,0.0378247459614652,0.0374406540757777,GPR
0.105,2.1071,40.0,10,SC,0.083895,0.030892,0.218338456582856,0.0433560907810373,0.0423157014338971,GPR
0.115714,2.1071,40.0,10,SC,0.079138,0.029228,0.2416771621073271,0.0492434037935011,0.0474146302078575,GPR
0.126429,2.1071,40.0,10,SC,0.075024,0.027864,0.2655195274429045,0.0555127379871405,0.0527585182943906,GPR
0.137143,2.1071,40.0,10,SC,0.071393,0.026734,0.2898929889554009,0.0621896940324536,0.0583679749887721,GPR
0.147857,2.1071,40.0,10,SC,0.068179,0.025791,0.3148316088633973,0.0693023202596536,0.0642656499918911,GPR
0.158571,2.1071,40.0,10,SC,0.06537,0.025002,0.3403667345946098,0.0768781438068387,0.0704737443187441,GPR
0.169286,2.1071,40.0,10,SC,0.06297,0.024342,0.3665311724803841,0.0849447992251045,0.077014574771215,GPR
0.18,2.1071,40.0,10,SC,0.060978,0.023791,0.3933488582912199,0.0935262224977547,0.0839075324330423,GPR
0.03,2.2857,40.0,10,SC,0.189803,0.190817,0.0665301360208154,0.0109701336217035,0.011967370308351,GPR
0.040714,2.2857,40.0,10,SC,0.169737,0.089479,0.0871591469673739,0.0147691118431046,0.0158255560173288,GPR
0.051429,2.2857,40.0,10,SC,0.155313,0.065198,0.1081048454087395,0.0188236042560309,0.0198265841754177,GPR
0.062143,2.2857,40.0,10,SC,0.143416,0.053777,0.1293833589694963,0.023142101375831,0.0239770167693537,GPR
0.072857,2.2857,40.0,10,SC,0.132626,0.046855,0.151019443555247,0.0277374565718414,0.0282872599342008,GPR
0.083571,2.2857,40.0,10,SC,0.12213,0.042122,0.1730383892289127,0.0326253053024461,0.0327699652934809,GPR
0.094286,2.2857,40.0,10,SC,0.112061,0.038655,0.1954697303026674,0.0378247459614652,0.0374406540757777,GPR
0.105,2.2857,40.0,10,SC,0.103491,0.036,0.218338456582856,0.0433560907810373,0.0423157014338971,GPR
0.115714,2.2857,40.0,10,SC,0.096853,0.033907,0.2416771621073271,0.0492434037935011,0.0474146302078575,GPR
0.126429,2.2857,40.0,10,SC,0.091752,0.032224,0.2655195274429045,0.0555127379871405,0.0527585182943906,GPR
0.137143,2.2857,40.0,10,SC,0.087727,0.030852,0.2898929889554009,0.0621896940324536,0.0583679749887721,GPR
0.147857,2.2857,40.0,10,SC,0.084468,0.029723,0.3148316088633973,0.0693023202596536,0.0642656499918911,GPR
0.158571,2.2857,40.0,10,SC,0.081788,0.028791,0.3403667345946098,0.0768781438068387,0.0704737443187441,GPR
0.169286,2.2857,40.0,10,SC,0.079568,0.028022,0.3665311724803841,0.0849447992251045,0.077014574771215,GPR
0.18,2.2857,40.0,10,SC,0.077734,0.027391,0.3933488582912199,0.0935262224977547,0.0839075324330423,GPR
0.03,2.4643,40.0,10,SC,0.213884,0.424738,0.0665301360208154,0.0109701336217035,0.011967370308351,GPR
0.040714,2.4643,40.0,10,SC,0.189452,0.214369,0.0871591469673739,0.0147691118431046,0.0158255560173288,GPR
0.051429,2.4643,40.0,10,SC,0.172488,0.103245,0.1081048454087395,0.0188236042560309,0.0198265841754177,GPR
0.062143,2.4643,40.0,10,SC,0.160205,0.073458,0.1293833589694963,0.023142101375831,0.0239770167693537,GPR
0.072857,2.4643,40.0,10,SC,0.150378,0.060128,0.151019443555247,0.0277374565718414,0.0282872599342008,GPR
0.083571,2.4643,40.0,10,SC,0.142019,0.052281,0.1730383892289127,0.0326253053024461,0.0327699652934809,GPR
0.094286,2.4643,40.0,10,SC,0.134605,0.047018,0.1954697303026674,0.0378247459614652,0.0374406540757777,GPR
0.105,2.4643,40.0,10,SC,0.127818,0.043217,0.218338456582856,0.0433560907810373,0.0423157014338971,GPR
0.115714,2.4643,40.0,10,SC,0.121491,0.040343,0.2416771621073271,0.0492434037935011,0.0474146302078575,GPR
0.126429,2.4643,40.0,10,SC,0.115609,0.038103,0.2655195274429045,0.0555127379871405,0.0527585182943906,GPR
0.137143,2.4643,40.0,10,SC,0.110286,0.036322,0.2898929889554009,0.0621896940324536,0.0583679749887721,GPR
0.147857,2.4643,40.0,10,SC,0.105665,0.03489,0.3148316088633973,0.0693023202596536,0.0642656499918911,GPR
0.158571,2.4643,40.0,10,SC,0.101804,0.033731,0.3403667345946098,0.0768781438068387,0.0704737443187441,GPR
0.169286,2.4643,40.0,10,SC,0.098669,0.032793,0.3665311724803841,0.0849447992251045,0.077014574771215,GPR
0.18,2.4643,40.0,10,SC,0.096176,0.03204,0.3933488582912199,0.0935262224977547,0.0839075324330423,GPR
0.03,2.6429,40.0,10,SC,0.232902,0.503484,0.0665301360208154,0.0109701336217035,0.011967370308351,GPR
0.040714,2.6429,40.0,10,SC,0.213086,0.407687,0.0871591469673739,0.0147691118431046,0.0158255560173288,GPR
0.051429,2.6429,40.0,10,SC,0.193124,0.254415,0.1081048454087395,0.0188236042560309,0.0198265841754177,GPR
0.062143,2.6429,40.0,10,SC,0.177775,0.144524,0.1293833589694963,0.023142101375831,0.0239770167693537,GPR
0.072857,2.6429,40.0,10,SC,0.166573,0.092336,0.151019443555247,0.0277374565718414,0.0282872599342008,GPR
0.083571,2.6429,40.0,10,SC,0.157839,0.072484,0.1730383892289127,0.0326253053024461,0.0327699652934809,GPR
0.094286,2.6429,40.0,10,SC,0.15066,0.061866,0.1954697303026674,0.0378247459614652,0.0374406540757777,GPR
0.105,2.6429,40.0,10,SC,0.144568,0.055136,0.218338456582856,0.0433560907810373,0.0423157014338971,GPR
0.115714,2.6429,40.0,10,SC,0.139299,0.050461,0.2416771621073271,0.0492434037935011,0.0474146302078575,GPR
0.126429,2.6429,40.0,10,SC,0.134694,0.047029,0.2655195274429045,0.0555127379871405,0.0527585182943906,GPR
0.137143,2.6429,40.0,10,SC,0.130651,0.044422,0.2898929889554009,0.0621896940324536,0.0583679749887721,GPR
0.147857,2.6429,40.0,10,SC,0.127107,0.042401,0.3148316088633973,0.0693023202596536,0.0642656499918911,GPR
0.158571,2.6429,40.0,10,SC,0.124026,0.040818,0.3403667345946098,0.0768781438068387,0.0704737443187441,GPR
0.169286,2.6429,40.0,10,SC,0.121382,0.039577,0.3665311724803841,0.0849447992251045,0.077014574771215,GPR
0.18,2.6429,40.0,10,SC,0.11916,0.038613,0.3933488582912199,0.0935262224977547,0.0839075324330423,GPR
0.03,2.8214,40.0,10,SC,0.245077,0.408155,0.0665301360208154,0.0109701336217035,0.011967370308351,GPR
0.040714,2.8214,40.0,10,SC,0.230787,0.56156,0.0871591469673739,0.0147691118431046,0.0158255560173288,GPR
0.051429,2.8214,40.0,10,SC,0.215753,0.336244,0.1081048454087395,0.0188236042560309,0.0198265841754177,GPR
0.062143,2.8214,40.0,10,SC,0.200059,0.369934,0.1293833589694963,0.023142101375831,0.0239770167693537,GPR
0.072857,2.8214,40.0,10,SC,0.186012,0.23347,0.151019443555247,0.0277374565718414,0.0282872599342008,GPR
0.083571,2.8214,40.0,10,SC,0.175073,0.151256,0.1730383892289127,0.0326253053024461,0.0327699652934809,GPR
0.094286,2.8214,40.0,10,SC,0.166647,0.10351,0.1954697303026674,0.0378247459614652,0.0374406540757777,GPR
0.105,2.8214,40.0,10,SC,0.15992,0.082653,0.218338456582856,0.0433560907810373,0.0423157014338971,GPR
0.115714,2.8214,40.0,10,SC,0.154376,0.071218,0.2416771621073271,0.0492434037935011,0.0474146302078575,GPR
0.126429,2.8214,40.0,10,SC,0.149715,0.063985,0.2655195274429045,0.0555127379871405,0.0527585182943906,GPR
0.137143,2.8214,40.0,10,SC,0.145753,0.059022,0.2898929889554009,0.0621896940324536,0.0583679749887721,GPR
0.147857,2.8214,40.0,10,SC,0.142368,0.055453,0.3148316088633973,0.0693023202596536,0.0642656499918911,GPR
0.158571,2.8214,40.0,10,SC,0.139481,0.052821,0.3403667345946098,0.0768781438068387,0.0704737443187441,GPR
0.169286,2.8214,40.0,10,SC,0.13703,0.050867,0.3665311724803841,0.0849447992251045,0.077014574771215,GPR
0.18,2.8214,40.0,10,SC,0.134971,0.049432,0.3933488582912199,0.0935262224977547,0.0839075324330423,GPR
0.03,3.0,40.0,10,SC,0.253906,0.443371,0.0665301360208154,0.0109701336217035,0.011967370308351,GPR
0.040714,3.0,40.0,10,SC,0.242342,0.373945,0.0871591469673739,0.0147691118431046,0.0158255560173288,GPR
0.051429,3.0,40.0,10,SC,0.231107,0.705137,0.1081048454087395,0.0188236042560309,0.0198265841754177,GPR
0.062143,3.0,40.0,10,SC,0.219912,0.357761,0.1293833589694963,0.023142101375831,0.0239770167693537,GPR
0.072857,3.0,40.0,10,SC,0.208518,0.355437,0.151019443555247,0.0277374565718414,0.0282872599342008,GPR
0.083571,3.0,40.0,10,SC,0.19722,0.386281,0.1730383892289127,0.0326253053024461,0.0327699652934809,GPR
0.094286,3.0,40.0,10,SC,0.18696,0.255729,0.1954697303026674,0.0378247459614652,0.0374406540757777,GPR
0.105,3.0,40.0,10,SC,0.178414,0.212199,0.218338456582856,0.0433560907810373,0.0423157014338971,GPR
0.115714,3.0,40.0,10,SC,0.171534,0.159238,0.2416771621073271,0.0492434037935011,0.0474146302078575,GPR
0.126429,3.0,40.0,10,SC,0.165981,0.122123,0.2655195274429045,0.0555127379871405,0.0527585182943906,GPR
0.137143,3.0,40.0,10,SC,0.161441,0.101816,0.2898929889554009,0.0621896940324536,0.0583679749887721,GPR
0.147857,3.0,40.0,10,SC,0.157691,0.0899,0.3148316088633973,0.0693023202596536,0.0642656499918911,GPR
0.158571,3.0,40.0,10,SC,0.154579,0.082371,0.3403667345946098,0.0768781438068387,0.0704737443187441,GPR
0.169286,3.0,40.0,10,SC,0.152001,0.077428,0.3665311724803841,0.0849447992251045,0.077014574771215,GPR
0.18,3.0,40.0,10,SC,0.149885,0.074188,0.3933488582912199,0.0935262224977547,0.0839075324330423,GPR
0.03,0.5,10.0,15,SC,0.678054,0.613467,0.0665301360208154,0.0109701336217035,0.011967370308351,GPR
0.040714,0.5,10.0,15,SC,0.647671,0.595986,0.0871591469673739,0.0147691118431046,0.0158255560173288,GPR
0.051429,0.5,10.0,15,SC,0.622584,0.621898,0.1081048454087395,0.0188236042560309,0.0198265841754177,GPR
0.062143,0.5,10.0,15,SC,0.599695,0.643091,0.1293833589694963,0.023142101375831,0.0239770167693537,GPR
0.072857,0.5,10.0,15,SC,0.579733,0.638675,0.151019443555247,0.0277374565718414,0.0282872599342008,GPR
0.083571,0.5,10.0,15,SC,0.562312,0.615076,0.1730383892289127,0.0326253053024461,0.0327699652934809,GPR
0.094286,0.5,10.0,15,SC,0.546627,0.585803,0.1954697303026674,0.0378247459614652,0.0374406540757777,GPR
0.105,0.5,10.0,15,SC,0.532391,0.55906,0.218338456582856,0.0433560907810373,0.0423157014338971,GPR
0.115714,0.5,10.0,15,SC,0.519512,0.537494,0.2416771621073271,0.0492434037935011,0.0474146302078575,GPR
0.126429,0.5,10.0,15,SC,0.507864,0.520953,0.2655195274429045,0.0555127379871405,0.0527585182943906,GPR
0.137143,0.5,10.0,15,SC,0.497304,0.508366,0.2898929889554009,0.0621896940324536,0.0583679749887721,GPR
0.147857,0.5,10.0,15,SC,0.487712,0.498585,0.3148316088633973,0.0693023202596536,0.0642656499918911,GPR
0.158571,0.5,10.0,15,SC,0.478994,0.490679,0.3403667345946098,0.0768781438068387,0.0704737443187441,GPR
0.169286,0.5,10.0,15,SC,0.471078,0.483983,0.3665311724803841,0.0849447992251045,0.077014574771215,GPR
0.18,0.5,10.0,15,SC,0.463898,0.478057,0.3933488582912199,0.0935262224977547,0.0839075324330423,GPR
0.03,0.6786,10.0,15,SC,0.720794,0.836968,0.0665301360208154,0.0109701336217035,0.011967370308351,GPR
0.040714,0.6786,10.0,15,SC,0.711955,0.944226,0.0871591469673739,0.0147691118431046,0.0158255560173288,GPR
0.051429,0.6786,10.0,15,SC,0.701047,0.915453,0.1081048454087395,0.0188236042560309,0.0198265841754177,GPR
0.062143,0.6786,10.0,15,SC,0.692468,0.822677,0.1293833589694963,0.023142101375831,0.0239770167693537,GPR
0.072857,0.6786,10.0,15,SC,0.684693,0.729796,0.151019443555247,0.0277374565718414,0.0282872599342008,GPR
0.083571,0.6786,10.0,15,SC,0.675251,0.657126,0.1730383892289127,0.0326253053024461,0.0327699652934809,GPR
0.094286,0.6786,10.0,15,SC,0.664155,0.604988,0.1954697303026674,0.0378247459614652,0.0374406540757777,GPR
0.105,0.6786,10.0,15,SC,0.652552,0.568931,0.218338456582856,0.0433560907810373,0.0423157014338971,GPR
0.115714,0.6786,10.0,15,SC,0.641345,0.54449,0.2416771621073271,0.0492434037935011,0.0474146302078575,GPR
0.126429,0.6786,10.0,15,SC,0.630975,0.528137,0.2655195274429045,0.0555127379871405,0.0527585182943906,GPR
0.137143,0.6786,10.0,15,SC,0.62157,0.517248,0.2898929889554009,0.0621896940324536,0.0583679749887721,GPR
0.147857,0.6786,10.0,15,SC,0.613093,0.509908,0.3148316088633973,0.0693023202596536,0.0642656499918911,GPR
0.158571,0.6786,10.0,15,SC,0.605441,0.504738,0.3403667345946098,0.0768781438068387,0.0704737443187441,GPR
0.169286,0.6786,10.0,15,SC,0.598503,0.500766,0.3665311724803841,0.0849447992251045,0.077014574771215,GPR
0.18,0.6786,10.0,15,SC,0.592179,0.497332,0.3933488582912199,0.0935262224977547,0.0839075324330423,GPR
0.03,0.8571,10.0,15,SC,0.636832,0.404316,0.0665301360208154,0.0109701336217035,0.011967370308351,GPR
0.040714,0.8571,10.0,15,SC,0.649926,0.438718,0.0871591469673739,0.0147691118431046,0.0158255560173288,GPR
0.051429,0.8571,10.0,15,SC,0.663888,0.488085,0.1081048454087395,0.0188236042560309,0.0198265841754177,GPR
0.062143,0.8571,10.0,15,SC,0.676374,0.549286,0.1293833589694963,0.023142101375831,0.0239770167693537,GPR
0.072857,0.8571,10.0,15,SC,0.684112,0.617729,0.151019443555247,0.0277374565718414,0.0282872599342008,GPR
0.083571,0.8571,10.0,15,SC,0.686821,0.687591,0.1730383892289127,0.0326253053024461,0.0327699652934809,GPR
0.094286,0.8571,10.0,15,SC,0.685995,0.752856,0.1954697303026674,0.0378247459614652,0.0374406540757777,GPR
0.105,0.8571,10.0,15,SC,0.6831,0.808697,0.218338456582856,0.0433560907810373,0.0423157014338971,GPR
0.115714,0.8571,10.0,15,SC,0.679129,0.852478,0.2416771621073271,0.0492434037935011,0.0474146302078575,GPR
0.126429,0.8571,10.0,15,SC,0.674679,0.883889,0.2655195274429045,0.0555127379871405,0.0527585182943906,GPR
0.137143,0.8571,10.0,15,SC,0.670094,0.904344,0.2898929889554009,0.0621896940324536,0.0583679749887721,GPR
0.147857,0.8571,10.0,15,SC,0.665563,0.916094,0.3148316088633973,0.0693023202596536,0.0642656499918911,GPR
0.158571,0.8571,10.0,15,SC,0.661187,0.921489,0.3403667345946098,0.0768781438068387,0.0704737443187441,GPR
0.169286,0.8571,10.0,15,SC,0.657018,0.922523,0.3665311724803841,0.0849447992251045,0.077014574771215,GPR
0.18,0.8571,10.0,15,SC,0.653081,0.920649,0.3933488582912199,0.0935262224977547,0.0839075324330423,GPR
0.03,1.0357,10.0,15,SC,0.565005,0.386588,0.0665301360208154,0.0109701336217035,0.011967370308351,GPR
0.040714,1.0357,10.0,15,SC,0.581344,0.372656,0.0871591469673739,0.0147691118431046,0.0158255560173288,GPR
0.051429,1.0357,10.0,15,SC,0.591905,0.364569,0.1081048454087395,0.0188236042560309,0.0198265841754177,GPR
0.062143,1.0357,10.0,15,SC,0.59893,0.361006,0.1293833589694963,0.023142101375831,0.0239770167693537,GPR
0.072857,1.0357,10.0,15,SC,0.603763,0.360802,0.151019443555247,0.0277374565718414,0.0282872599342008,GPR
0.083571,1.0357,10.0,15,SC,0.607213,0.362962,0.1730383892289127,0.0326253053024461,0.0327699652934809,GPR
0.094286,1.0357,10.0,15,SC,0.609758,0.366634,0.1954697303026674,0.0378247459614652,0.0374406540757777,GPR
0.105,1.0357,10.0,15,SC,0.611663,0.37109,0.218338456582856,0.0433560907810373,0.0423157014338971,GPR
0.115714,1.0357,10.0,15,SC,0.613061,0.375716,0.2416771621073271,0.0492434037935011,0.0474146302078575,GPR
0.126429,1.0357,10.0,15,SC,0.614006,0.38001,0.2655195274429045,0.0555127379871405,0.0527585182943906,GPR
0.137143,1.0357,10.0,15,SC,0.614513,0.383576,0.2898929889554009,0.0621896940324536,0.0583679749887721,GPR
0.147857,1.0357,10.0,15,SC,0.614585,0.38613,0.3148316088633973,0.0693023202596536,0.0642656499918911,GPR
0.158571,1.0357,10.0,15,SC,0.614231,0.38749,0.3403667345946098,0.0768781438068387,0.0704737443187441,GPR
0.169286,1.0357,10.0,15,SC,0.613475,0.387575,0.3665311724803841,0.0849447992251045,0.077014574771215,GPR
0.18,1.0357,10.0,15,SC,0.612359,0.386394,0.3933488582912199,0.0935262224977547,0.0839075324330423,GPR
0.03,1.2143,10.0,15,SC,0.458217,0.45845,0.0665301360208154,0.0109701336217035,0.011967370308351,GPR
0.040714,1.2143,10.0,15,SC,0.483525,0.438727,0.0871591469673739,0.0147691118431046,0.0158255560173288,GPR
0.051429,1.2143,10.0,15,SC,0.504425,0.421537,0.1081048454087395,0.0188236042560309,0.0198265841754177,GPR
0.062143,1.2143,10.0,15,SC,0.520921,0.4072,0.1293833589694963,0.023142101375831,0.0239770167693537,GPR
0.072857,1.2143,10.0,15,SC,0.533662,0.395542,0.151019443555247,0.0277374565718414,0.0282872599342008,GPR
0.083571,1.2143,10.0,15,SC,0.543441,0.386228,0.1730383892289127,0.0326253053024461,0.0327699652934809,GPR
0.094286,1.2143,10.0,15,SC,0.550953,0.378902,0.1954697303026674,0.0378247459614652,0.0374406540757777,GPR
0.105,1.2143,10.0,15,SC,0.55674,0.373238,0.218338456582856,0.0433560907810373,0.0423157014338971,GPR
0.115714,1.2143,10.0,15,SC,0.561208,0.368968,0.2416771621073271,0.0492434037935011,0.0474146302078575,GPR
0.126429,1.2143,10.0,15,SC,0.564654,0.36588,0.2655195274429045,0.0555127379871405,0.0527585182943906,GPR
0.137143,1.2143,10.0,15,SC,0.567292,0.363818,0.2898929889554009,0.0621896940324536,0.0583679749887721,GPR
0.147857,1.2143,10.0,15,SC,0.569283,0.362678,0.3148316088633973,0.0693023202596536,0.0642656499918911,GPR
0.158571,1.2143,10.0,15,SC,0.570736,0.362402,0.3403667345946098,0.0768781438068387,0.0704737443187441,GPR
0.169286,1.2143,10.0,15,SC,0.571731,0.362973,0.3665311724803841,0.0849447992251045,0.077014574771215,GPR
0.18,1.2143,10.0,15,SC,0.572314,0.364416,0.3933488582912199,0.0935262224977547,0.0839075324330423,GPR
0.03,1.3929,10.0,15,SC,0.374323,0.518732,0.0665301360208154,0.0109701336217035,0.011967370308351,GPR
0.040714,1.3929,10.0,15,SC,0.389809,0.516186,0.0871591469673739,0.0147691118431046,0.0158255560173288,GPR
0.051429,1.3929,10.0,15,SC,0.403737,0.510522,0.1081048454087395,0.0188236042560309,0.0198265841754177,GPR
0.062143,1.3929,10.0,15,SC,0.416271,0.503775,0.1293833589694963,0.023142101375831,0.0239770167693537,GPR
0.072857,1.3929,10.0,15,SC,0.427469,0.497179,0.151019443555247,0.0277374565718414,0.0282872599342008,GPR
0.083571,1.3929,10.0,15,SC,0.437339,0.491444,0.1730383892289127,0.0326253053024461,0.0327699652934809,GPR
0.094286,1.3929,10.0,15,SC,0.445882,0.486966,0.1954697303026674,0.0378247459614652,0.0374406540757777,GPR
0.105,1.3929,10.0,15,SC,0.453111,0.483961,0.218338456582856,0.0433560907810373,0.0423157014338971,GPR
0.115714,1.3929,10.0,15,SC,0.459065,0.482546,0.2416771621073271,0.0492434037935011,0.0474146302078575,GPR
0.126429,1.3929,10.0,15,SC,0.463799,0.482793,0.2655195274429045,0.0555127379871405,0.0527585182943906,GPR
0.137143,1.3929,10.0,15,SC,0.467382,0.484762,0.2898929889554009,0.0621896940324536,0.0583679749887721,GPR
0.147857,1.3929,10.0,15,SC,0.469893,0.488513,0.3148316088633973,0.0693023202596536,0.0642656499918911,GPR
0.158571,1.3929,10.0,15,SC,0.471418,0.494125,0.3403667345946098,0.0768781438068387,0.0704737443187441,GPR
0.169286,1.3929,10.0,15,SC,0.472053,0.501693,0.3665311724803841,0.0849447992251045,0.077014574771215,GPR
0.18,1.3929,10.0,15,SC,0.471903,0.51134,0.3933488582912199,0.0935262224977547,0.0839075324330423,GPR
0.03,1.5714,10.0,15,SC,0.322596,0.494726,0.0665301360208154,0.0109701336217035,0.011967370308351,GPR
0.040714,1.5714,10.0,15,SC,0.334539,0.515497,0.0871591469673739,0.0147691118431046,0.0158255560173288,GPR
0.051429,1.5714,10.0,15,SC,0.344976,0.531537,0.1081048454087395,0.0188236042560309,0.0198265841754177,GPR
0.062143,1.5714,10.0,15,SC,0.354128,0.544181,0.1293833589694963,0.023142101375831,0.0239770167693537,GPR
0.072857,1.5714,10.0,15,SC,0.362168,0.554583,0.151019443555247,0.0277374565718414,0.0282872599342008,GPR
0.083571,1.5714,10.0,15,SC,0.369229,0.563682,0.1730383892289127,0.0326253053024461,0.0327699652934809,GPR
0.094286,1.5714,10.0,15,SC,0.37542,0.572211,0.1954697303026674,0.0378247459614652,0.0374406540757777,GPR
0.105,1.5714,10.0,15,SC,0.380835,0.580728,0.218338456582856,0.0433560907810373,0.0423157014338971,GPR
0.115714,1.5714,10.0,15,SC,0.385557,0.589648,0.2416771621073271,0.0492434037935011,0.0474146302078575,GPR
0.126429,1.5714,10.0,15,SC,0.389664,0.599266,0.2655195274429045,0.0555127379871405,0.0527585182943906,GPR
0.137143,1.5714,10.0,15,SC,0.393229,0.609778,0.2898929889554009,0.0621896940324536,0.0583679749887721,GPR
0.147857,1.5714,10.0,15,SC,0.396324,0.621289,0.3148316088633973,0.0693023202596536,0.0642656499918911,GPR
0.158571,1.5714,10.0,15,SC,0.399017,0.633813,0.3403667345946098,0.0768781438068387,0.0704737443187441,GPR
0.169286,1.5714,10.0,15,SC,0.401374,0.647264,0.3665311724803841,0.0849447992251045,0.077014574771215,GPR
0.18,1.5714,10.0,15,SC,0.403456,0.661441,0.3933488582912199,0.0935262224977547,0.0839075324330423,GPR
0.03,0.5,13.3333,15,SC,0.534399,0.578744,0.0665301360208154,0.0109701336217035,0.011967370308351,GPR
0.040714,0.5,13.3333,15,SC,0.482969,0.54575,0.0871591469673739,0.0147691118431046,0.0158255560173288,GPR
0.051429,0.5,13.3333,15,SC,0.438955,0.52053,0.1081048454087395,0.0188236042560309,0.0198265841754177,GPR
0.062143,0.5,13.3333,15,SC,0.402353,0.487979,0.1293833589694963,0.023142101375831,0.0239770167693537,GPR
0.072857,0.5,13.3333,15,SC,0.372107,0.463407,0.151019443555247,0.0277374565718414,0.0282872599342008,GPR
0.083571,0.5,13.3333,15,SC,0.346969,0.44399,0.1730383892289127,0.0326253053024461,0.0327699652934809,GPR
0.094286,0.5,13.3333,15,SC,0.325909,0.425832,0.1954697303026674,0.0378247459614652,0.0374406540757777,GPR
0.105,0.5,13.3333,15,SC,0.308136,0.408944,0.218338456582856,0.0433560907810373,0.0423157014338971,GPR
0.115714,0.5,13.3333,15,SC,0.293042,0.393956,0.2416771621073271,0.0492434037935011,0.0474146302078575,GPR
0.126429,0.5,13.3333,15,SC,0.280157,0.380852,0.2655195274429045,0.0555127379871405,0.0527585182943906,GPR
0.137143,0.5,13.3333,15,SC,0.26911,0.369316,0.2898929889554009,0.0621896940324536,0.0583679749887721,GPR
0.147857,0.5,13.3333,15,SC,0.259612,0.359063,0.3148316088633973,0.0693023202596536,0.0642656499918911,GPR
0.158571,0.5,13.3333,15,SC,0.251429,0.349914,0.3403667345946098,0.0768781438068387,0.0704737443187441,GPR
0.169286,0.5,13.3333,15,SC,0.244377,0.341756,0.3665311724803841,0.0849447992251045,0.077014574771215,GPR
0.18,0.5,13.3333,15,SC,0.238304,0.334505,0.3933488582912199,0.0935262224977547,0.0839075324330423,GPR
0.03,0.6786,13.3333,15,SC,0.655743,0.628778,0.0665301360208154,0.0109701336217035,0.011967370308351,GPR
0.040714,0.6786,13.3333,15,SC,0.630283,0.577587,0.0871591469673739,0.0147691118431046,0.0158255560173288,GPR
0.051429,0.6786,13.3333,15,SC,0.604635,0.624065,0.1081048454087395,0.0188236042560309,0.0198265841754177,GPR
0.062143,0.6786,13.3333,15,SC,0.58054,0.665725,0.1293833589694963,0.023142101375831,0.0239770167693537,GPR
0.072857,0.6786,13.3333,15,SC,0.557675,0.646659,0.151019443555247,0.0277374565718414,0.0282872599342008,GPR
0.083571,0.6786,13.3333,15,SC,0.53644,0.596918,0.1730383892289127,0.0326253053024461,0.0327699652934809,GPR
0.094286,0.6786,13.3333,15,SC,0.516861,0.553225,0.1954697303026674,0.0378247459614652,0.0374406540757777,GPR
0.105,0.6786,13.3333,15,SC,0.499009,0.525703,0.218338456582856,0.0433560907810373,0.0423157014338971,GPR
0.115714,0.6786,13.3333,15,SC,0.482848,0.511606,0.2416771621073271,0.0492434037935011,0.0474146302078575,GPR
0.126429,0.6786,13.3333,15,SC,0.468311,0.505624,0.2655195274429045,0.0555127379871405,0.0527585182943906,GPR
0.137143,0.6786,13.3333,15,SC,0.455305,0.503289,0.2898929889554009,0.0621896940324536,0.0583679749887721,GPR
0.147857,0.6786,13.3333,15,SC,0.443731,0.501735,0.3148316088633973,0.0693023202596536,0.0642656499918911,GPR
0.158571,0.6786,13.3333,15,SC,0.433483,0.499562,0.3403667345946098,0.0768781438068387,0.0704737443187441,GPR
0.169286,0.6786,13.3333,15,SC,0.424458,0.496371,0.3665311724803841,0.0849447992251045,0.077014574771215,GPR
0.18,0.6786,13.3333,15,SC,0.416554,0.49229,0.3933488582912199,0.0935262224977547,0.0839075324330423,GPR
0.03,0.8571,13.3333,15,SC,0.691358,0.681416,0.0665301360208154,0.0109701336217035,0.011967370308351,GPR
0.040714,0.8571,13.3333,15,SC,0.675575,0.872635,0.0871591469673739,0.0147691118431046,0.0158255560173288,GPR
0.051429,0.8571,13.3333,15,SC,0.665154,0.890785,0.1081048454087395,0.0188236042560309,0.0198265841754177,GPR
0.062143,0.8571,13.3333,15,SC,0.6544,0.773291,0.1293833589694963,0.023142101375831,0.0239770167693537,GPR
0.072857,0.8571,13.3333,15,SC,0.641011,0.657026,0.151019443555247,0.0277374565718414,0.0282872599342008,GPR
0.083571,0.8571,13.3333,15,SC,0.628568,0.580621,0.1730383892289127,0.0326253053024461,0.0327699652934809,GPR
0.094286,0.8571,13.3333,15,SC,0.617838,0.538352,0.1954697303026674,0.0378247459614652,0.0374406540757777,GPR
0.105,0.8571,13.3333,15,SC,0.60768,0.519451,0.218338456582856,0.0433560907810373,0.0423157014338971,GPR
0.115714,0.8571,13.3333,15,SC,0.597595,0.515486,0.2416771621073271,0.0492434037935011,0.0474146302078575,GPR
0.126429,0.8571,13.3333,15,SC,0.587861,0.520338,0.2655195274429045,0.0555127379871405,0.0527585182943906,GPR
0.137143,0.8571,13.3333,15,SC,0.578766,0.529527,0.2898929889554009,0.0621896940324536,0.0583679749887721,GPR
0.147857,0.8571,13.3333,15,SC,0.570402,0.539833,0.3148316088633973,0.0693023202596536,0.0642656499918911,GPR
0.158571,0.8571,13.3333,15,SC,0.562736,0.549105,0.3403667345946098,0.0768781438068387,0.0704737443187441,GPR
0.169286,0.8571,13.3333,15,SC,0.555707,0.556084,0.3665311724803841,0.0849447992251045,0.077014574771215,GPR
0.18,0.8571,13.3333,15,SC,0.54926,0.560192,0.3933488582912199,0.0935262224977547,0.0839075324330423,GPR
0.03,1.0357,13.3333,15,SC,0.6771,0.465948,0.0665301360208154,0.0109701336217035,0.011967370308351,GPR
0.040714,1.0357,13.3333,15,SC,0.672217,0.448568,0.0871591469673739,0.0147691118431046,0.0158255560173288,GPR
0.051429,1.0357,13.3333,15,SC,0.671902,0.472055,0.1081048454087395,0.0188236042560309,0.0198265841754177,GPR
0.062143,1.0357,13.3333,15,SC,0.672057,0.527421,0.1293833589694963,0.023142101375831,0.0239770167693537,GPR
0.072857,1.0357,13.3333,15,SC,0.66686,0.606766,0.151019443555247,0.0277374565718414,0.0282872599342008,GPR
0.083571,1.0357,13.3333,15,SC,0.658575,0.698069,0.1730383892289127,0.0326253053024461,0.0327699652934809,GPR
0.094286,1.0357,13.3333,15,SC,0.649943,0.784798,0.1954697303026674,0.0378247459614652,0.0374406540757777,GPR
0.105,1.0357,13.3333,15,SC,0.64221,0.851342,0.218338456582856,0.0433560907810373,0.0423157014338971,GPR
0.115714,1.0357,13.3333,15,SC,0.635671,0.890023,0.2416771621073271,0.0492434037935011,0.0474146302078575,GPR
0.126429,1.0357,13.3333,15,SC,0.6301,0.902904,0.2655195274429045,0.0555127379871405,0.0527585182943906,GPR
0.137143,1.0357,13.3333,15,SC,0.625086,0.897746,0.2898929889554009,0.0621896940324536,0.0583679749887721,GPR
0.147857,1.0357,13.3333,15,SC,0.620296,0.88298,0.3148316088633973,0.0693023202596536,0.0642656499918911,GPR
0.158571,1.0357,13.3333,15,SC,0.615574,0.865051,0.3403667345946098,0.0768781438068387,0.0704737443187441,GPR
0.169286,1.0357,13.3333,15,SC,0.610898,0.84799,0.3665311724803841,0.0849447992251045,0.077014574771215,GPR
0.18,1.0357,13.3333,15,SC,0.6063,0.833956,0.3933488582912199,0.0935262224977547,0.0839075324330423,GPR
0.03,1.2143,13.3333,15,SC,0.624618,0.720839,0.0665301360208154,0.0109701336217035,0.011967370308351,GPR
0.040714,1.2143,13.3333,15,SC,0.647344,0.603574,0.0871591469673739,0.0147691118431046,0.0158255560173288,GPR
0.051429,1.2143,13.3333,15,SC,0.657014,0.5226,0.1081048454087395,0.0188236042560309,0.0198265841754177,GPR
0.062143,1.2143,13.3333,15,SC,0.65789,0.471084,0.1293833589694963,0.023142101375831,0.0239770167693537,GPR
0.072857,1.2143,13.3333,15,SC,0.654893,0.439897,0.151019443555247,0.0277374565718414,0.0282872599342008,GPR
0.083571,1.2143,13.3333,15,SC,0.650667,0.422409,0.1730383892289127,0.0326253053024461,0.0327699652934809,GPR
0.094286,1.2143,13.3333,15,SC,0.64652,0.414138,0.1954697303026674,0.0378247459614652,0.0374406540757777,GPR
0.105,1.2143,13.3333,15,SC,0.643002,0.411969,0.218338456582856,0.0433560907810373,0.0423157014338971,GPR
0.115714,1.2143,13.3333,15,SC,0.64018,0.413625,0.2416771621073271,0.0492434037935011,0.0474146302078575,GPR
0.126429,1.2143,13.3333,15,SC,0.637834,0.417362,0.2655195274429045,0.0555127379871405,0.0527585182943906,GPR
0.137143,1.2143,13.3333,15,SC,0.635656,0.421828,0.2898929889554009,0.0621896940324536,0.0583679749887721,GPR
0.147857,1.2143,13.3333,15,SC,0.633404,0.425984,0.3148316088633973,0.0693023202596536,0.0642656499918911,GPR
0.158571,1.2143,13.3333,15,SC,0.630959,0.429073,0.3403667345946098,0.0768781438068387,0.0704737443187441,GPR
0.169286,1.2143,13.3333,15,SC,0.628296,0.4306,0.3665311724803841,0.0849447992251045,0.077014574771215,GPR
0.18,1.2143,13.3333,15,SC,0.625444,0.430308,0.3933488582912199,0.0935262224977547,0.0839075324330423,GPR
0.03,1.3929,13.3333,15,SC,0.559227,0.84292,0.0665301360208154,0.0109701336217035,0.011967370308351,GPR
0.040714,1.3929,13.3333,15,SC,0.572229,0.884923,0.0871591469673739,0.0147691118431046,0.0158255560173288,GPR
0.051429,1.3929,13.3333,15,SC,0.583596,0.854675,0.1081048454087395,0.0188236042560309,0.0198265841754177,GPR
0.062143,1.3929,13.3333,15,SC,0.594921,0.791804,0.1293833589694963,0.023142101375831,0.0239770167693537,GPR
0.072857,1.3929,13.3333,15,SC,0.606343,0.724886,0.151019443555247,0.0277374565718414,0.0282872599342008,GPR
0.083571,1.3929,13.3333,15,SC,0.616646,0.666111,0.1730383892289127,0.0326253053024461,0.0327699652934809,GPR
0.094286,1.3929,13.3333,15,SC,0.624542,0.618414,0.1954697303026674,0.0378247459614652,0.0374406540757777,GPR
0.105,1.3929,13.3333,15,SC,0.629732,0.58112,0.218338456582856,0.0433560907810373,0.0423157014338971,GPR
0.115714,1.3929,13.3333,15,SC,0.632685,0.552582,0.2416771621073271,0.0492434037935011,0.0474146302078575,GPR
0.126429,1.3929,13.3333,15,SC,0.634046,0.531156,0.2655195274429045,0.0555127379871405,0.0527585182943906,GPR
0.137143,1.3929,13.3333,15,SC,0.634357,0.515484,0.2898929889554009,0.0621896940324536,0.0583679749887721,GPR
0.147857,1.3929,13.3333,15,SC,0.634005,0.504545,0.3148316088633973,0.0693023202596536,0.0642656499918911,GPR
0.158571,1.3929,13.3333,15,SC,0.633248,0.497611,0.3403667345946098,0.0768781438068387,0.0704737443187441,GPR
0.169286,1.3929,13.3333,15,SC,0.632247,0.494211,0.3665311724803841,0.0849447992251045,0.077014574771215,GPR
0.18,1.3929,13.3333,15,SC,0.631094,0.494084,0.3933488582912199,0.0935262224977547,0.0839075324330423,GPR
0.03,1.5714,13.3333,15,SC,0.504946,0.501209,0.0665301360208154,0.0109701336217035,0.011967370308351,GPR
0.040714,1.5714,13.3333,15,SC,0.522392,0.598811,0.0871591469673739,0.0147691118431046,0.0158255560173288,GPR
0.051429,1.5714,13.3333,15,SC,0.5349,0.692934,0.1081048454087395,0.0188236042560309,0.0198265841754177,GPR
0.062143,1.5714,13.3333,15,SC,0.544185,0.773749,0.1293833589694963,0.023142101375831,0.0239770167693537,GPR
0.072857,1.5714,13.3333,15,SC,0.551309,0.834965,0.151019443555247,0.0277374565718414,0.0282872599342008,GPR
0.083571,1.5714,13.3333,15,SC,0.556938,0.875517,0.1730383892289127,0.0326253053024461,0.0327699652934809,GPR
0.094286,1.5714,13.3333,15,SC,0.561488,0.898564,0.1954697303026674,0.0378247459614652,0.0374406540757777,GPR
0.105,1.5714,13.3333,15,SC,0.565217,0.909188,0.218338456582856,0.0433560907810373,0.0423157014338971,GPR
0.115714,1.5714,13.3333,15,SC,0.568279,0.912452,0.2416771621073271,0.0492434037935011,0.0474146302078575,GPR
0.126429,1.5714,13.3333,15,SC,0.570766,0.912428,0.2655195274429045,0.0555127379871405,0.0527585182943906,GPR
0.137143,1.5714,13.3333,15,SC,0.572737,0.911985,0.2898929889554009,0.0621896940324536,0.0583679749887721,GPR
0.147857,1.5714,13.3333,15,SC,0.574241,0.912936,0.3148316088633973,0.0693023202596536,0.0642656499918911,GPR
0.158571,1.5714,13.3333,15,SC,0.575327,0.916278,0.3403667345946098,0.0768781438068387,0.0704737443187441,GPR
0.169286,1.5714,13.3333,15,SC,0.576055,0.922376,0.3665311724803841,0.0849447992251045,0.077014574771215,GPR
0.18,1.5714,13.3333,15,SC,0.576494,0.931068,0.3933488582912199,0.0935262224977547,0.0839075324330423,GPR
0.03,1.75,13.3333,15,SC,0.432024,0.306319,0.0665301360208154,0.0109701336217035,0.011967370308351,GPR
0.040714,1.75,13.3333,15,SC,0.45533,0.34464,0.0871591469673739,0.0147691118431046,0.0158255560173288,GPR
0.051429,1.75,13.3333,15,SC,0.474322,0.384911,0.1081048454087395,0.0188236042560309,0.0198265841754177,GPR
0.062143,1.75,13.3333,15,SC,0.489287,0.425704,0.1293833589694963,0.023142101375831,0.0239770167693537,GPR
0.072857,1.75,13.3333,15,SC,0.501009,0.465461,0.151019443555247,0.0277374565718414,0.0282872599342008,GPR
0.083571,1.75,13.3333,15,SC,0.510261,0.502676,0.1730383892289127,0.0326253053024461,0.0327699652934809,GPR
0.094286,1.75,13.3333,15,SC,0.517649,0.536061,0.1954697303026674,0.0378247459614652,0.0374406540757777,GPR
0.105,1.75,13.3333,15,SC,0.523618,0.564629,0.218338456582856,0.0433560907810373,0.0423157014338971,GPR
0.115714,1.75,13.3333,15,SC,0.528489,0.587712,0.2416771621073271,0.0492434037935011,0.0474146302078575,GPR
0.126429,1.75,13.3333,15,SC,0.532493,0.604923,0.2655195274429045,0.0555127379871405,0.0527585182943906,GPR
0.137143,1.75,13.3333,15,SC,0.535798,0.61609,0.2898929889554009,0.0621896940324536,0.0583679749887721,GPR
0.147857,1.75,13.3333,15,SC,0.538524,0.621189,0.3148316088633973,0.0693023202596536,0.0642656499918911,GPR
0.158571,1.75,13.3333,15,SC,0.540753,0.620311,0.3403667345946098,0.0768781438068387,0.0704737443187441,GPR
0.169286,1.75,13.3333,15,SC,0.54254,0.613645,0.3665311724803841,0.0849447992251045,0.077014574771215,GPR
0.18,1.75,13.3333,15,SC,0.543909,0.601497,0.3933488582912199,0.0935262224977547,0.0839075324330423,GPR
0.03,1.9286,13.3333,15,SC,0.369368,0.226744,0.0665301360208154,0.0109701336217035,0.011967370308351,GPR
0.040714,1.9286,13.3333,15,SC,0.385711,0.241792,0.0871591469673739,0.0147691118431046,0.0158255560173288,GPR
0.051429,1.9286,13.3333,15,SC,0.400725,0.256754,0.1081048454087395,0.0188236042560309,0.0198265841754177,GPR
0.062143,1.9286,13.3333,15,SC,0.414398,0.271216,0.1293833589694963,0.023142101375831,0.0239770167693537,GPR
0.072857,1.9286,13.3333,15,SC,0.426628,0.284738,0.151019443555247,0.0277374565718414,0.0282872599342008,GPR
0.083571,1.9286,13.3333,15,SC,0.43733,0.296902,0.1730383892289127,0.0326253053024461,0.0327699652934809,GPR
0.094286,1.9286,13.3333,15,SC,0.446483,0.307335,0.1954697303026674,0.0378247459614652,0.0374406540757777,GPR
0.105,1.9286,13.3333,15,SC,0.454136,0.315739,0.218338456582856,0.0433560907810373,0.0423157014338971,GPR
0.115714,1.9286,13.3333,15,SC,0.460376,0.321908,0.2416771621073271,0.0492434037935011,0.0474146302078575,GPR
0.126429,1.9286,13.3333,15,SC,0.465304,0.325731,0.2655195274429045,0.0555127379871405,0.0527585182943906,GPR
0.137143,1.9286,13.3333,15,SC,0.469015,0.327202,0.2898929889554009,0.0621896940324536,0.0583679749887721,GPR
0.147857,1.9286,13.3333,15,SC,0.471592,0.326409,0.3148316088633973,0.0693023202596536,0.0642656499918911,GPR
0.158571,1.9286,13.3333,15,SC,0.473106,0.323524,0.3403667345946098,0.0768781438068387,0.0704737443187441,GPR
0.169286,1.9286,13.3333,15,SC,0.473628,0.318797,0.3665311724803841,0.0849447992251045,0.077014574771215,GPR
0.18,1.9286,13.3333,15,SC,0.473245,0.312528,0.3933488582912199,0.0935262224977547,0.0839075324330423,GPR
0.03,2.1071,13.3333,15,SC,0.328297,0.191842,0.0665301360208154,0.0109701336217035,0.011967370308351,GPR
0.040714,2.1071,13.3333,15,SC,0.340858,0.198864,0.0871591469673739,0.0147691118431046,0.0158255560173288,GPR
0.051429,2.1071,13.3333,15,SC,0.351969,0.205444,0.1081048454087395,0.0188236042560309,0.0198265841754177,GPR
0.062143,2.1071,13.3333,15,SC,0.361815,0.211474,0.1293833589694963,0.023142101375831,0.0239770167693537,GPR
0.072857,2.1071,13.3333,15,SC,0.370531,0.216842,0.151019443555247,0.0277374565718414,0.0282872599342008,GPR
0.083571,2.1071,13.3333,15,SC,0.378214,0.221449,0.1730383892289127,0.0326253053024461,0.0327699652934809,GPR
0.094286,2.1071,13.3333,15,SC,0.384941,0.225223,0.1954697303026674,0.0378247459614652,0.0374406540757777,GPR
0.105,2.1071,13.3333,15,SC,0.390784,0.22812,0.218338456582856,0.0433560907810373,0.0423157014338971,GPR
0.115714,2.1071,13.3333,15,SC,0.39581,0.230133,0.2416771621073271,0.0492434037935011,0.0474146302078575,GPR
0.126429,2.1071,13.3333,15,SC,0.400094,0.231294,0.2655195274429045,0.0555127379871405,0.0527585182943906,GPR
0.137143,2.1071,13.3333,15,SC,0.403718,0.231664,0.2898929889554009,0.0621896940324536,0.0583679749887721,GPR
0.147857,2.1071,13.3333,15,SC,0.406768,0.231339,0.3148316088633973,0.0693023202596536,0.0642656499918911,GPR
0.158571,2.1071,13.3333,15,SC,0.409334,0.230436,0.3403667345946098,0.0768781438068387,0.0704737443187441,GPR
0.169286,2.1071,13.3333,15,SC,0.411508,0.229095,0.3665311724803841,0.0849447992251045,0.077014574771215,GPR
0.18,2.1071,13.3333,15,SC,0.413374,0.227466,0.3933488582912199,0.0935262224977547,0.0839075324330423,GPR
0.03,0.5,16.6667,15,SC,0.319592,0.454828,0.0665301360208154,0.0109701336217035,0.011967370308351,GPR
0.040714,0.5,16.6667,15,SC,0.271614,0.399596,0.0871591469673739,0.0147691118431046,0.0158255560173288,GPR
0.051429,0.5,16.6667,15,SC,0.236774,0.352317,0.1081048454087395,0.0188236042560309,0.0198265841754177,GPR
0.062143,0.5,16.6667,15,SC,0.210422,0.311116,0.1293833589694963,0.023142101375831,0.0239770167693537,GPR
0.072857,0.5,16.6667,15,SC,0.189924,0.275197,0.151019443555247,0.0277374565718414,0.0282872599342008,GPR
0.083571,0.5,16.6667,15,SC,0.173624,0.244203,0.1730383892289127,0.0326253053024461,0.0327699652934809,GPR
0.094286,0.5,16.6667,15,SC,0.160427,0.217906,0.1954697303026674,0.0378247459614652,0.0374406540757777,GPR
0.105,0.5,16.6667,15,SC,0.149587,0.196013,0.218338456582856,0.0433560907810373,0.0423157014338971,GPR
0.115714,0.5,16.6667,15,SC,0.14058,0.178066,0.2416771621073271,0.0492434037935011,0.0474146302078575,GPR
0.126429,0.5,16.6667,15,SC,0.13303,0.16349,0.2655195274429045,0.0555127379871405,0.0527585182943906,GPR
0.137143,0.5,16.6667,15,SC,0.126658,0.151687,0.2898929889554009,0.0621896940324536,0.0583679749887721,GPR
0.147857,0.5,16.6667,15,SC,0.121252,0.142122,0.3148316088633973,0.0693023202596536,0.0642656499918911,GPR
0.158571,0.5,16.6667,15,SC,0.11665,0.134349,0.3403667345946098,0.0768781438068387,0.0704737443187441,GPR
0.169286,0.5,16.6667,15,SC,0.112727,0.128017,0.3665311724803841,0.0849447992251045,0.077014574771215,GPR
0.18,0.5,16.6667,15,SC,0.109382,0.122853,0.3933488582912199,0.0935262224977547,0.0839075324330423,GPR
0.03,0.6786,16.6667,15,SC,0.492741,0.600757,0.0665301360208154,0.0109701336217035,0.011967370308351,GPR
0.040714,0.6786,16.6667,15,SC,0.437785,0.547662,0.0871591469673739,0.0147691118431046,0.0158255560173288,GPR
0.051429,0.6786,16.6667,15,SC,0.394449,0.535987,0.1081048454087395,0.0188236042560309,0.0198265841754177,GPR
0.062143,0.6786,16.6667,15,SC,0.359414,0.492312,0.1293833589694963,0.023142101375831,0.0239770167693537,GPR
0.072857,0.6786,16.6667,15,SC,0.330776,0.467263,0.151019443555247,0.0277374565718414,0.0282872599342008,GPR
0.083571,0.6786,16.6667,15,SC,0.307264,0.449177,0.1730383892289127,0.0326253053024461,0.0327699652934809,GPR
0.094286,0.6786,16.6667,15,SC,0.287843,0.427162,0.1954697303026674,0.0378247459614652,0.0374406540757777,GPR
0.105,0.6786,16.6667,15,SC,0.271662,0.406765,0.218338456582856,0.0433560907810373,0.0423157014338971,GPR
0.115714,0.6786,16.6667,15,SC,0.258054,0.390381,0.2416771621073271,0.0492434037935011,0.0474146302078575,GPR
0.126429,0.6786,16.6667,15,SC,0.246516,0.37647,0.2655195274429045,0.0555127379871405,0.0527585182943906,GPR
0.137143,0.6786,16.6667,15,SC,0.236675,0.363789,0.2898929889554009,0.0621896940324536,0.0583679749887721,GPR
0.147857,0.6786,16.6667,15,SC,0.228248,0.35214,0.3148316088633973,0.0693023202596536,0.0642656499918911,GPR
0.158571,0.6786,16.6667,15,SC,0.221016,0.34167,0.3403667345946098,0.0768781438068387,0.0704737443187441,GPR
0.169286,0.6786,16.6667,15,SC,0.214812,0.33245,0.3665311724803841,0.0849447992251045,0.077014574771215,GPR
0.18,0.6786,16.6667,15,SC,0.209501,0.324433,0.3933488582912199,0.0935262224977547,0.0839075324330423,GPR
0.03,0.8571,16.6667,15,SC,0.626202,0.641708,0.0665301360208154,0.0109701336217035,0.011967370308351,GPR
0.040714,0.8571,16.6667,15,SC,0.584746,0.564983,0.0871591469673739,0.0147691118431046,0.0158255560173288,GPR
0.051429,0.8571,16.6667,15,SC,0.544808,0.64034,0.1081048454087395,0.0188236042560309,0.0198265841754177,GPR
0.062143,0.8571,16.6667,15,SC,0.508962,0.666505,0.1293833589694963,0.023142101375831,0.0239770167693537,GPR
0.072857,0.8571,16.6667,15,SC,0.478291,0.596104,0.151019443555247,0.0277374565718414,0.0282872599342008,GPR
0.083571,0.8571,16.6667,15,SC,0.452322,0.534853,0.1730383892289127,0.0326253053024461,0.0327699652934809,GPR
0.094286,0.8571,16.6667,15,SC,0.430212,0.512644,0.1954697303026674,0.0378247459614652,0.0374406540757777,GPR
0.105,0.8571,16.6667,15,SC,0.411246,0.515171,0.218338456582856,0.0433560907810373,0.0423157014338971,GPR
0.115714,0.8571,16.6667,15,SC,0.394874,0.523358,0.2416771621073271,0.0492434037935011,0.0474146302078575,GPR
0.126429,0.8571,16.6667,15,SC,0.380682,0.525043,0.2655195274429045,0.0555127379871405,0.0527585182943906,GPR
0.137143,0.8571,16.6667,15,SC,0.368353,0.517774,0.2898929889554009,0.0621896940324536,0.0583679749887721,GPR
0.147857,0.8571,16.6667,15,SC,0.35764,0.504886,0.3148316088633973,0.0693023202596536,0.0642656499918911,GPR
0.158571,0.8571,16.6667,15,SC,0.348345,0.490397,0.3403667345946098,0.0768781438068387,0.0704737443187441,GPR
0.169286,0.8571,16.6667,15,SC,0.340307,0.476809,0.3665311724803841,0.0849447992251045,0.077014574771215,GPR
0.18,0.8571,16.6667,15,SC,0.333392,0.465137,0.3933488582912199,0.0935262224977547,0.0839075324330423,GPR
0.03,1.0357,16.6667,15,SC,0.673858,0.600455,0.0665301360208154,0.0109701336217035,0.011967370308351,GPR
0.040714,1.0357,16.6667,15,SC,0.659617,0.824635,0.0871591469673739,0.0147691118431046,0.0158255560173288,GPR
0.051429,1.0357,16.6667,15,SC,0.640066,0.846212,0.1081048454087395,0.0188236042560309,0.0198265841754177,GPR
0.062143,1.0357,16.6667,15,SC,0.619941,0.687608,0.1293833589694963,0.023142101375831,0.0239770167693537,GPR
0.072857,1.0357,16.6667,15,SC,0.598919,0.571513,0.151019443555247,0.0277374565718414,0.0282872599342008,GPR
0.083571,1.0357,16.6667,15,SC,0.578482,0.523434,0.1730383892289127,0.0326253053024461,0.0327699652934809,GPR
0.094286,1.0357,16.6667,15,SC,0.559085,0.521529,0.1954697303026674,0.0378247459614652,0.0374406540757777,GPR
0.105,1.0357,16.6667,15,SC,0.541173,0.546885,0.218338456582856,0.0433560907810373,0.0423157014338971,GPR
0.115714,1.0357,16.6667,15,SC,0.524874,0.583555,0.2416771621073271,0.0492434037935011,0.0474146302078575,GPR
0.126429,1.0357,16.6667,15,SC,0.510231,0.617826,0.2655195274429045,0.0555127379871405,0.0527585182943906,GPR
0.137143,1.0357,16.6667,15,SC,0.49722,0.640884,0.2898929889554009,0.0621896940324536,0.0583679749887721,GPR
0.147857,1.0357,16.6667,15,SC,0.48576,0.650559,0.3148316088633973,0.0693023202596536,0.0642656499918911,GPR
0.158571,1.0357,16.6667,15,SC,0.475738,0.649594,0.3403667345946098,0.0768781438068387,0.0704737443187441,GPR
0.169286,1.0357,16.6667,15,SC,0.467027,0.642374,0.3665311724803841,0.0849447992251045,0.077014574771215,GPR
0.18,1.0357,16.6667,15,SC,0.459506,0.632691,0.3933488582912199,0.0935262224977547,0.0839075324330423,GPR
0.03,1.2143,16.6667,15,SC,0.667696,0.583968,0.0665301360208154,0.0109701336217035,0.011967370308351,GPR
0.040714,1.2143,16.6667,15,SC,0.668389,0.484648,0.0871591469673739,0.0147691118431046,0.0158255560173288,GPR
0.051429,1.2143,16.6667,15,SC,0.665509,0.480303,0.1081048454087395,0.0188236042560309,0.0198265841754177,GPR
0.062143,1.2143,16.6667,15,SC,0.655991,0.541108,0.1293833589694963,0.023142101375831,0.0239770167693537,GPR
0.072857,1.2143,16.6667,15,SC,0.648035,0.649465,0.151019443555247,0.0277374565718414,0.0282872599342008,GPR
0.083571,1.2143,16.6667,15,SC,0.639853,0.771881,0.1730383892289127,0.0326253053024461,0.0327699652934809,GPR
0.094286,1.2143,16.6667,15,SC,0.629721,0.856933,0.1954697303026674,0.0378247459614652,0.0374406540757777,GPR
0.105,1.2143,16.6667,15,SC,0.619531,0.874423,0.218338456582856,0.0433560907810373,0.0423157014338971,GPR
0.115714,1.2143,16.6667,15,SC,0.610158,0.839117,0.2416771621073271,0.0492434037935011,0.0474146302078575,GPR
0.126429,1.2143,16.6667,15,SC,0.601334,0.782747,0.2655195274429045,0.0555127379871405,0.0527585182943906,GPR
0.137143,1.2143,16.6667,15,SC,0.592817,0.726779,0.2898929889554009,0.0621896940324536,0.0583679749887721,GPR
0.147857,1.2143,16.6667,15,SC,0.584713,0.679782,0.3148316088633973,0.0693023202596536,0.0642656499918911,GPR
0.158571,1.2143,16.6667,15,SC,0.577186,0.643342,0.3403667345946098,0.0768781438068387,0.0704737443187441,GPR
0.169286,1.2143,16.6667,15,SC,0.570323,0.616481,0.3665311724803841,0.0849447992251045,0.077014574771215,GPR
0.18,1.2143,16.6667,15,SC,0.564143,0.597674,0.3933488582912199,0.0935262224977547,0.0839075324330423,GPR
0.03,1.3929,16.6667,15,SC,0.633463,0.987359,0.0665301360208154,0.0109701336217035,0.011967370308351,GPR
0.040714,1.3929,16.6667,15,SC,0.649372,0.88294,0.0871591469673739,0.0147691118431046,0.0158255560173288,GPR
0.051429,1.3929,16.6667,15,SC,0.652239,0.69898,0.1081048454087395,0.0188236042560309,0.0198265841754177,GPR
0.062143,1.3929,16.6667,15,SC,0.648802,0.570317,0.1293833589694963,0.023142101375831,0.0239770167693537,GPR
0.072857,1.3929,16.6667,15,SC,0.646141,0.496021,0.151019443555247,0.0277374565718414,0.0282872599342008,GPR
0.083571,1.3929,16.6667,15,SC,0.645826,0.457326,0.1730383892289127,0.0326253053024461,0.0327699652934809,GPR
0.094286,1.3929,16.6667,15,SC,0.644738,0.44115,0.1954697303026674,0.0378247459614652,0.0374406540757777,GPR
0.105,1.3929,16.6667,15,SC,0.641076,0.439423,0.218338456582856,0.0433560907810373,0.0423157014338971,GPR
0.115714,1.3929,16.6667,15,SC,0.635884,0.446823,0.2416771621073271,0.0492434037935011,0.0474146302078575,GPR
0.126429,1.3929,16.6667,15,SC,0.630285,0.459438,0.2655195274429045,0.0555127379871405,0.0527585182943906,GPR
0.137143,1.3929,16.6667,15,SC,0.624839,0.474171,0.2898929889554009,0.0621896940324536,0.0583679749887721,GPR
0.147857,1.3929,16.6667,15,SC,0.619733,0.488525,0.3148316088633973,0.0693023202596536,0.0642656499918911,GPR
0.158571,1.3929,16.6667,15,SC,0.614973,0.50058,0.3403667345946098,0.0768781438068387,0.0704737443187441,GPR
0.169286,1.3929,16.6667,15,SC,0.610505,0.508995,0.3665311724803841,0.0849447992251045,0.077014574771215,GPR
0.18,1.3929,16.6667,15,SC,0.606271,0.51299,0.3933488582912199,0.0935262224977547,0.0839075324330423,GPR
0.03,1.5714,16.6667,15,SC,0.602001,0.530511,0.0665301360208154,0.0109701336217035,0.011967370308351,GPR
0.040714,1.5714,16.6667,15,SC,0.607814,0.711444,0.0871591469673739,0.0147691118431046,0.0158255560173288,GPR
0.051429,1.5714,16.6667,15,SC,0.611114,0.891474,0.1081048454087395,0.0188236042560309,0.0198265841754177,GPR
0.062143,1.5714,16.6667,15,SC,0.616652,0.984999,0.1293833589694963,0.023142101375831,0.0239770167693537,GPR
0.072857,1.5714,16.6667,15,SC,0.624678,0.966129,0.151019443555247,0.0277374565718414,0.0282872599342008,GPR
0.083571,1.5714,16.6667,15,SC,0.630461,0.885121,0.1730383892289127,0.0326253053024461,0.0327699652934809,GPR
0.094286,1.5714,16.6667,15,SC,0.631968,0.793884,0.1954697303026674,0.0378247459614652,0.0374406540757777,GPR
0.105,1.5714,16.6667,15,SC,0.630705,0.715378,0.218338456582856,0.0433560907810373,0.0423157014338971,GPR
0.115714,1.5714,16.6667,15,SC,0.628157,0.654264,0.2416771621073271,0.0492434037935011,0.0474146302078575,GPR
0.126429,1.5714,16.6667,15,SC,0.625133,0.608697,0.2655195274429045,0.0555127379871405,0.0527585182943906,GPR
0.137143,1.5714,16.6667,15,SC,0.622006,0.575545,0.2898929889554009,0.0621896940324536,0.0583679749887721,GPR
0.147857,1.5714,16.6667,15,SC,0.618927,0.552032,0.3148316088633973,0.0693023202596536,0.0642656499918911,GPR
0.158571,1.5714,16.6667,15,SC,0.615937,0.536066,0.3403667345946098,0.0768781438068387,0.0704737443187441,GPR
0.169286,1.5714,16.6667,15,SC,0.613035,0.52621,0.3665311724803841,0.0849447992251045,0.077014574771215,GPR
0.18,1.5714,16.6667,15,SC,0.610212,0.521565,0.3933488582912199,0.0935262224977547,0.0839075324330423,GPR
0.03,1.75,16.6667,15,SC,0.544507,0.327996,0.0665301360208154,0.0109701336217035,0.011967370308351,GPR
0.040714,1.75,16.6667,15,SC,0.567773,0.369227,0.0871591469673739,0.0147691118431046,0.0158255560173288,GPR
0.051429,1.75,16.6667,15,SC,0.583321,0.42835,0.1081048454087395,0.0188236042560309,0.0198265841754177,GPR
0.062143,1.75,16.6667,15,SC,0.5906,0.503556,0.1293833589694963,0.023142101375831,0.0239770167693537,GPR
0.072857,1.75,16.6667,15,SC,0.593578,0.590404,0.151019443555247,0.0277374565718414,0.0282872599342008,GPR
0.083571,1.75,16.6667,15,SC,0.594644,0.681433,0.1730383892289127,0.0326253053024461,0.0327699652934809,GPR
0.094286,1.75,16.6667,15,SC,0.594952,0.76755,0.1954697303026674,0.0378247459614652,0.0374406540757777,GPR
0.105,1.75,16.6667,15,SC,0.595037,0.840846,0.218338456582856,0.0433560907810373,0.0423157014338971,GPR
0.115714,1.75,16.6667,15,SC,0.5951,0.897082,0.2416771621073271,0.0492434037935011,0.0474146302078575,GPR
0.126429,1.75,16.6667,15,SC,0.595142,0.936226,0.2655195274429045,0.0555127379871405,0.0527585182943906,GPR
0.137143,1.75,16.6667,15,SC,0.595063,0.961141,0.2898929889554009,0.0621896940324536,0.0583679749887721,GPR
0.147857,1.75,16.6667,15,SC,0.594734,0.975683,0.3148316088633973,0.0693023202596536,0.0642656499918911,GPR
0.158571,1.75,16.6667,15,SC,0.594062,0.983275,0.3403667345946098,0.0768781438068387,0.0704737443187441,GPR
0.169286,1.75,16.6667,15,SC,0.593009,0.986199,0.3665311724803841,0.0849447992251045,0.077014574771215,GPR
0.18,1.75,16.6667,15,SC,0.591592,0.98541,0.3933488582912199,0.0935262224977547,0.0839075324330423,GPR
0.03,1.9286,16.6667,15,SC,0.50227,0.296359,0.0665301360208154,0.0109701336217035,0.011967370308351,GPR
0.040714,1.9286,16.6667,15,SC,0.514004,0.295785,0.0871591469673739,0.0147691118431046,0.0158255560173288,GPR
0.051429,1.9286,16.6667,15,SC,0.524798,0.302418,0.1081048454087395,0.0188236042560309,0.0198265841754177,GPR
0.062143,1.9286,16.6667,15,SC,0.53608,0.314545,0.1293833589694963,0.023142101375831,0.0239770167693537,GPR
0.072857,1.9286,16.6667,15,SC,0.547748,0.330664,0.151019443555247,0.0277374565718414,0.0282872599342008,GPR
0.083571,1.9286,16.6667,15,SC,0.558256,0.349333,0.1730383892289127,0.0326253053024461,0.0327699652934809,GPR
0.094286,1.9286,16.6667,15,SC,0.566295,0.369112,0.1954697303026674,0.0378247459614652,0.0374406540757777,GPR
0.105,1.9286,16.6667,15,SC,0.571803,0.388583,0.218338456582856,0.0433560907810373,0.0423157014338971,GPR
0.115714,1.9286,16.6667,15,SC,0.575361,0.406421,0.2416771621073271,0.0492434037935011,0.0474146302078575,GPR
0.126429,1.9286,16.6667,15,SC,0.57758,0.421476,0.2655195274429045,0.0555127379871405,0.0527585182943906,GPR
0.137143,1.9286,16.6667,15,SC,0.578905,0.43285,0.2898929889554009,0.0621896940324536,0.0583679749887721,GPR
0.147857,1.9286,16.6667,15,SC,0.579632,0.439951,0.3148316088633973,0.0693023202596536,0.0642656499918911,GPR
0.158571,1.9286,16.6667,15,SC,0.579945,0.442503,0.3403667345946098,0.0768781438068387,0.0704737443187441,GPR
0.169286,1.9286,16.6667,15,SC,0.579952,0.440544,0.3665311724803841,0.0849447992251045,0.077014574771215,GPR
0.18,1.9286,16.6667,15,SC,0.579702,0.434394,0.3933488582912199,0.0935262224977547,0.0839075324330423,GPR
0.03,2.1071,16.6667,15,SC,0.467389,0.326271,0.0665301360208154,0.0109701336217035,0.011967370308351,GPR
0.040714,2.1071,16.6667,15,SC,0.481621,0.310037,0.0871591469673739,0.0147691118431046,0.0158255560173288,GPR
0.051429,2.1071,16.6667,15,SC,0.492064,0.299571,0.1081048454087395,0.0188236042560309,0.0198265841754177,GPR
0.062143,2.1071,16.6667,15,SC,0.50009,0.29342,0.1293833589694963,0.023142101375831,0.0239770167693537,GPR
0.072857,2.1071,16.6667,15,SC,0.50654,0.290373,0.151019443555247,0.0277374565718414,0.0282872599342008,GPR
0.083571,2.1071,16.6667,15,SC,0.511931,0.289451,0.1730383892289127,0.0326253053024461,0.0327699652934809,GPR
0.094286,2.1071,16.6667,15,SC,0.516566,0.289871,0.1954697303026674,0.0378247459614652,0.0374406540757777,GPR
0.105,2.1071,16.6667,15,SC,0.520599,0.291007,0.218338456582856,0.0433560907810373,0.0423157014338971,GPR
0.115714,2.1071,16.6667,15,SC,0.524093,0.292376,0.2416771621073271,0.0492434037935011,0.0474146302078575,GPR
0.126429,2.1071,16.6667,15,SC,0.52706,0.293623,0.2655195274429045,0.0555127379871405,0.0527585182943906,GPR
0.137143,2.1071,16.6667,15,SC,0.529508,0.294516,0.2898929889554009,0.0621896940324536,0.0583679749887721,GPR
0.147857,2.1071,16.6667,15,SC,0.531456,0.294937,0.3148316088633973,0.0693023202596536,0.0642656499918911,GPR
0.158571,2.1071,16.6667,15,SC,0.532957,0.294876,0.3403667345946098,0.0768781438068387,0.0704737443187441,GPR
0.169286,2.1071,16.6667,15,SC,0.534093,0.294416,0.3665311724803841,0.0849447992251045,0.077014574771215,GPR
0.18,2.1071,16.6667,15,SC,0.534973,0.293723,0.3933488582912199,0.0935262224977547,0.0839075324330423,GPR
0.03,2.2857,16.6667,15,SC,0.420141,0.388315,0.0665301360208154,0.0109701336217035,0.011967370308351,GPR
0.040714,2.2857,16.6667,15,SC,0.440218,0.366904,0.0871591469673739,0.0147691118431046,0.0158255560173288,GPR
0.051429,2.2857,16.6667,15,SC,0.455567,0.349669,0.1081048454087395,0.0188236042560309,0.0198265841754177,GPR
0.062143,2.2857,16.6667,15,SC,0.467327,0.336349,0.1293833589694963,0.023142101375831,0.0239770167693537,GPR
0.072857,2.2857,16.6667,15,SC,0.476521,0.326347,0.151019443555247,0.0277374565718414,0.0282872599342008,GPR
0.083571,2.2857,16.6667,15,SC,0.483881,0.319043,0.1730383892289127,0.0326253053024461,0.0327699652934809,GPR
0.094286,2.2857,16.6667,15,SC,0.489905,0.313904,0.1954697303026674,0.0378247459614652,0.0374406540757777,GPR
0.105,2.2857,16.6667,15,SC,0.494937,0.310509,0.218338456582856,0.0433560907810373,0.0423157014338971,GPR
0.115714,2.2857,16.6667,15,SC,0.49922,0.308552,0.2416771621073271,0.0492434037935011,0.0474146302078575,GPR
0.126429,2.2857,16.6667,15,SC,0.502925,0.307828,0.2655195274429045,0.0555127379871405,0.0527585182943906,GPR
0.137143,2.2857,16.6667,15,SC,0.506181,0.308225,0.2898929889554009,0.0621896940324536,0.0583679749887721,GPR
0.147857,2.2857,16.6667,15,SC,0.50908,0.309716,0.3148316088633973,0.0693023202596536,0.0642656499918911,GPR
0.158571,2.2857,16.6667,15,SC,0.511691,0.312352,0.3403667345946098,0.0768781438068387,0.0704737443187441,GPR
0.169286,2.2857,16.6667,15,SC,0.514059,0.316254,0.3665311724803841,0.0849447992251045,0.077014574771215,GPR
0.18,2.2857,16.6667,15,SC,0.516205,0.321619,0.3933488582912199,0.0935262224977547,0.0839075324330423,GPR
0.03,2.4643,16.6667,15,SC,0.369453,0.454847,0.0665301360208154,0.0109701336217035,0.011967370308351,GPR
0.040714,2.4643,16.6667,15,SC,0.387043,0.441767,0.0871591469673739,0.0147691118431046,0.0158255560173288,GPR
0.051429,2.4643,16.6667,15,SC,0.40325,0.428225,0.1081048454087395,0.0188236042560309,0.0198265841754177,GPR
0.062143,2.4643,16.6667,15,SC,0.417636,0.416098,0.1293833589694963,0.023142101375831,0.0239770167693537,GPR
0.072857,2.4643,16.6667,15,SC,0.429967,0.406179,0.151019443555247,0.0277374565718414,0.0282872599342008,GPR
0.083571,2.4643,16.6667,15,SC,0.440301,0.398712,0.1730383892289127,0.0326253053024461,0.0327699652934809,GPR
0.094286,2.4643,16.6667,15,SC,0.44887,0.393708,0.1954697303026674,0.0378247459614652,0.0374406540757777,GPR
0.105,2.4643,16.6667,15,SC,0.455944,0.391102,0.218338456582856,0.0433560907810373,0.0423157014338971,GPR
0.115714,2.4643,16.6667,15,SC,0.461763,0.390833,0.2416771621073271,0.0492434037935011,0.0474146302078575,GPR
0.126429,2.4643,16.6667,15,SC,0.466507,0.392884,0.2655195274429045,0.0555127379871405,0.0527585182943906,GPR
0.137143,2.4643,16.6667,15,SC,0.4703,0.397304,0.2898929889554009,0.0621896940324536,0.0583679749887721,GPR
0.147857,2.4643,16.6667,15,SC,0.473208,0.404213,0.3148316088633973,0.0693023202596536,0.0642656499918911,GPR
0.158571,2.4643,16.6667,15,SC,0.475247,0.413812,0.3403667345946098,0.0768781438068387,0.0704737443187441,GPR
0.169286,2.4643,16.6667,15,SC,0.47639,0.426387,0.3665311724803841,0.0849447992251045,0.077014574771215,GPR
0.18,2.4643,16.6667,15,SC,0.476584,0.442306,0.3933488582912199,0.0935262224977547,0.0839075324330423,GPR
0.03,2.6429,16.6667,15,SC,0.33437,0.480894,0.0665301360208154,0.0109701336217035,0.011967370308351,GPR
0.040714,2.6429,16.6667,15,SC,0.347426,0.48973,0.0871591469673739,0.0147691118431046,0.0158255560173288,GPR
0.051429,2.6429,16.6667,15,SC,0.359181,0.493392,0.1081048454087395,0.0188236042560309,0.0198265841754177,GPR
0.062143,2.6429,16.6667,15,SC,0.369771,0.494513,0.1293833589694963,0.023142101375831,0.0239770167693537,GPR
0.072857,2.6429,16.6667,15,SC,0.379253,0.494972,0.151019443555247,0.0277374565718414,0.0282872599342008,GPR
0.083571,2.6429,16.6667,15,SC,0.38765,0.496029,0.1730383892289127,0.0326253053024461,0.0327699652934809,GPR
0.094286,2.6429,16.6667,15,SC,0.39497,0.498506,0.1954697303026674,0.0378247459614652,0.0374406540757777,GPR
0.105,2.6429,16.6667,15,SC,0.401237,0.502948,0.218338456582856,0.0433560907810373,0.0423157014338971,GPR
0.115714,2.6429,16.6667,15,SC,0.406493,0.50973,0.2416771621073271,0.0492434037935011,0.0474146302078575,GPR
0.126429,2.6429,16.6667,15,SC,0.410805,0.519129,0.2655195274429045,0.0555127379871405,0.0527585182943906,GPR
0.137143,2.6429,16.6667,15,SC,0.414262,0.531358,0.2898929889554009,0.0621896940324536,0.0583679749887721,GPR
0.147857,2.6429,16.6667,15,SC,0.416978,0.546568,0.3148316088633973,0.0693023202596536,0.0642656499918911,GPR
0.158571,2.6429,16.6667,15,SC,0.419087,0.564824,0.3403667345946098,0.0768781438068387,0.0704737443187441,GPR
0.169286,2.6429,16.6667,15,SC,0.420734,0.586046,0.3665311724803841,0.0849447992251045,0.077014574771215,GPR
0.18,2.6429,16.6667,15,SC,0.422066,0.609901,0.3933488582912199,0.0935262224977547,0.0839075324330423,GPR
0.03,0.5,20.0,15,SC,0.183724,0.24353,0.0665301360208154,0.0109701336217035,0.011967370308351,GPR
0.040714,0.5,20.0,15,SC,0.150604,0.172106,0.0871591469673739,0.0147691118431046,0.0158255560173288,GPR
0.051429,0.5,20.0,15,SC,0.127592,0.132565,0.1081048454087395,0.0188236042560309,0.0198265841754177,GPR
0.062143,0.5,20.0,15,SC,0.110824,0.109277,0.1293833589694963,0.023142101375831,0.0239770167693537,GPR
0.072857,0.5,20.0,15,SC,0.09817,0.094078,0.151019443555247,0.0277374565718414,0.0282872599342008,GPR
0.083571,0.5,20.0,15,SC,0.08836,0.083374,0.1730383892289127,0.0326253053024461,0.0327699652934809,GPR
0.094286,0.5,20.0,15,SC,0.080592,0.075428,0.1954697303026674,0.0378247459614652,0.0374406540757777,GPR
0.105,0.5,20.0,15,SC,0.074335,0.069305,0.218338456582856,0.0433560907810373,0.0423157014338971,GPR
0.115714,0.5,20.0,15,SC,0.069228,0.064455,0.2416771621073271,0.0492434037935011,0.0474146302078575,GPR
0.126429,0.5,20.0,15,SC,0.065011,0.060536,0.2655195274429045,0.0555127379871405,0.0527585182943906,GPR
0.137143,0.5,20.0,15,SC,0.0615,0.057319,0.2898929889554009,0.0621896940324536,0.0583679749887721,GPR
0.147857,0.5,20.0,15,SC,0.058557,0.054647,0.3148316088633973,0.0693023202596536,0.0642656499918911,GPR
0.158571,0.5,20.0,15,SC,0.056078,0.05241,0.3403667345946098,0.0768781438068387,0.0704737443187441,GPR
0.169286,0.5,20.0,15,SC,0.053983,0.050527,0.3665311724803841,0.0849447992251045,0.077014574771215,GPR
0.18,0.5,20.0,15,SC,0.052211,0.048935,0.3933488582912199,0.0935262224977547,0.0839075324330423,GPR
0.03,0.6786,20.0,15,SC,0.301956,0.468779,0.0665301360208154,0.0109701336217035,0.011967370308351,GPR
0.040714,0.6786,20.0,15,SC,0.258109,0.407507,0.0871591469673739,0.0147691118431046,0.0158255560173288,GPR
0.051429,0.6786,20.0,15,SC,0.225358,0.353216,0.1081048454087395,0.0188236042560309,0.0198265841754177,GPR
0.062143,0.6786,20.0,15,SC,0.200337,0.303374,0.1293833589694963,0.023142101375831,0.0239770167693537,GPR
0.072857,0.6786,20.0,15,SC,0.180851,0.258241,0.151019443555247,0.0277374565718414,0.0282872599342008,GPR
0.083571,0.6786,20.0,15,SC,0.165299,0.218892,0.1730383892289127,0.0326253053024461,0.0327699652934809,GPR
0.094286,0.6786,20.0,15,SC,0.152638,0.186546,0.1954697303026674,0.0378247459614652,0.0374406540757777,GPR
0.105,0.6786,20.0,15,SC,0.142199,0.161461,0.218338456582856,0.0433560907810373,0.0423157014338971,GPR
0.115714,0.6786,20.0,15,SC,0.133513,0.142614,0.2416771621073271,0.0492434037935011,0.0474146302078575,GPR
0.126429,0.6786,20.0,15,SC,0.126236,0.128499,0.2655195274429045,0.0555127379871405,0.0527585182943906,GPR
0.137143,0.6786,20.0,15,SC,0.120105,0.117798,0.2898929889554009,0.0621896940324536,0.0583679749887721,GPR
0.147857,0.6786,20.0,15,SC,0.114917,0.109548,0.3148316088633973,0.0693023202596536,0.0642656499918911,GPR
0.158571,0.6786,20.0,15,SC,0.110516,0.103092,0.3403667345946098,0.0768781438068387,0.0704737443187441,GPR
0.169286,0.6786,20.0,15,SC,0.106781,0.097981,0.3665311724803841,0.0849447992251045,0.077014574771215,GPR
0.18,0.6786,20.0,15,SC,0.103616,0.09391,0.3933488582912199,0.0935262224977547,0.0839075324330423,GPR
0.03,0.8571,20.0,15,SC,0.427147,0.595306,0.0665301360208154,0.0109701336217035,0.011967370308351,GPR
0.040714,0.8571,20.0,15,SC,0.375884,0.540308,0.0871591469673739,0.0147691118431046,0.0158255560173288,GPR
0.051429,0.8571,20.0,15,SC,0.335689,0.518096,0.1081048454087395,0.0188236042560309,0.0198265841754177,GPR
0.062143,0.8571,20.0,15,SC,0.304756,0.469149,0.1293833589694963,0.023142101375831,0.0239770167693537,GPR
0.072857,0.8571,20.0,15,SC,0.280368,0.450769,0.151019443555247,0.0277374565718414,0.0282872599342008,GPR
0.083571,0.8571,20.0,15,SC,0.260497,0.419343,0.1730383892289127,0.0326253053024461,0.0327699652934809,GPR
0.094286,0.8571,20.0,15,SC,0.243913,0.393221,0.1954697303026674,0.0378247459614652,0.0374406540757777,GPR
0.105,0.8571,20.0,15,SC,0.22988,0.373336,0.218338456582856,0.0433560907810373,0.0423157014338971,GPR
0.115714,0.8571,20.0,15,SC,0.217938,0.353358,0.2416771621073271,0.0492434037935011,0.0474146302078575,GPR
0.126429,0.8571,20.0,15,SC,0.207758,0.3347,0.2655195274429045,0.0555127379871405,0.0527585182943906,GPR
0.137143,0.8571,20.0,15,SC,0.199081,0.318661,0.2898929889554009,0.0621896940324536,0.0583679749887721,GPR
0.147857,0.8571,20.0,15,SC,0.191688,0.304795,0.3148316088633973,0.0693023202596536,0.0642656499918911,GPR
0.158571,0.8571,20.0,15,SC,0.18539,0.29261,0.3403667345946098,0.0768781438068387,0.0704737443187441,GPR
0.169286,0.8571,20.0,15,SC,0.180033,0.281968,0.3665311724803841,0.0849447992251045,0.077014574771215,GPR
0.18,0.8571,20.0,15,SC,0.175489,0.272847,0.3933488582912199,0.0935262224977547,0.0839075324330423,GPR
0.03,1.0357,20.0,15,SC,0.535624,0.627878,0.0665301360208154,0.0109701336217035,0.011967370308351,GPR
0.040714,1.0357,20.0,15,SC,0.488451,0.564084,0.0871591469673739,0.0147691118431046,0.0158255560173288,GPR
0.051429,1.0357,20.0,15,SC,0.449783,0.664308,0.1081048454087395,0.0188236042560309,0.0198265841754177,GPR
0.062143,1.0357,20.0,15,SC,0.417155,0.596822,0.1293833589694963,0.023142101375831,0.0239770167693537,GPR
0.072857,1.0357,20.0,15,SC,0.389093,0.516476,0.151019443555247,0.0277374565718414,0.0282872599342008,GPR
0.083571,1.0357,20.0,15,SC,0.364883,0.513116,0.1730383892289127,0.0326253053024461,0.0327699652934809,GPR
0.094286,1.0357,20.0,15,SC,0.344202,0.532576,0.1954697303026674,0.0378247459614652,0.0374406540757777,GPR
0.105,1.0357,20.0,15,SC,0.326727,0.523462,0.218338456582856,0.0433560907810373,0.0423157014338971,GPR
0.115714,1.0357,20.0,15,SC,0.312018,0.491555,0.2416771621073271,0.0492434037935011,0.0474146302078575,GPR
0.126429,1.0357,20.0,15,SC,0.299609,0.461576,0.2655195274429045,0.0555127379871405,0.0527585182943906,GPR
0.137143,1.0357,20.0,15,SC,0.28909,0.442418,0.2898929889554009,0.0621896940324536,0.0583679749887721,GPR
0.147857,1.0357,20.0,15,SC,0.280136,0.432114,0.3148316088633973,0.0693023202596536,0.0642656499918911,GPR
0.158571,1.0357,20.0,15,SC,0.272495,0.426444,0.3403667345946098,0.0768781438068387,0.0704737443187441,GPR
0.169286,1.0357,20.0,15,SC,0.265974,0.422306,0.3665311724803841,0.0849447992251045,0.077014574771215,GPR
0.18,1.0357,20.0,15,SC,0.260422,0.418222,0.3933488582912199,0.0935262224977547,0.0839075324330423,GPR
0.03,1.2143,20.0,15,SC,0.621739,0.570273,0.0665301360208154,0.0109701336217035,0.011967370308351,GPR
0.040714,1.2143,20.0,15,SC,0.582324,0.8155,0.0871591469673739,0.0147691118431046,0.0158255560173288,GPR
0.051429,1.2143,20.0,15,SC,0.54567,0.757741,0.1081048454087395,0.0188236042560309,0.0198265841754177,GPR
0.062143,1.2143,20.0,15,SC,0.514423,0.577359,0.1293833589694963,0.023142101375831,0.0239770167693537,GPR
0.072857,1.2143,20.0,15,SC,0.48791,0.516427,0.151019443555247,0.0277374565718414,0.0282872599342008,GPR
0.083571,1.2143,20.0,15,SC,0.465201,0.5447,0.1730383892289127,0.0326253053024461,0.0327699652934809,GPR
0.094286,1.2143,20.0,15,SC,0.445571,0.611819,0.1954697303026674,0.0378247459614652,0.0374406540757777,GPR
0.105,1.2143,20.0,15,SC,0.428484,0.657226,0.218338456582856,0.0433560907810373,0.0423157014338971,GPR
0.115714,1.2143,20.0,15,SC,0.413542,0.649003,0.2416771621073271,0.0492434037935011,0.0474146302078575,GPR
0.126429,1.2143,20.0,15,SC,0.400448,0.607247,0.2655195274429045,0.0555127379871405,0.0527585182943906,GPR
0.137143,1.2143,20.0,15,SC,0.388979,0.561352,0.2898929889554009,0.0621896940324536,0.0583679749887721,GPR
0.147857,1.2143,20.0,15,SC,0.378959,0.524431,0.3148316088633973,0.0693023202596536,0.0642656499918911,GPR
0.158571,1.2143,20.0,15,SC,0.370246,0.498169,0.3403667345946098,0.0768781438068387,0.0704737443187441,GPR
0.169286,1.2143,20.0,15,SC,0.362724,0.480388,0.3665311724803841,0.0849447992251045,0.077014574771215,GPR
0.18,1.2143,20.0,15,SC,0.356289,0.468431,0.3933488582912199,0.0935262224977547,0.0839075324330423,GPR
0.03,1.3929,20.0,15,SC,0.660556,0.703355,0.0665301360208154,0.0109701336217035,0.011967370308351,GPR
0.040714,1.3929,20.0,15,SC,0.642518,0.510759,0.0871591469673739,0.0147691118431046,0.0158255560173288,GPR
0.051429,1.3929,20.0,15,SC,0.620171,0.494231,0.1081048454087395,0.0188236042560309,0.0198265841754177,GPR
0.062143,1.3929,20.0,15,SC,0.596569,0.592016,0.1293833589694963,0.023142101375831,0.0239770167693537,GPR
0.072857,1.3929,20.0,15,SC,0.573311,0.752155,0.151019443555247,0.0277374565718414,0.0282872599342008,GPR
0.083571,1.3929,20.0,15,SC,0.551618,0.846454,0.1730383892289127,0.0326253053024461,0.0327699652934809,GPR
0.094286,1.3929,20.0,15,SC,0.532302,0.800686,0.1954697303026674,0.0378247459614652,0.0374406540757777,GPR
0.105,1.3929,20.0,15,SC,0.515391,0.696818,0.218338456582856,0.0433560907810373,0.0423157014338971,GPR
0.115714,1.3929,20.0,15,SC,0.500633,0.606879,0.2416771621073271,0.0492434037935011,0.0474146302078575,GPR
0.126429,1.3929,20.0,15,SC,0.487756,0.545678,0.2655195274429045,0.0555127379871405,0.0527585182943906,GPR
0.137143,1.3929,20.0,15,SC,0.476522,0.507778,0.2898929889554009,0.0621896940324536,0.0583679749887721,GPR
0.147857,1.3929,20.0,15,SC,0.466735,0.48558,0.3148316088633973,0.0693023202596536,0.0642656499918911,GPR
0.158571,1.3929,20.0,15,SC,0.458234,0.473121,0.3403667345946098,0.0768781438068387,0.0704737443187441,GPR
0.169286,1.3929,20.0,15,SC,0.450884,0.466199,0.3665311724803841,0.0849447992251045,0.077014574771215,GPR
0.18,1.3929,20.0,15,SC,0.444576,0.461992,0.3933488582912199,0.0935262224977547,0.0839075324330423,GPR
0.03,1.5714,20.0,15,SC,0.657432,0.823953,0.0665301360208154,0.0109701336217035,0.011967370308351,GPR
0.040714,1.5714,20.0,15,SC,0.653717,0.992895,0.0871591469673739,0.0147691118431046,0.0158255560173288,GPR
0.051429,1.5714,20.0,15,SC,0.649441,0.79481,0.1081048454087395,0.0188236042560309,0.0198265841754177,GPR
0.062143,1.5714,20.0,15,SC,0.639387,0.600845,0.1293833589694963,0.023142101375831,0.0239770167693537,GPR
0.072857,1.5714,20.0,15,SC,0.627708,0.499667,0.151019443555247,0.0277374565718414,0.0282872599342008,GPR
0.083571,1.5714,20.0,15,SC,0.615162,0.460051,0.1730383892289127,0.0326253053024461,0.0327699652934809,GPR
0.094286,1.5714,20.0,15,SC,0.601872,0.458211,0.1954697303026674,0.0378247459614652,0.0374406540757777,GPR
0.105,1.5714,20.0,15,SC,0.589232,0.481058,0.218338456582856,0.0433560907810373,0.0423157014338971,GPR
0.115714,1.5714,20.0,15,SC,0.577204,0.51979,0.2416771621073271,0.0492434037935011,0.0474146302078575,GPR
0.126429,1.5714,20.0,15,SC,0.56608,0.566586,0.2655195274429045,0.0555127379871405,0.0527585182943906,GPR
0.137143,1.5714,20.0,15,SC,0.55597,0.613965,0.2898929889554009,0.0621896940324536,0.0583679749887721,GPR
0.147857,1.5714,20.0,15,SC,0.546901,0.655704,0.3148316088633973,0.0693023202596536,0.0642656499918911,GPR
0.158571,1.5714,20.0,15,SC,0.538885,0.687927,0.3403667345946098,0.0768781438068387,0.0704737443187441,GPR
0.169286,1.5714,20.0,15,SC,0.531901,0.70932,0.3665311724803841,0.0849447992251045,0.077014574771215,GPR
0.18,1.5714,20.0,15,SC,0.525908,0.720361,0.3933488582912199,0.0935262224977547,0.0839075324330423,GPR
0.03,1.75,20.0,15,SC,0.630672,0.406164,0.0665301360208154,0.0109701336217035,0.011967370308351,GPR
0.040714,1.75,20.0,15,SC,0.634095,0.517909,0.0871591469673739,0.0147691118431046,0.0158255560173288,GPR
0.051429,1.75,20.0,15,SC,0.641709,0.710069,0.1081048454087395,0.0188236042560309,0.0198265841754177,GPR
0.062143,1.75,20.0,15,SC,0.6427,0.916786,0.1293833589694963,0.023142101375831,0.0239770167693537,GPR
0.072857,1.75,20.0,15,SC,0.637994,0.997468,0.151019443555247,0.0277374565718414,0.0282872599342008,GPR
0.083571,1.75,20.0,15,SC,0.63399,0.925626,0.1730383892289127,0.0326253053024461,0.0327699652934809,GPR
0.094286,1.75,20.0,15,SC,0.630542,0.801925,0.1954697303026674,0.0378247459614652,0.0374406540757777,GPR
0.105,1.75,20.0,15,SC,0.62511,0.69309,0.218338456582856,0.0433560907810373,0.0423157014338971,GPR
0.115714,1.75,20.0,15,SC,0.618505,0.613119,0.2416771621073271,0.0492434037935011,0.0474146302078575,GPR
0.126429,1.75,20.0,15,SC,0.611953,0.557641,0.2655195274429045,0.0555127379871405,0.0527585182943906,GPR
0.137143,1.75,20.0,15,SC,0.605914,0.519868,0.2898929889554009,0.0621896940324536,0.0583679749887721,GPR
0.147857,1.75,20.0,15,SC,0.600383,0.494381,0.3148316088633973,0.0693023202596536,0.0642656499918911,GPR
0.158571,1.75,20.0,15,SC,0.595267,0.477408,0.3403667345946098,0.0768781438068387,0.0704737443187441,GPR
0.169286,1.75,20.0,15,SC,0.590546,0.466471,0.3665311724803841,0.0849447992251045,0.077014574771215,GPR
0.18,1.75,20.0,15,SC,0.586252,0.460038,0.3933488582912199,0.0935262224977547,0.0839075324330423,GPR
0.03,1.9286,20.0,15,SC,0.585777,0.384431,0.0665301360208154,0.0109701336217035,0.011967370308351,GPR
0.040714,1.9286,20.0,15,SC,0.607092,0.362439,0.0871591469673739,0.0147691118431046,0.0158255560173288,GPR
0.051429,1.9286,20.0,15,SC,0.617764,0.375544,0.1081048454087395,0.0188236042560309,0.0198265841754177,GPR
0.062143,1.9286,20.0,15,SC,0.619598,0.416965,0.1293833589694963,0.023142101375831,0.0239770167693537,GPR
0.072857,1.9286,20.0,15,SC,0.620078,0.483526,0.151019443555247,0.0277374565718414,0.0282872599342008,GPR
0.083571,1.9286,20.0,15,SC,0.622327,0.570912,0.1730383892289127,0.0326253053024461,0.0327699652934809,GPR
0.094286,1.9286,20.0,15,SC,0.625182,0.670517,0.1954697303026674,0.0378247459614652,0.0374406540757777,GPR
0.105,1.9286,20.0,15,SC,0.625587,0.769268,0.218338456582856,0.0433560907810373,0.0423157014338971,GPR
0.115714,1.9286,20.0,15,SC,0.623655,0.853645,0.2416771621073271,0.0492434037935011,0.0474146302078575,GPR
0.126429,1.9286,20.0,15,SC,0.620627,0.915341,0.2655195274429045,0.0555127379871405,0.0527585182943906,GPR
0.137143,1.9286,20.0,15,SC,0.617271,0.95374,0.2898929889554009,0.0621896940324536,0.0583679749887721,GPR
0.147857,1.9286,20.0,15,SC,0.613928,0.973744,0.3148316088633973,0.0693023202596536,0.0642656499918911,GPR
0.158571,1.9286,20.0,15,SC,0.610721,0.981877,0.3403667345946098,0.0768781438068387,0.0704737443187441,GPR
0.169286,1.9286,20.0,15,SC,0.607678,0.983518,0.3665311724803841,0.0849447992251045,0.077014574771215,GPR
0.18,1.9286,20.0,15,SC,0.604799,0.981831,0.3933488582912199,0.0935262224977547,0.0839075324330423,GPR
0.03,2.1071,20.0,15,SC,0.554403,0.536199,0.0665301360208154,0.0109701336217035,0.011967370308351,GPR
0.040714,2.1071,20.0,15,SC,0.564594,0.443924,0.0871591469673739,0.0147691118431046,0.0158255560173288,GPR
0.051429,2.1071,20.0,15,SC,0.572817,0.390334,0.1081048454087395,0.0188236042560309,0.0198265841754177,GPR
0.062143,2.1071,20.0,15,SC,0.58341,0.362325,0.1293833589694963,0.023142101375831,0.0239770167693537,GPR
0.072857,2.1071,20.0,15,SC,0.59524,0.350883,0.151019443555247,0.0277374565718414,0.0282872599342008,GPR
0.083571,2.1071,20.0,15,SC,0.602592,0.350409,0.1730383892289127,0.0326253053024461,0.0327699652934809,GPR
0.094286,2.1071,20.0,15,SC,0.605363,0.357174,0.1954697303026674,0.0378247459614652,0.0374406540757777,GPR
0.105,2.1071,20.0,15,SC,0.605748,0.368379,0.218338456582856,0.0433560907810373,0.0423157014338971,GPR
0.115714,2.1071,20.0,15,SC,0.605069,0.381711,0.2416771621073271,0.0492434037935011,0.0474146302078575,GPR
0.126429,2.1071,20.0,15,SC,0.603944,0.395171,0.2655195274429045,0.0555127379871405,0.0527585182943906,GPR
0.137143,2.1071,20.0,15,SC,0.602636,0.407075,0.2898929889554009,0.0621896940324536,0.0583679749887721,GPR
0.147857,2.1071,20.0,15,SC,0.601235,0.416109,0.3148316088633973,0.0693023202596536,0.0642656499918911,GPR
0.158571,2.1071,20.0,15,SC,0.599753,0.421385,0.3403667345946098,0.0768781438068387,0.0704737443187441,GPR
0.169286,2.1071,20.0,15,SC,0.59819,0.422479,0.3665311724803841,0.0849447992251045,0.077014574771215,GPR
0.18,2.1071,20.0,15,SC,0.596558,0.419413,0.3933488582912199,0.0935262224977547,0.0839075324330423,GPR
0.03,2.2857,20.0,15,SC,0.506819,0.754272,0.0665301360208154,0.0109701336217035,0.011967370308351,GPR
0.040714,2.2857,20.0,15,SC,0.531206,0.669549,0.0871591469673739,0.0147691118431046,0.0158255560173288,GPR
0.051429,2.2857,20.0,15,SC,0.545037,0.576867,0.1081048454087395,0.0188236042560309,0.0198265841754177,GPR
0.062143,2.2857,20.0,15,SC,0.552678,0.503846,0.1293833589694963,0.023142101375831,0.0239770167693537,GPR
0.072857,2.2857,20.0,15,SC,0.557536,0.45173,0.151019443555247,0.0277374565718414,0.0282872599342008,GPR
0.083571,2.2857,20.0,15,SC,0.561216,0.415713,0.1730383892289127,0.0326253053024461,0.0327699652934809,GPR
0.094286,2.2857,20.0,15,SC,0.564499,0.391126,0.1954697303026674,0.0378247459614652,0.0374406540757777,GPR
0.105,2.2857,20.0,15,SC,0.567706,0.374482,0.218338456582856,0.0433560907810373,0.0423157014338971,GPR
0.115714,2.2857,20.0,15,SC,0.570808,0.36333,0.2416771621073271,0.0492434037935011,0.0474146302078575,GPR
0.126429,2.2857,20.0,15,SC,0.573549,0.35598,0.2655195274429045,0.0555127379871405,0.0527585182943906,GPR
0.137143,2.2857,20.0,15,SC,0.575642,0.351281,0.2898929889554009,0.0621896940324536,0.0583679749887721,GPR
0.147857,2.2857,20.0,15,SC,0.576915,0.348486,0.3148316088633973,0.0693023202596536,0.0642656499918911,GPR
0.158571,2.2857,20.0,15,SC,0.577339,0.34716,0.3403667345946098,0.0768781438068387,0.0704737443187441,GPR
0.169286,2.2857,20.0,15,SC,0.57697,0.347119,0.3665311724803841,0.0849447992251045,0.077014574771215,GPR
0.18,2.2857,20.0,15,SC,0.575896,0.348395,0.3933488582912199,0.0935262224977547,0.0839075324330423,GPR
0.03,2.4643,20.0,15,SC,0.463247,0.674255,0.0665301360208154,0.0109701336217035,0.011967370308351,GPR
0.040714,2.4643,20.0,15,SC,0.478246,0.761653,0.0871591469673739,0.0147691118431046,0.0158255560173288,GPR
0.051429,2.4643,20.0,15,SC,0.494563,0.78304,0.1081048454087395,0.0188236042560309,0.0198265841754177,GPR
0.062143,2.4643,20.0,15,SC,0.511335,0.755737,0.1293833589694963,0.023142101375831,0.0239770167693537,GPR
0.072857,2.4643,20.0,15,SC,0.524968,0.708091,0.151019443555247,0.0277374565718414,0.0282872599342008,GPR
0.083571,2.4643,20.0,15,SC,0.534293,0.65904,0.1730383892289127,0.0326253053024461,0.0327699652934809,GPR
0.094286,2.4643,20.0,15,SC,0.540444,0.616779,0.1954697303026674,0.0378247459614652,0.0374406540757777,GPR
0.105,2.4643,20.0,15,SC,0.544597,0.583495,0.218338456582856,0.0433560907810373,0.0423157014338971,GPR
0.115714,2.4643,20.0,15,SC,0.547498,0.55895,0.2416771621073271,0.0492434037935011,0.0474146302078575,GPR
0.126429,2.4643,20.0,15,SC,0.549577,0.542221,0.2655195274429045,0.0555127379871405,0.0527585182943906,GPR
0.137143,2.4643,20.0,15,SC,0.55109,0.532404,0.2898929889554009,0.0621896940324536,0.0583679749887721,GPR
0.147857,2.4643,20.0,15,SC,0.552194,0.528845,0.3148316088633973,0.0693023202596536,0.0642656499918911,GPR
0.158571,2.4643,20.0,15,SC,0.552988,0.531204,0.3403667345946098,0.0768781438068387,0.0704737443187441,GPR
0.169286,2.4643,20.0,15,SC,0.553535,0.539455,0.3665311724803841,0.0849447992251045,0.077014574771215,GPR
0.18,2.4643,20.0,15,SC,0.553872,0.553871,0.3933488582912199,0.0935262224977547,0.0839075324330423,GPR
0.03,2.6429,20.0,15,SC,0.435683,0.437294,0.0665301360208154,0.0109701336217035,0.011967370308351,GPR
0.040714,2.6429,20.0,15,SC,0.448205,0.529337,0.0871591469673739,0.0147691118431046,0.0158255560173288,GPR
0.051429,2.6429,20.0,15,SC,0.458453,0.619574,0.1081048454087395,0.0188236042560309,0.0198265841754177,GPR
0.062143,2.6429,20.0,15,SC,0.467392,0.697005,0.1293833589694963,0.023142101375831,0.0239770167693537,GPR
0.072857,2.6429,20.0,15,SC,0.475593,0.754643,0.151019443555247,0.0277374565718414,0.0282872599342008,GPR
0.083571,2.6429,20.0,15,SC,0.483323,0.791785,0.1730383892289127,0.0326253053024461,0.0327699652934809,GPR
0.094286,2.6429,20.0,15,SC,0.490575,0.812563,0.1954697303026674,0.0378247459614652,0.0374406540757777,GPR
0.105,2.6429,20.0,15,SC,0.497144,0.822889,0.218338456582856,0.0433560907810373,0.0423157014338971,GPR
0.115714,2.6429,20.0,15,SC,0.502773,0.828174,0.2416771621073271,0.0492434037935011,0.0474146302078575,GPR
0.126429,2.6429,20.0,15,SC,0.50729,0.832386,0.2655195274429045,0.0555127379871405,0.0527585182943906,GPR
0.137143,2.6429,20.0,15,SC,0.510645,0.838004,0.2898929889554009,0.0621896940324536,0.0583679749887721,GPR
0.147857,2.6429,20.0,15,SC,0.512879,0.846247,0.3148316088633973,0.0693023202596536,0.0642656499918911,GPR
0.158571,2.6429,20.0,15,SC,0.514079,0.85728,0.3403667345946098,0.0768781438068387,0.0704737443187441,GPR
0.169286,2.6429,20.0,15,SC,0.51436,0.870278,0.3665311724803841,0.0849447992251045,0.077014574771215,GPR
0.18,2.6429,20.0,15,SC,0.51388,0.883353,0.3933488582912199,0.0935262224977547,0.0839075324330423,GPR
0.03,2.8214,20.0,15,SC,0.405516,0.295626,0.0665301360208154,0.0109701336217035,0.011967370308351,GPR
0.040714,2.8214,20.0,15,SC,0.420919,0.340075,0.0871591469673739,0.0147691118431046,0.0158255560173288,GPR
0.051429,2.8214,20.0,15,SC,0.432622,0.387876,0.1081048454087395,0.0188236042560309,0.0198265841754177,GPR
0.062143,2.8214,20.0,15,SC,0.441882,0.436647,0.1293833589694963,0.023142101375831,0.0239770167693537,GPR
0.072857,2.8214,20.0,15,SC,0.449455,0.483778,0.151019443555247,0.0277374565718414,0.0282872599342008,GPR
0.083571,2.8214,20.0,15,SC,0.455804,0.526876,0.1730383892289127,0.0326253053024461,0.0327699652934809,GPR
0.094286,2.8214,20.0,15,SC,0.461217,0.564106,0.1954697303026674,0.0378247459614652,0.0374406540757777,GPR
0.105,2.8214,20.0,15,SC,0.465878,0.594309,0.218338456582856,0.0433560907810373,0.0423157014338971,GPR
0.115714,2.8214,20.0,15,SC,0.46991,0.616906,0.2416771621073271,0.0492434037935011,0.0474146302078575,GPR
0.126429,2.8214,20.0,15,SC,0.473405,0.631682,0.2655195274429045,0.0555127379871405,0.0527585182943906,GPR
0.137143,2.8214,20.0,15,SC,0.476438,0.638585,0.2898929889554009,0.0621896940324536,0.0583679749887721,GPR
0.147857,2.8214,20.0,15,SC,0.47908,0.637605,0.3148316088633973,0.0693023202596536,0.0642656499918911,GPR
0.158571,2.8214,20.0,15,SC,0.481401,0.628777,0.3403667345946098,0.0768781438068387,0.0704737443187441,GPR
0.169286,2.8214,20.0,15,SC,0.483471,0.612288,0.3665311724803841,0.0849447992251045,0.077014574771215,GPR
0.18,2.8214,20.0,15,SC,0.485351,0.588627,0.3933488582912199,0.0935262224977547,0.0839075324330423,GPR
0.03,3.0,20.0,15,SC,0.366607,0.226874,0.0665301360208154,0.0109701336217035,0.011967370308351,GPR
0.040714,3.0,20.0,15,SC,0.384955,0.247135,0.0871591469673739,0.0147691118431046,0.0158255560173288,GPR
0.051429,3.0,20.0,15,SC,0.400191,0.268218,0.1081048454087395,0.0188236042560309,0.0198265841754177,GPR
0.062143,3.0,20.0,15,SC,0.412385,0.289217,0.1293833589694963,0.023142101375831,0.0239770167693537,GPR
0.072857,3.0,20.0,15,SC,0.422166,0.309161,0.151019443555247,0.0277374565718414,0.0282872599342008,GPR
0.083571,3.0,20.0,15,SC,0.43014,0.327107,0.1730383892289127,0.0326253053024461,0.0327699652934809,GPR
0.094286,3.0,20.0,15,SC,0.436762,0.342218,0.1954697303026674,0.0378247459614652,0.0374406540757777,GPR
0.105,3.0,20.0,15,SC,0.442347,0.353834,0.218338456582856,0.0433560907810373,0.0423157014338971,GPR
0.115714,3.0,20.0,15,SC,0.447115,0.361506,0.2416771621073271,0.0492434037935011,0.0474146302078575,GPR
0.126429,3.0,20.0,15,SC,0.451218,0.365024,0.2655195274429045,0.0555127379871405,0.0527585182943906,GPR
0.137143,3.0,20.0,15,SC,0.454759,0.364412,0.2898929889554009,0.0621896940324536,0.0583679749887721,GPR
0.147857,3.0,20.0,15,SC,0.457802,0.35992,0.3148316088633973,0.0693023202596536,0.0642656499918911,GPR
0.158571,3.0,20.0,15,SC,0.460375,0.351996,0.3403667345946098,0.0768781438068387,0.0704737443187441,GPR
0.169286,3.0,20.0,15,SC,0.462468,0.341251,0.3665311724803841,0.0849447992251045,0.077014574771215,GPR
0.18,3.0,20.0,15,SC,0.464022,0.328405,0.3933488582912199,0.0935262224977547,0.0839075324330423,GPR
0.03,0.5,23.3333,15,SC,0.106637,0.098033,0.0665301360208154,0.0109701336217035,0.011967370308351,GPR
0.040714,0.5,23.3333,15,SC,0.084696,0.077054,0.0871591469673739,0.0147691118431046,0.0158255560173288,GPR
0.051429,0.5,23.3333,15,SC,0.070192,0.064389,0.1081048454087395,0.0188236042560309,0.0198265841754177,GPR
0.062143,0.5,23.3333,15,SC,0.060068,0.055833,0.1293833589694963,0.023142101375831,0.0239770167693537,GPR
0.072857,0.5,23.3333,15,SC,0.052706,0.04965,0.151019443555247,0.0277374565718414,0.0282872599342008,GPR
0.083571,0.5,23.3333,15,SC,0.047174,0.044974,0.1730383892289127,0.0326253053024461,0.0327699652934809,GPR
0.094286,0.5,23.3333,15,SC,0.042905,0.041323,0.1954697303026674,0.0378247459614652,0.0374406540757777,GPR
0.105,0.5,23.3333,15,SC,0.039535,0.0384,0.218338456582856,0.0433560907810373,0.0423157014338971,GPR
0.115714,0.5,23.3333,15,SC,0.036826,0.036018,0.2416771621073271,0.0492434037935011,0.0474146302078575,GPR
0.126429,0.5,23.3333,15,SC,0.034614,0.034046,0.2655195274429045,0.0555127379871405,0.0527585182943906,GPR
0.137143,0.5,23.3333,15,SC,0.032786,0.032397,0.2898929889554009,0.0621896940324536,0.0583679749887721,GPR
0.147857,0.5,23.3333,15,SC,0.031259,0.031005,0.3148316088633973,0.0693023202596536,0.0642656499918911,GPR
0.158571,0.5,23.3333,15,SC,0.029975,0.029823,0.3403667345946098,0.0768781438068387,0.0704737443187441,GPR
0.169286,0.5,23.3333,15,SC,0.028888,0.028813,0.3665311724803841,0.0849447992251045,0.077014574771215,GPR
0.18,0.5,23.3333,15,SC,0.027967,0.02795,0.3933488582912199,0.0935262224977547,0.0839075324330423,GPR
0.03,0.6786,23.3333,15,SC,0.183528,0.231793,0.0665301360208154,0.0109701336217035,0.011967370308351,GPR
0.040714,0.6786,23.3333,15,SC,0.151131,0.149809,0.0871591469673739,0.0147691118431046,0.0158255560173288,GPR
0.051429,0.6786,23.3333,15,SC,0.128208,0.111773,0.1081048454087395,0.0188236042560309,0.0198265841754177,GPR
0.062143,0.6786,23.3333,15,SC,0.111258,0.091268,0.1293833589694963,0.023142101375831,0.0239770167693537,GPR
0.072857,0.6786,23.3333,15,SC,0.098332,0.078354,0.151019443555247,0.0277374565718414,0.0282872599342008,GPR
0.083571,0.6786,23.3333,15,SC,0.088247,0.069407,0.1730383892289127,0.0326253053024461,0.0327699652934809,GPR
0.094286,0.6786,23.3333,15,SC,0.080226,0.062821,0.1954697303026674,0.0378247459614652,0.0374406540757777,GPR
0.105,0.6786,23.3333,15,SC,0.073748,0.05777,0.218338456582856,0.0433560907810373,0.0423157014338971,GPR
0.115714,0.6786,23.3333,15,SC,0.068456,0.053782,0.2416771621073271,0.0492434037935011,0.0474146302078575,GPR
0.126429,0.6786,23.3333,15,SC,0.06409,0.050566,0.2655195274429045,0.0555127379871405,0.0527585182943906,GPR
0.137143,0.6786,23.3333,15,SC,0.060463,0.04793,0.2898929889554009,0.0621896940324536,0.0583679749887721,GPR
0.147857,0.6786,23.3333,15,SC,0.057432,0.045745,0.3148316088633973,0.0693023202596536,0.0642656499918911,GPR
0.158571,0.6786,23.3333,15,SC,0.054891,0.043919,0.3403667345946098,0.0768781438068387,0.0704737443187441,GPR
0.169286,0.6786,23.3333,15,SC,0.052757,0.042385,0.3665311724803841,0.0849447992251045,0.077014574771215,GPR
0.18,0.6786,23.3333,15,SC,0.050967,0.041092,0.3933488582912199,0.0935262224977547,0.0839075324330423,GPR
0.03,0.8571,23.3333,15,SC,0.271641,0.450256,0.0665301360208154,0.0109701336217035,0.011967370308351,GPR
0.040714,0.8571,23.3333,15,SC,0.231318,0.375726,0.0871591469673739,0.0147691118431046,0.0158255560173288,GPR
0.051429,0.8571,23.3333,15,SC,0.201757,0.305268,0.1081048454087395,0.0188236042560309,0.0198265841754177,GPR
0.062143,0.8571,23.3333,15,SC,0.179446,0.238793,0.1293833589694963,0.023142101375831,0.0239770167693537,GPR
0.072857,0.8571,23.3333,15,SC,0.161731,0.183137,0.151019443555247,0.0277374565718414,0.0282872599342008,GPR
0.083571,0.8571,23.3333,15,SC,0.14739,0.144698,0.1730383892289127,0.0326253053024461,0.0327699652934809,GPR
0.094286,0.8571,23.3333,15,SC,0.13574,0.120333,0.1954697303026674,0.0378247459614652,0.0374406540757777,GPR
0.105,0.8571,23.3333,15,SC,0.126208,0.104384,0.218338456582856,0.0433560907810373,0.0423157014338971,GPR
0.115714,0.8571,23.3333,15,SC,0.118316,0.093311,0.2416771621073271,0.0492434037935011,0.0474146302078575,GPR
0.126429,0.8571,23.3333,15,SC,0.11171,0.085228,0.2655195274429045,0.0555127379871405,0.0527585182943906,GPR
0.137143,0.8571,23.3333,15,SC,0.106143,0.079104,0.2898929889554009,0.0621896940324536,0.0583679749887721,GPR
0.147857,0.8571,23.3333,15,SC,0.101434,0.074339,0.3148316088633973,0.0693023202596536,0.0642656499918911,GPR
0.158571,0.8571,23.3333,15,SC,0.097449,0.070563,0.3403667345946098,0.0768781438068387,0.0704737443187441,GPR
0.169286,0.8571,23.3333,15,SC,0.09408,0.067535,0.3665311724803841,0.0849447992251045,0.077014574771215,GPR
0.18,0.8571,23.3333,15,SC,0.091242,0.065093,0.3933488582912199,0.0935262224977547,0.0839075324330423,GPR
0.03,1.0357,23.3333,15,SC,0.358537,0.551779,0.0665301360208154,0.0109701336217035,0.011967370308351,GPR
0.040714,1.0357,23.3333,15,SC,0.315863,0.532658,0.0871591469673739,0.0147691118431046,0.0158255560173288,GPR
0.051429,1.0357,23.3333,15,SC,0.283574,0.462917,0.1081048454087395,0.0188236042560309,0.0198265841754177,GPR
0.062143,1.0357,23.3333,15,SC,0.257223,0.436668,0.1293833589694963,0.023142101375831,0.0239770167693537,GPR
0.072857,1.0357,23.3333,15,SC,0.23516,0.390978,0.151019443555247,0.0277374565718414,0.0282872599342008,GPR
0.083571,1.0357,23.3333,15,SC,0.216968,0.358756,0.1730383892289127,0.0326253053024461,0.0327699652934809,GPR
0.094286,1.0357,23.3333,15,SC,0.202178,0.324676,0.1954697303026674,0.0378247459614652,0.0374406540757777,GPR
0.105,1.0357,23.3333,15,SC,0.190078,0.294286,0.218338456582856,0.0433560907810373,0.0423157014338971,GPR
0.115714,1.0357,23.3333,15,SC,0.180024,0.266504,0.2416771621073271,0.0492434037935011,0.0474146302078575,GPR
0.126429,1.0357,23.3333,15,SC,0.17155,0.241297,0.2655195274429045,0.0555127379871405,0.0527585182943906,GPR
0.137143,1.0357,23.3333,15,SC,0.164338,0.219217,0.2898929889554009,0.0621896940324536,0.0583679749887721,GPR
0.147857,1.0357,23.3333,15,SC,0.158171,0.20032,0.3148316088633973,0.0693023202596536,0.0642656499918911,GPR
0.158571,1.0357,23.3333,15,SC,0.152895,0.184608,0.3403667345946098,0.0768781438068387,0.0704737443187441,GPR
0.169286,1.0357,23.3333,15,SC,0.148394,0.17191,0.3665311724803841,0.0849447992251045,0.077014574771215,GPR
0.18,1.0357,23.3333,15,SC,0.144575,0.161913,0.3933488582912199,0.0935262224977547,0.0839075324330423,GPR
0.03,1.2143,23.3333,15,SC,0.447392,0.578202,0.0665301360208154,0.0109701336217035,0.011967370308351,GPR
0.040714,1.2143,23.3333,15,SC,0.401346,0.598116,0.0871591469673739,0.0147691118431046,0.0158255560173288,GPR
0.051429,1.2143,23.3333,15,SC,0.363278,0.606665,0.1081048454087395,0.0188236042560309,0.0198265841754177,GPR
0.062143,1.2143,23.3333,15,SC,0.333816,0.499916,0.1293833589694963,0.023142101375831,0.0239770167693537,GPR
0.072857,1.2143,23.3333,15,SC,0.310656,0.519835,0.151019443555247,0.0277374565718414,0.0282872599342008,GPR
0.083571,1.2143,23.3333,15,SC,0.291751,0.508112,0.1730383892289127,0.0326253053024461,0.0327699652934809,GPR
0.094286,1.2143,23.3333,15,SC,0.275858,0.454344,0.1954697303026674,0.0378247459614652,0.0374406540757777,GPR
0.105,1.2143,23.3333,15,SC,0.262231,0.431318,0.218338456582856,0.0433560907810373,0.0423157014338971,GPR
0.115714,1.2143,23.3333,15,SC,0.250414,0.427017,0.2416771621073271,0.0492434037935011,0.0474146302078575,GPR
0.126429,1.2143,23.3333,15,SC,0.240126,0.415744,0.2655195274429045,0.0555127379871405,0.0527585182943906,GPR
0.137143,1.2143,23.3333,15,SC,0.231184,0.396164,0.2898929889554009,0.0621896940324536,0.0583679749887721,GPR
0.147857,1.2143,23.3333,15,SC,0.22345,0.377221,0.3148316088633973,0.0693023202596536,0.0642656499918911,GPR
0.158571,1.2143,23.3333,15,SC,0.216809,0.362814,0.3403667345946098,0.0768781438068387,0.0704737443187441,GPR
0.169286,1.2143,23.3333,15,SC,0.211151,0.352381,0.3665311724803841,0.0849447992251045,0.077014574771215,GPR
0.18,1.2143,23.3333,15,SC,0.206373,0.344422,0.3933488582912199,0.0935262224977547,0.0839075324330423,GPR
0.03,1.3929,23.3333,15,SC,0.51665,0.574366,0.0665301360208154,0.0109701336217035,0.011967370308351,GPR
0.040714,1.3929,23.3333,15,SC,0.478578,0.81266,0.0871591469673739,0.0147691118431046,0.0158255560173288,GPR
0.051429,1.3929,23.3333,15,SC,0.445408,0.608434,0.1081048454087395,0.0188236042560309,0.0198265841754177,GPR
0.062143,1.3929,23.3333,15,SC,0.415833,0.510477,0.1293833589694963,0.023142101375831,0.0239770167693537,GPR
0.072857,1.3929,23.3333,15,SC,0.389468,0.577938,0.151019443555247,0.0277374565718414,0.0282872599342008,GPR
0.083571,1.3929,23.3333,15,SC,0.366674,0.648149,0.1730383892289127,0.0326253053024461,0.0327699652934809,GPR
0.094286,1.3929,23.3333,15,SC,0.347588,0.593169,0.1954697303026674,0.0378247459614652,0.0374406540757777,GPR
0.105,1.3929,23.3333,15,SC,0.331762,0.512611,0.218338456582856,0.0433560907810373,0.0423157014338971,GPR
0.115714,1.3929,23.3333,15,SC,0.318562,0.471657,0.2416771621073271,0.0492434037935011,0.0474146302078575,GPR
0.126429,1.3929,23.3333,15,SC,0.30744,0.465303,0.2655195274429045,0.0555127379871405,0.0527585182943906,GPR
0.137143,1.3929,23.3333,15,SC,0.297992,0.476005,0.2898929889554009,0.0621896940324536,0.0583679749887721,GPR
0.147857,1.3929,23.3333,15,SC,0.289923,0.48873,0.3148316088633973,0.0693023202596536,0.0642656499918911,GPR
0.158571,1.3929,23.3333,15,SC,0.283019,0.495234,0.3403667345946098,0.0768781438068387,0.0704737443187441,GPR
0.169286,1.3929,23.3333,15,SC,0.277119,0.494368,0.3665311724803841,0.0849447992251045,0.077014574771215,GPR
0.18,1.3929,23.3333,15,SC,0.272101,0.48876,0.3933488582912199,0.0935262224977547,0.0839075324330423,GPR
0.03,1.5714,23.3333,15,SC,0.571642,0.754926,0.0665301360208154,0.0109701336217035,0.011967370308351,GPR
0.040714,1.5714,23.3333,15,SC,0.537939,0.506769,0.0871591469673739,0.0147691118431046,0.0158255560173288,GPR
0.051429,1.5714,23.3333,15,SC,0.508832,0.528832,0.1081048454087395,0.0188236042560309,0.0198265841754177,GPR
0.062143,1.5714,23.3333,15,SC,0.483541,0.715179,0.1293833589694963,0.023142101375831,0.0239770167693537,GPR
0.072857,1.5714,23.3333,15,SC,0.461352,0.812136,0.151019443555247,0.0277374565718414,0.0282872599342008,GPR
0.083571,1.5714,23.3333,15,SC,0.441708,0.681055,0.1730383892289127,0.0326253053024461,0.0327699652934809,GPR
0.094286,1.5714,23.3333,15,SC,0.424198,0.551225,0.1954697303026674,0.0378247459614652,0.0374406540757777,GPR
0.105,1.5714,23.3333,15,SC,0.408545,0.489886,0.218338456582856,0.0433560907810373,0.0423157014338971,GPR
0.115714,1.5714,23.3333,15,SC,0.394583,0.478203,0.2416771621073271,0.0492434037935011,0.0474146302078575,GPR
0.126429,1.5714,23.3333,15,SC,0.382214,0.496007,0.2655195274429045,0.0555127379871405,0.0527585182943906,GPR
0.137143,1.5714,23.3333,15,SC,0.371367,0.527437,0.2898929889554009,0.0621896940324536,0.0583679749887721,GPR
0.147857,1.5714,23.3333,15,SC,0.361957,0.559538,0.3148316088633973,0.0693023202596536,0.0642656499918911,GPR
0.158571,1.5714,23.3333,15,SC,0.353885,0.583863,0.3403667345946098,0.0768781438068387,0.0704737443187441,GPR
0.169286,1.5714,23.3333,15,SC,0.347037,0.597709,0.3665311724803841,0.0849447992251045,0.077014574771215,GPR
0.18,1.5714,23.3333,15,SC,0.341301,0.602629,0.3933488582912199,0.0935262224977547,0.0839075324330423,GPR
0.03,1.75,23.3333,15,SC,0.61211,0.673967,0.0665301360208154,0.0109701336217035,0.011967370308351,GPR
0.040714,1.75,23.3333,15,SC,0.586614,0.975465,0.0871591469673739,0.0147691118431046,0.0158255560173288,GPR
0.051429,1.75,23.3333,15,SC,0.560829,0.76763,0.1081048454087395,0.0188236042560309,0.0198265841754177,GPR
0.062143,1.75,23.3333,15,SC,0.537859,0.550189,0.1293833589694963,0.023142101375831,0.0239770167693537,GPR
0.072857,1.75,23.3333,15,SC,0.517682,0.470838,0.151019443555247,0.0277374565718414,0.0282872599342008,GPR
0.083571,1.75,23.3333,15,SC,0.499949,0.476899,0.1730383892289127,0.0326253053024461,0.0327699652934809,GPR
0.094286,1.75,23.3333,15,SC,0.484329,0.540113,0.1954697303026674,0.0378247459614652,0.0374406540757777,GPR
0.105,1.75,23.3333,15,SC,0.470549,0.638045,0.218338456582856,0.0433560907810373,0.0423157014338971,GPR
0.115714,1.75,23.3333,15,SC,0.458386,0.734724,0.2416771621073271,0.0492434037935011,0.0474146302078575,GPR
0.126429,1.75,23.3333,15,SC,0.447661,0.791639,0.2655195274429045,0.0555127379871405,0.0527585182943906,GPR
0.137143,1.75,23.3333,15,SC,0.43823,0.798047,0.2898929889554009,0.0621896940324536,0.0583679749887721,GPR
0.147857,1.75,23.3333,15,SC,0.429973,0.771956,0.3148316088633973,0.0693023202596536,0.0642656499918911,GPR
0.158571,1.75,23.3333,15,SC,0.422792,0.73557,0.3403667345946098,0.0768781438068387,0.0704737443187441,GPR
0.169286,1.75,23.3333,15,SC,0.416602,0.702093,0.3665311724803841,0.0849447992251045,0.077014574771215,GPR
0.18,1.75,23.3333,15,SC,0.411329,0.676724,0.3933488582912199,0.0935262224977547,0.0839075324330423,GPR
0.03,1.9286,23.3333,15,SC,0.626251,0.409157,0.0665301360208154,0.0109701336217035,0.011967370308351,GPR
0.040714,1.9286,23.3333,15,SC,0.615116,0.463399,0.0871591469673739,0.0147691118431046,0.0158255560173288,GPR
0.051429,1.9286,23.3333,15,SC,0.6003,0.64648,0.1081048454087395,0.0188236042560309,0.0198265841754177,GPR
0.062143,1.9286,23.3333,15,SC,0.583171,0.897488,0.1293833589694963,0.023142101375831,0.0239770167693537,GPR
0.072857,1.9286,23.3333,15,SC,0.565621,0.966134,0.151019443555247,0.0277374565718414,0.0282872599342008,GPR
0.083571,1.9286,23.3333,15,SC,0.54947,0.820788,0.1730383892289127,0.0326253053024461,0.0327699652934809,GPR
0.094286,1.9286,23.3333,15,SC,0.535056,0.661842,0.1954697303026674,0.0378247459614652,0.0374406540757777,GPR
0.105,1.9286,23.3333,15,SC,0.522289,0.555732,0.218338456582856,0.0433560907810373,0.0423157014338971,GPR
0.115714,1.9286,23.3333,15,SC,0.511014,0.493362,0.2416771621073271,0.0492434037935011,0.0474146302078575,GPR
0.126429,1.9286,23.3333,15,SC,0.501083,0.458899,0.2655195274429045,0.0555127379871405,0.0527585182943906,GPR
0.137143,1.9286,23.3333,15,SC,0.492364,0.441303,0.2898929889554009,0.0621896940324536,0.0583679749887721,GPR
0.147857,1.9286,23.3333,15,SC,0.484747,0.433466,0.3148316088633973,0.0693023202596536,0.0642656499918911,GPR
0.158571,1.9286,23.3333,15,SC,0.478134,0.430706,0.3403667345946098,0.0768781438068387,0.0704737443187441,GPR
0.169286,1.9286,23.3333,15,SC,0.472444,0.429908,0.3665311724803841,0.0849447992251045,0.077014574771215,GPR
0.18,1.9286,23.3333,15,SC,0.467605,0.429102,0.3933488582912199,0.0935262224977547,0.0839075324330423,GPR
0.03,2.1071,23.3333,15,SC,0.61812,0.577006,0.0665301360208154,0.0109701336217035,0.011967370308351,GPR
0.040714,2.1071,23.3333,15,SC,0.617002,0.437272,0.0871591469673739,0.0147691118431046,0.0158255560173288,GPR
0.051429,2.1071,23.3333,15,SC,0.615376,0.395202,0.1081048454087395,0.0188236042560309,0.0198265841754177,GPR
0.062143,2.1071,23.3333,15,SC,0.606984,0.412217,0.1293833589694963,0.023142101375831,0.0239770167693537,GPR
0.072857,2.1071,23.3333,15,SC,0.598242,0.475969,0.151019443555247,0.0277374565718414,0.0282872599342008,GPR
0.083571,2.1071,23.3333,15,SC,0.587906,0.581085,0.1730383892289127,0.0326253053024461,0.0327699652934809,GPR
0.094286,2.1071,23.3333,15,SC,0.577501,0.713628,0.1954697303026674,0.0378247459614652,0.0374406540757777,GPR
0.105,2.1071,23.3333,15,SC,0.567156,0.842397,0.218338456582856,0.0433560907810373,0.0423157014338971,GPR
0.115714,2.1071,23.3333,15,SC,0.557385,0.931177,0.2416771621073271,0.0492434037935011,0.0474146302078575,GPR
0.126429,2.1071,23.3333,15,SC,0.548505,0.965425,0.2655195274429045,0.0555127379871405,0.0527585182943906,GPR
0.137143,2.1071,23.3333,15,SC,0.540613,0.958111,0.2898929889554009,0.0621896940324536,0.0583679749887721,GPR
0.147857,2.1071,23.3333,15,SC,0.533697,0.931452,0.3148316088633973,0.0693023202596536,0.0642656499918911,GPR
0.158571,2.1071,23.3333,15,SC,0.52771,0.902187,0.3403667345946098,0.0768781438068387,0.0704737443187441,GPR
0.169286,2.1071,23.3333,15,SC,0.522599,0.879114,0.3665311724803841,0.0849447992251045,0.077014574771215,GPR
0.18,2.1071,23.3333,15,SC,0.518312,0.865733,0.3933488582912199,0.0935262224977547,0.0839075324330423,GPR
0.03,2.2857,23.3333,15,SC,0.591226,0.923158,0.0665301360208154,0.0109701336217035,0.011967370308351,GPR
0.040714,2.2857,23.3333,15,SC,0.600298,0.756006,0.0871591469673739,0.0147691118431046,0.0158255560173288,GPR
0.051429,2.2857,23.3333,15,SC,0.608971,0.572206,0.1081048454087395,0.0188236042560309,0.0198265841754177,GPR
0.062143,2.2857,23.3333,15,SC,0.607436,0.463392,0.1293833589694963,0.023142101375831,0.0239770167693537,GPR
0.072857,2.2857,23.3333,15,SC,0.605687,0.407676,0.151019443555247,0.0277374565718414,0.0282872599342008,GPR
0.083571,2.2857,23.3333,15,SC,0.603671,0.383692,0.1730383892289127,0.0326253053024461,0.0327699652934809,GPR
0.094286,2.2857,23.3333,15,SC,0.598422,0.379275,0.1954697303026674,0.0378247459614652,0.0374406540757777,GPR
0.105,2.2857,23.3333,15,SC,0.592622,0.387301,0.218338456582856,0.0433560907810373,0.0423157014338971,GPR
0.115714,2.2857,23.3333,15,SC,0.587384,0.402901,0.2416771621073271,0.0492434037935011,0.0474146302078575,GPR
0.126429,2.2857,23.3333,15,SC,0.582253,0.422169,0.2655195274429045,0.0555127379871405,0.0527585182943906,GPR
0.137143,2.2857,23.3333,15,SC,0.577145,0.441726,0.2898929889554009,0.0621896940324536,0.0583679749887721,GPR
0.147857,2.2857,23.3333,15,SC,0.572355,0.45871,0.3148316088633973,0.0693023202596536,0.0642656499918911,GPR
0.158571,2.2857,23.3333,15,SC,0.568057,0.470933,0.3403667345946098,0.0768781438068387,0.0704737443187441,GPR
0.169286,2.2857,23.3333,15,SC,0.564308,0.477014,0.3665311724803841,0.0849447992251045,0.077014574771215,GPR
0.18,2.2857,23.3333,15,SC,0.561119,0.476424,0.3933488582912199,0.0935262224977547,0.0839075324330423,GPR
0.03,2.4643,23.3333,15,SC,0.559932,0.62428,0.0665301360208154,0.0109701336217035,0.011967370308351,GPR
0.040714,2.4643,23.3333,15,SC,0.578454,0.846693,0.0871591469673739,0.0147691118431046,0.0158255560173288,GPR
0.051429,2.4643,23.3333,15,SC,0.584077,0.92896,0.1081048454087395,0.0188236042560309,0.0198265841754177,GPR
0.062143,2.4643,23.3333,15,SC,0.588134,0.84191,0.1293833589694963,0.023142101375831,0.0239770167693537,GPR
0.072857,2.4643,23.3333,15,SC,0.594893,0.709549,0.151019443555247,0.0277374565718414,0.0282872599342008,GPR
0.083571,2.4643,23.3333,15,SC,0.598681,0.601121,0.1730383892289127,0.0326253053024461,0.0327699652934809,GPR
0.094286,2.4643,23.3333,15,SC,0.598022,0.525237,0.1954697303026674,0.0378247459614652,0.0374406540757777,GPR
0.105,2.4643,23.3333,15,SC,0.59581,0.474391,0.218338456582856,0.0433560907810373,0.0423157014338971,GPR
0.115714,2.4643,23.3333,15,SC,0.593505,0.440714,0.2416771621073271,0.0492434037935011,0.0474146302078575,GPR
0.126429,2.4643,23.3333,15,SC,0.591541,0.418544,0.2655195274429045,0.0555127379871405,0.0527585182943906,GPR
0.137143,2.4643,23.3333,15,SC,0.589786,0.404124,0.2898929889554009,0.0621896940324536,0.0583679749887721,GPR
0.147857,2.4643,23.3333,15,SC,0.587983,0.395028,0.3148316088633973,0.0693023202596536,0.0642656499918911,GPR
0.158571,2.4643,23.3333,15,SC,0.586056,0.389748,0.3403667345946098,0.0768781438068387,0.0704737443187441,GPR
0.169286,2.4643,23.3333,15,SC,0.584078,0.387439,0.3665311724803841,0.0849447992251045,0.077014574771215,GPR
0.18,2.4643,23.3333,15,SC,0.582133,0.387771,0.3933488582912199,0.0935262224977547,0.0839075324330423,GPR
0.03,2.6429,23.3333,15,SC,0.524795,0.359715,0.0665301360208154,0.0109701336217035,0.011967370308351,GPR
0.040714,2.6429,23.3333,15,SC,0.537447,0.462091,0.0871591469673739,0.0147691118431046,0.0158255560173288,GPR
0.051429,2.6429,23.3333,15,SC,0.554203,0.600862,0.1081048454087395,0.0188236042560309,0.0198265841754177,GPR
0.062143,2.6429,23.3333,15,SC,0.568274,0.753704,0.1293833589694963,0.023142101375831,0.0239770167693537,GPR
0.072857,2.6429,23.3333,15,SC,0.574248,0.877157,0.151019443555247,0.0277374565718414,0.0282872599342008,GPR
0.083571,2.6429,23.3333,15,SC,0.576573,0.936622,0.1730383892289127,0.0326253053024461,0.0327699652934809,GPR
0.094286,2.6429,23.3333,15,SC,0.577781,0.934717,0.1954697303026674,0.0378247459614652,0.0374406540757777,GPR
0.105,2.6429,23.3333,15,SC,0.578934,0.898388,0.218338456582856,0.0433560907810373,0.0423157014338971,GPR
0.115714,2.6429,23.3333,15,SC,0.580344,0.852649,0.2416771621073271,0.0492434037935011,0.0474146302078575,GPR
0.126429,2.6429,23.3333,15,SC,0.581761,0.811433,0.2655195274429045,0.0555127379871405,0.0527585182943906,GPR
0.137143,2.6429,23.3333,15,SC,0.582726,0.780344,0.2898929889554009,0.0621896940324536,0.0583679749887721,GPR
0.147857,2.6429,23.3333,15,SC,0.583015,0.760901,0.3148316088633973,0.0693023202596536,0.0642656499918911,GPR
0.158571,2.6429,23.3333,15,SC,0.582675,0.753125,0.3403667345946098,0.0768781438068387,0.0704737443187441,GPR
0.169286,2.6429,23.3333,15,SC,0.581837,0.756713,0.3665311724803841,0.0849447992251045,0.077014574771215,GPR
0.18,2.6429,23.3333,15,SC,0.580601,0.771431,0.3933488582912199,0.0935262224977547,0.0839075324330423,GPR
0.03,2.8214,23.3333,15,SC,0.496919,0.274299,0.0665301360208154,0.0109701336217035,0.011967370308351,GPR
0.040714,2.8214,23.3333,15,SC,0.512291,0.302306,0.0871591469673739,0.0147691118431046,0.0158255560173288,GPR
0.051429,2.8214,23.3333,15,SC,0.5217,0.344768,0.1081048454087395,0.0188236042560309,0.0198265841754177,GPR
0.062143,2.8214,23.3333,15,SC,0.52921,0.400421,0.1293833589694963,0.023142101375831,0.0239770167693537,GPR
0.072857,2.8214,23.3333,15,SC,0.536973,0.466616,0.151019443555247,0.0277374565718414,0.0282872599342008,GPR
0.083571,2.8214,23.3333,15,SC,0.545908,0.538783,0.1730383892289127,0.0326253053024461,0.0327699652934809,GPR
0.094286,2.8214,23.3333,15,SC,0.554535,0.610871,0.1954697303026674,0.0378247459614652,0.0374406540757777,GPR
0.105,2.8214,23.3333,15,SC,0.560725,0.676753,0.218338456582856,0.0433560907810373,0.0423157014338971,GPR
0.115714,2.8214,23.3333,15,SC,0.56443,0.731826,0.2416771621073271,0.0492434037935011,0.0474146302078575,GPR
0.126429,2.8214,23.3333,15,SC,0.566507,0.773801,0.2655195274429045,0.0555127379871405,0.0527585182943906,GPR
0.137143,2.8214,23.3333,15,SC,0.567619,0.802375,0.2898929889554009,0.0621896940324536,0.0583679749887721,GPR
0.147857,2.8214,23.3333,15,SC,0.568154,0.81824,0.3148316088633973,0.0693023202596536,0.0642656499918911,GPR
0.158571,2.8214,23.3333,15,SC,0.568318,0.822137,0.3403667345946098,0.0768781438068387,0.0704737443187441,GPR
0.169286,2.8214,23.3333,15,SC,0.568215,0.81435,0.3665311724803841,0.0849447992251045,0.077014574771215,GPR
0.18,2.8214,23.3333,15,SC,0.567881,0.794744,0.3933488582912199,0.0935262224977547,0.0839075324330423,GPR
0.03,3.0,23.3333,15,SC,0.451883,0.26104,0.0665301360208154,0.0109701336217035,0.011967370308351,GPR
0.040714,3.0,23.3333,15,SC,0.475378,0.26082,0.0871591469673739,0.0147691118431046,0.0158255560173288,GPR
0.051429,3.0,23.3333,15,SC,0.494369,0.268224,0.1081048454087395,0.0188236042560309,0.0198265841754177,GPR
0.062143,3.0,23.3333,15,SC,0.506068,0.281292,0.1293833589694963,0.023142101375831,0.0239770167693537,GPR
0.072857,3.0,23.3333,15,SC,0.513603,0.29832,0.151019443555247,0.0277374565718414,0.0282872599342008,GPR
0.083571,3.0,23.3333,15,SC,0.518982,0.317639,0.1730383892289127,0.0326253053024461,0.0327699652934809,GPR
0.094286,3.0,23.3333,15,SC,0.523154,0.337546,0.1954697303026674,0.0378247459614652,0.0374406540757777,GPR
0.105,3.0,23.3333,15,SC,0.526576,0.35636,0.218338456582856,0.0433560907810373,0.0423157014338971,GPR
0.115714,3.0,23.3333,15,SC,0.529458,0.37254,0.2416771621073271,0.0492434037935011,0.0474146302078575,GPR
0.126429,3.0,23.3333,15,SC,0.531871,0.384826,0.2655195274429045,0.0555127379871405,0.0527585182943906,GPR
0.137143,3.0,23.3333,15,SC,0.533821,0.39235,0.2898929889554009,0.0621896940324536,0.0583679749887721,GPR
0.147857,3.0,23.3333,15,SC,0.535307,0.394699,0.3148316088633973,0.0693023202596536,0.0642656499918911,GPR
0.158571,3.0,23.3333,15,SC,0.536355,0.391924,0.3403667345946098,0.0768781438068387,0.0704737443187441,GPR
0.169286,3.0,23.3333,15,SC,0.537031,0.384504,0.3665311724803841,0.0849447992251045,0.077014574771215,GPR
0.18,3.0,23.3333,15,SC,0.537437,0.373263,0.3933488582912199,0.0935262224977547,0.0839075324330423,GPR
0.03,0.5,26.6667,15,SC,0.063347,0.058202,0.0665301360208154,0.0109701336217035,0.011967370308351,GPR
0.040714,0.5,26.6667,15,SC,0.04979,0.047382,0.0871591469673739,0.0147691118431046,0.0158255560173288,GPR
0.051429,0.5,26.6667,15,SC,0.041335,0.040315,0.1081048454087395,0.0188236042560309,0.0198265841754177,GPR
0.062143,0.5,26.6667,15,SC,0.035632,0.035333,0.1293833589694963,0.023142101375831,0.0239770167693537,GPR
0.072857,0.5,26.6667,15,SC,0.031543,0.031637,0.151019443555247,0.0277374565718414,0.0282872599342008,GPR
0.083571,0.5,26.6667,15,SC,0.028476,0.028793,0.1730383892289127,0.0326253053024461,0.0327699652934809,GPR
0.094286,0.5,26.6667,15,SC,0.026095,0.026544,0.1954697303026674,0.0378247459614652,0.0374406540757777,GPR
0.105,0.5,26.6667,15,SC,0.024198,0.024727,0.218338456582856,0.0433560907810373,0.0423157014338971,GPR
0.115714,0.5,26.6667,15,SC,0.022658,0.023234,0.2416771621073271,0.0492434037935011,0.0474146302078575,GPR
0.126429,0.5,26.6667,15,SC,0.021387,0.021992,0.2655195274429045,0.0555127379871405,0.0527585182943906,GPR
0.137143,0.5,26.6667,15,SC,0.020325,0.020947,0.2898929889554009,0.0621896940324536,0.0583679749887721,GPR
0.147857,0.5,26.6667,15,SC,0.019431,0.020061,0.3148316088633973,0.0693023202596536,0.0642656499918911,GPR
0.158571,0.5,26.6667,15,SC,0.018672,0.019305,0.3403667345946098,0.0768781438068387,0.0704737443187441,GPR
0.169286,0.5,26.6667,15,SC,0.018024,0.018657,0.3665311724803841,0.0849447992251045,0.077014574771215,GPR
0.18,0.5,26.6667,15,SC,0.01747,0.0181,0.3933488582912199,0.0935262224977547,0.0839075324330423,GPR
0.03,0.6786,26.6667,15,SC,0.11051,0.084943,0.0665301360208154,0.0109701336217035,0.011967370308351,GPR
0.040714,0.6786,26.6667,15,SC,0.087666,0.066866,0.0871591469673739,0.0147691118431046,0.0158255560173288,GPR
0.051429,0.6786,26.6667,15,SC,0.072185,0.056055,0.1081048454087395,0.0188236042560309,0.0198265841754177,GPR
0.062143,0.6786,26.6667,15,SC,0.061211,0.048763,0.1293833589694963,0.023142101375831,0.0239770167693537,GPR
0.072857,0.6786,26.6667,15,SC,0.053163,0.043487,0.151019443555247,0.0277374565718414,0.0282872599342008,GPR
0.083571,0.6786,26.6667,15,SC,0.047105,0.039492,0.1730383892289127,0.0326253053024461,0.0327699652934809,GPR
0.094286,0.6786,26.6667,15,SC,0.042445,0.036365,0.1954697303026674,0.0378247459614652,0.0374406540757777,GPR
0.105,0.6786,26.6667,15,SC,0.038796,0.03386,0.218338456582856,0.0433560907810373,0.0423157014338971,GPR
0.115714,0.6786,26.6667,15,SC,0.035892,0.031814,0.2416771621073271,0.0492434037935011,0.0474146302078575,GPR
0.126429,0.6786,26.6667,15,SC,0.03355,0.03012,0.2655195274429045,0.0555127379871405,0.0527585182943906,GPR
0.137143,0.6786,26.6667,15,SC,0.031638,0.028702,0.2898929889554009,0.0621896940324536,0.0583679749887721,GPR
0.147857,0.6786,26.6667,15,SC,0.030063,0.027505,0.3148316088633973,0.0693023202596536,0.0642656499918911,GPR
0.158571,0.6786,26.6667,15,SC,0.028754,0.026488,0.3403667345946098,0.0768781438068387,0.0704737443187441,GPR
0.169286,0.6786,26.6667,15,SC,0.027662,0.025621,0.3665311724803841,0.0849447992251045,0.077014574771215,GPR
0.18,0.6786,26.6667,15,SC,0.026746,0.024879,0.3933488582912199,0.0935262224977547,0.0839075324330423,GPR
0.03,0.8571,26.6667,15,SC,0.171159,0.169407,0.0665301360208154,0.0109701336217035,0.011967370308351,GPR
0.040714,0.8571,26.6667,15,SC,0.140982,0.109428,0.0871591469673739,0.0147691118431046,0.0158255560173288,GPR
0.051429,0.8571,26.6667,15,SC,0.119479,0.084428,0.1081048454087395,0.0188236042560309,0.0198265841754177,GPR
0.062143,0.8571,26.6667,15,SC,0.103346,0.070427,0.1293833589694963,0.023142101375831,0.0239770167693537,GPR
0.072857,0.8571,26.6667,15,SC,0.091044,0.0613,0.151019443555247,0.0277374565718414,0.0282872599342008,GPR
0.083571,0.8571,26.6667,15,SC,0.081408,0.05482,0.1730383892289127,0.0326253053024461,0.0327699652934809,GPR
0.094286,0.8571,26.6667,15,SC,0.073722,0.049966,0.1954697303026674,0.0378247459614652,0.0374406540757777,GPR
0.105,0.8571,26.6667,15,SC,0.06752,0.046195,0.218338456582856,0.0433560907810373,0.0423157014338971,GPR
0.115714,0.8571,26.6667,15,SC,0.062461,0.043189,0.2416771621073271,0.0492434037935011,0.0474146302078575,GPR
0.126429,0.8571,26.6667,15,SC,0.058296,0.040746,0.2655195274429045,0.0555127379871405,0.0527585182943906,GPR
0.137143,0.8571,26.6667,15,SC,0.054844,0.038732,0.2898929889554009,0.0621896940324536,0.0583679749887721,GPR
0.147857,0.8571,26.6667,15,SC,0.05197,0.037055,0.3148316088633973,0.0693023202596536,0.0642656499918911,GPR
0.158571,0.8571,26.6667,15,SC,0.049573,0.035648,0.3403667345946098,0.0768781438068387,0.0704737443187441,GPR
0.169286,0.8571,26.6667,15,SC,0.047572,0.034463,0.3665311724803841,0.0849447992251045,0.077014574771215,GPR
0.18,0.8571,26.6667,15,SC,0.045905,0.033463,0.3933488582912199,0.0935262224977547,0.0839075324330423,GPR
0.03,1.0357,26.6667,15,SC,0.23664,0.394655,0.0665301360208154,0.0109701336217035,0.011967370308351,GPR
0.040714,1.0357,26.6667,15,SC,0.202182,0.293031,0.0871591469673739,0.0147691118431046,0.0158255560173288,GPR
0.051429,1.0357,26.6667,15,SC,0.176357,0.195557,0.1081048454087395,0.0188236042560309,0.0198265841754177,GPR
0.062143,1.0357,26.6667,15,SC,0.15575,0.134077,0.1293833589694963,0.023142101375831,0.0239770167693537,GPR
0.072857,1.0357,26.6667,15,SC,0.139716,0.103807,0.151019443555247,0.0277374565718414,0.0282872599342008,GPR
0.083571,1.0357,26.6667,15,SC,0.127117,0.086839,0.1730383892289127,0.0326253053024461,0.0327699652934809,GPR
0.094286,1.0357,26.6667,15,SC,0.116854,0.075949,0.1954697303026674,0.0378247459614652,0.0374406540757777,GPR
0.105,1.0357,26.6667,15,SC,0.108312,0.068326,0.218338456582856,0.0433560907810373,0.0423157014338971,GPR
0.115714,1.0357,26.6667,15,SC,0.101178,0.062683,0.2416771621073271,0.0492434037935011,0.0474146302078575,GPR
0.126429,1.0357,26.6667,15,SC,0.095228,0.058343,0.2655195274429045,0.0555127379871405,0.0527585182943906,GPR
0.137143,1.0357,26.6667,15,SC,0.09026,0.054919,0.2898929889554009,0.0621896940324536,0.0583679749887721,GPR
0.147857,1.0357,26.6667,15,SC,0.0861,0.052167,0.3148316088633973,0.0693023202596536,0.0642656499918911,GPR
0.158571,1.0357,26.6667,15,SC,0.082606,0.049929,0.3403667345946098,0.0768781438068387,0.0704737443187441,GPR
0.169286,1.0357,26.6667,15,SC,0.079671,0.048094,0.3665311724803841,0.0849447992251045,0.077014574771215,GPR
0.18,1.0357,26.6667,15,SC,0.077213,0.046588,0.3933488582912199,0.0935262224977547,0.0839075324330423,GPR
0.03,1.2143,26.6667,15,SC,0.305105,0.497257,0.0665301360208154,0.0109701336217035,0.011967370308351,GPR
0.040714,1.2143,26.6667,15,SC,0.267316,0.460495,0.0871591469673739,0.0147691118431046,0.0158255560173288,GPR
0.051429,1.2143,26.6667,15,SC,0.236283,0.407994,0.1081048454087395,0.0188236042560309,0.0198265841754177,GPR
0.062143,1.2143,26.6667,15,SC,0.212896,0.344976,0.1293833589694963,0.023142101375831,0.0239770167693537,GPR
0.072857,1.2143,26.6667,15,SC,0.194885,0.287374,0.151019443555247,0.0277374565718414,0.0282872599342008,GPR
0.083571,1.2143,26.6667,15,SC,0.180159,0.231656,0.1730383892289127,0.0326253053024461,0.0327699652934809,GPR
0.094286,1.2143,26.6667,15,SC,0.167648,0.182541,0.1954697303026674,0.0378247459614652,0.0374406540757777,GPR
0.105,1.2143,26.6667,15,SC,0.156916,0.146317,0.218338456582856,0.0433560907810373,0.0423157014338971,GPR
0.115714,1.2143,26.6667,15,SC,0.147803,0.122502,0.2416771621073271,0.0492434037935011,0.0474146302078575,GPR
0.126429,1.2143,26.6667,15,SC,0.140158,0.106862,0.2655195274429045,0.0555127379871405,0.0527585182943906,GPR
0.137143,1.2143,26.6667,15,SC,0.133773,0.096123,0.2898929889554009,0.0621896940324536,0.0583679749887721,GPR
0.147857,1.2143,26.6667,15,SC,0.128431,0.088417,0.3148316088633973,0.0693023202596536,0.0642656499918911,GPR
0.158571,1.2143,26.6667,15,SC,0.123947,0.082701,0.3403667345946098,0.0768781438068387,0.0704737443187441,GPR
0.169286,1.2143,26.6667,15,SC,0.120178,0.078372,0.3665311724803841,0.0849447992251045,0.077014574771215,GPR
0.18,1.2143,26.6667,15,SC,0.117017,0.075058,0.3933488582912199,0.0935262224977547,0.0839075324330423,GPR
0.03,1.3929,26.6667,15,SC,0.364085,0.522581,0.0665301360208154,0.0109701336217035,0.011967370308351,GPR
0.040714,1.3929,26.6667,15,SC,0.328003,0.618325,0.0871591469673739,0.0147691118431046,0.0158255560173288,GPR
0.051429,1.3929,26.6667,15,SC,0.299511,0.482303,0.1081048454087395,0.0188236042560309,0.0198265841754177,GPR
0.062143,1.3929,26.6667,15,SC,0.275266,0.50343,0.1293833589694963,0.023142101375831,0.0239770167693537,GPR
0.072857,1.3929,26.6667,15,SC,0.253926,0.432874,0.151019443555247,0.0277374565718414,0.0282872599342008,GPR
0.083571,1.3929,26.6667,15,SC,0.235604,0.411406,0.1730383892289127,0.0326253053024461,0.0327699652934809,GPR
0.094286,1.3929,26.6667,15,SC,0.220568,0.38089,0.1954697303026674,0.0378247459614652,0.0374406540757777,GPR
0.105,1.3929,26.6667,15,SC,0.208383,0.345168,0.218338456582856,0.0433560907810373,0.0423157014338971,GPR
0.115714,1.3929,26.6667,15,SC,0.198378,0.321518,0.2416771621073271,0.0492434037935011,0.0474146302078575,GPR
0.126429,1.3929,26.6667,15,SC,0.190018,0.29624,0.2655195274429045,0.0555127379871405,0.0527585182943906,GPR
0.137143,1.3929,26.6667,15,SC,0.182938,0.272519,0.2898929889554009,0.0621896940324536,0.0583679749887721,GPR
0.147857,1.3929,26.6667,15,SC,0.176897,0.252555,0.3148316088633973,0.0693023202596536,0.0642656499918911,GPR
0.158571,1.3929,26.6667,15,SC,0.171729,0.235406,0.3403667345946098,0.0768781438068387,0.0704737443187441,GPR
0.169286,1.3929,26.6667,15,SC,0.167317,0.220848,0.3665311724803841,0.0849447992251045,0.077014574771215,GPR
0.18,1.3929,26.6667,15,SC,0.163573,0.208997,0.3933488582912199,0.0935262224977547,0.0839075324330423,GPR
0.03,1.5714,26.6667,15,SC,0.425373,0.626895,0.0665301360208154,0.0109701336217035,0.011967370308351,GPR
0.040714,1.5714,26.6667,15,SC,0.384793,0.687684,0.0871591469673739,0.0147691118431046,0.0158255560173288,GPR
0.051429,1.5714,26.6667,15,SC,0.353823,0.501109,0.1081048454087395,0.0188236042560309,0.0198265841754177,GPR
0.062143,1.5714,26.6667,15,SC,0.329767,0.599254,0.1293833589694963,0.023142101375831,0.0239770167693537,GPR
0.072857,1.5714,26.6667,15,SC,0.310107,0.572825,0.151019443555247,0.0277374565718414,0.0282872599342008,GPR
0.083571,1.5714,26.6667,15,SC,0.293449,0.47008,0.1730383892289127,0.0326253053024461,0.0327699652934809,GPR
0.094286,1.5714,26.6667,15,SC,0.278988,0.469033,0.1954697303026674,0.0378247459614652,0.0374406540757777,GPR
0.105,1.5714,26.6667,15,SC,0.266241,0.493249,0.218338456582856,0.0433560907810373,0.0423157014338971,GPR
0.115714,1.5714,26.6667,15,SC,0.25494,0.468108,0.2416771621073271,0.0492434037935011,0.0474146302078575,GPR
0.126429,1.5714,26.6667,15,SC,0.244961,0.425261,0.2655195274429045,0.0555127379871405,0.0527585182943906,GPR
0.137143,1.5714,26.6667,15,SC,0.236242,0.39884,0.2898929889554009,0.0621896940324536,0.0583679749887721,GPR
0.147857,1.5714,26.6667,15,SC,0.228726,0.388449,0.3148316088633973,0.0693023202596536,0.0642656499918911,GPR
0.158571,1.5714,26.6667,15,SC,0.222325,0.384638,0.3403667345946098,0.0768781438068387,0.0704737443187441,GPR
0.169286,1.5714,26.6667,15,SC,0.216932,0.381042,0.3665311724803841,0.0849447992251045,0.077014574771215,GPR
0.18,1.5714,26.6667,15,SC,0.212437,0.375937,0.3933488582912199,0.0935262224977547,0.0839075324330423,GPR
0.03,1.75,26.6667,15,SC,0.476519,0.705525,0.0665301360208154,0.0109701336217035,0.011967370308351,GPR
0.040714,1.75,26.6667,15,SC,0.443134,0.490159,0.0871591469673739,0.0147691118431046,0.0158255560173288,GPR
0.051429,1.75,26.6667,15,SC,0.41172,0.651154,0.1081048454087395,0.0188236042560309,0.0198265841754177,GPR
0.062143,1.75,26.6667,15,SC,0.384161,0.760183,0.1293833589694963,0.023142101375831,0.0239770167693537,GPR
0.072857,1.75,26.6667,15,SC,0.361732,0.5628,0.151019443555247,0.0277374565718414,0.0282872599342008,GPR
0.083571,1.75,26.6667,15,SC,0.34362,0.47812,0.1730383892289127,0.0326253053024461,0.0327699652934809,GPR
0.094286,1.75,26.6667,15,SC,0.328676,0.511488,0.1954697303026674,0.0378247459614652,0.0374406540757777,GPR
0.105,1.75,26.6667,15,SC,0.316086,0.587788,0.218338456582856,0.0433560907810373,0.0423157014338971,GPR
0.115714,1.75,26.6667,15,SC,0.305329,0.610156,0.2416771621073271,0.0492434037935011,0.0474146302078575,GPR
0.126429,1.75,26.6667,15,SC,0.296057,0.564085,0.2655195274429045,0.0555127379871405,0.0527585182943906,GPR
0.137143,1.75,26.6667,15,SC,0.288032,0.505745,0.2898929889554009,0.0621896940324536,0.0583679749887721,GPR
0.147857,1.75,26.6667,15,SC,0.281081,0.463699,0.3148316088633973,0.0693023202596536,0.0642656499918911,GPR
0.158571,1.75,26.6667,15,SC,0.275076,0.439071,0.3403667345946098,0.0768781438068387,0.0704737443187441,GPR
0.169286,1.75,26.6667,15,SC,0.269919,0.42608,0.3665311724803841,0.0849447992251045,0.077014574771215,GPR
0.18,1.75,26.6667,15,SC,0.265529,0.419336,0.3933488582912199,0.0935262224977547,0.0839075324330423,GPR
0.03,1.9286,26.6667,15,SC,0.513045,0.634708,0.0665301360208154,0.0109701336217035,0.011967370308351,GPR
0.040714,1.9286,26.6667,15,SC,0.486352,0.937453,0.0871591469673739,0.0147691118431046,0.0158255560173288,GPR
0.051429,1.9286,26.6667,15,SC,0.461875,0.629902,0.1081048454087395,0.0188236042560309,0.0198265841754177,GPR
0.062143,1.9286,26.6667,15,SC,0.439193,0.476523,0.1293833589694963,0.023142101375831,0.0239770167693537,GPR
0.072857,1.9286,26.6667,15,SC,0.418067,0.502719,0.151019443555247,0.0277374565718414,0.0282872599342008,GPR
0.083571,1.9286,26.6667,15,SC,0.398718,0.642996,0.1730383892289127,0.0326253053024461,0.0327699652934809,GPR
0.094286,1.9286,26.6667,15,SC,0.381632,0.768504,0.1954697303026674,0.0378247459614652,0.0374406540757777,GPR
0.105,1.9286,26.6667,15,SC,0.367022,0.73247,0.218338456582856,0.0433560907810373,0.0423157014338971,GPR
0.115714,1.9286,26.6667,15,SC,0.354703,0.620371,0.2416771621073271,0.0492434037935011,0.0474146302078575,GPR
0.126429,1.9286,26.6667,15,SC,0.344321,0.531643,0.2655195274429045,0.0555127379871405,0.0527585182943906,GPR
0.137143,1.9286,26.6667,15,SC,0.33554,0.479628,0.2898929889554009,0.0621896940324536,0.0583679749887721,GPR
0.147857,1.9286,26.6667,15,SC,0.32809,0.453491,0.3148316088633973,0.0693023202596536,0.0642656499918911,GPR
0.158571,1.9286,26.6667,15,SC,0.321767,0.442563,0.3403667345946098,0.0768781438068387,0.0704737443187441,GPR
0.169286,1.9286,26.6667,15,SC,0.316418,0.439289,0.3665311724803841,0.0849447992251045,0.077014574771215,GPR
0.18,1.9286,26.6667,15,SC,0.311926,0.438699,0.3933488582912199,0.0935262224977547,0.0839075324330423,GPR
0.03,2.1071,26.6667,15,SC,0.541073,0.445794,0.0665301360208154,0.0109701336217035,0.011967370308351,GPR
0.040714,2.1071,26.6667,15,SC,0.518669,0.465316,0.0871591469673739,0.0147691118431046,0.0158255560173288,GPR
0.051429,2.1071,26.6667,15,SC,0.498187,0.694324,0.1081048454087395,0.0188236042560309,0.0198265841754177,GPR
0.062143,2.1071,26.6667,15,SC,0.479583,0.940365,0.1293833589694963,0.023142101375831,0.0239770167693537,GPR
0.072857,2.1071,26.6667,15,SC,0.462688,0.797835,0.151019443555247,0.0277374565718414,0.0282872599342008,GPR
0.083571,2.1071,26.6667,15,SC,0.447319,0.590096,0.1730383892289127,0.0326253053024461,0.0327699652934809,GPR
0.094286,2.1071,26.6667,15,SC,0.433322,0.48332,0.1954697303026674,0.0378247459614652,0.0374406540757777,GPR
0.105,2.1071,26.6667,15,SC,0.420599,0.447012,0.218338456582856,0.0433560907810373,0.0423157014338971,GPR
0.115714,2.1071,26.6667,15,SC,0.409107,0.452477,0.2416771621073271,0.0492434037935011,0.0474146302078575,GPR
0.126429,2.1071,26.6667,15,SC,0.398833,0.483272,0.2655195274429045,0.0555127379871405,0.0527585182943906,GPR
0.137143,2.1071,26.6667,15,SC,0.389774,0.527129,0.2898929889554009,0.0621896940324536,0.0583679749887721,GPR
0.147857,2.1071,26.6667,15,SC,0.381904,0.572966,0.3148316088633973,0.0693023202596536,0.0642656499918911,GPR
0.158571,2.1071,26.6667,15,SC,0.375177,0.611919,0.3403667345946098,0.0768781438068387,0.0704737443187441,GPR
0.169286,2.1071,26.6667,15,SC,0.369528,0.639135,0.3665311724803841,0.0849447992251045,0.077014574771215,GPR
0.18,2.1071,26.6667,15,SC,0.364884,0.653701,0.3933488582912199,0.0935262224977547,0.0839075324330423,GPR
0.03,2.2857,26.6667,15,SC,0.562636,0.818972,0.0665301360208154,0.0109701336217035,0.011967370308351,GPR
0.040714,2.2857,26.6667,15,SC,0.544126,0.519245,0.0871591469673739,0.0147691118431046,0.0158255560173288,GPR
0.051429,2.2857,26.6667,15,SC,0.526706,0.419199,0.1081048454087395,0.0188236042560309,0.0198265841754177,GPR
0.062143,2.2857,26.6667,15,SC,0.510739,0.434045,0.1293833589694963,0.023142101375831,0.0239770167693537,GPR
0.072857,2.2857,26.6667,15,SC,0.496244,0.536607,0.151019443555247,0.0277374565718414,0.0282872599342008,GPR
0.083571,2.2857,26.6667,15,SC,0.483149,0.713009,0.1730383892289127,0.0326253053024461,0.0327699652934809,GPR
0.094286,2.2857,26.6667,15,SC,0.471359,0.885834,0.1954697303026674,0.0378247459614652,0.0374406540757777,GPR
0.105,2.2857,26.6667,15,SC,0.460778,0.934605,0.218338456582856,0.0433560907810373,0.0423157014338971,GPR
0.115714,2.2857,26.6667,15,SC,0.451321,0.861968,0.2416771621073271,0.0492434037935011,0.0474146302078575,GPR
0.126429,2.2857,26.6667,15,SC,0.442912,0.756962,0.2655195274429045,0.0555127379871405,0.0527585182943906,GPR
0.137143,2.2857,26.6667,15,SC,0.435487,0.668696,0.2898929889554009,0.0621896940324536,0.0583679749887721,GPR
0.147857,2.2857,26.6667,15,SC,0.42899,0.605688,0.3148316088633973,0.0693023202596536,0.0642656499918911,GPR
0.158571,2.2857,26.6667,15,SC,0.423371,0.563694,0.3403667345946098,0.0768781438068387,0.0704737443187441,GPR
0.169286,2.2857,26.6667,15,SC,0.418583,0.537264,0.3665311724803841,0.0849447992251045,0.077014574771215,GPR
0.18,2.2857,26.6667,15,SC,0.414581,0.522413,0.3933488582912199,0.0935262224977547,0.0839075324330423,GPR
0.03,2.4643,26.6667,15,SC,0.574534,0.792109,0.0665301360208154,0.0109701336217035,0.011967370308351,GPR
0.040714,2.4643,26.6667,15,SC,0.563508,0.978959,0.0871591469673739,0.0147691118431046,0.0158255560173288,GPR
0.051429,2.4643,26.6667,15,SC,0.549499,0.738675,0.1081048454087395,0.0188236042560309,0.0198265841754177,GPR
0.062143,2.4643,26.6667,15,SC,0.535969,0.533764,0.1293833589694963,0.023142101375831,0.0239770167693537,GPR
0.072857,2.4643,26.6667,15,SC,0.523468,0.436094,0.151019443555247,0.0277374565718414,0.0282872599342008,GPR
0.083571,2.4643,26.6667,15,SC,0.512084,0.401028,0.1730383892289127,0.0326253053024461,0.0327699652934809,GPR
0.094286,2.4643,26.6667,15,SC,0.501798,0.402776,0.1954697303026674,0.0378247459614652,0.0374406540757777,GPR
0.105,2.4643,26.6667,15,SC,0.49256,0.428833,0.218338456582856,0.0433560907810373,0.0423157014338971,GPR
0.115714,2.4643,26.6667,15,SC,0.48431,0.47128,0.2416771621073271,0.0492434037935011,0.0474146302078575,GPR
0.126429,2.4643,26.6667,15,SC,0.476987,0.522773,0.2655195274429045,0.0555127379871405,0.0527585182943906,GPR
0.137143,2.4643,26.6667,15,SC,0.470534,0.575539,0.2898929889554009,0.0621896940324536,0.0583679749887721,GPR
0.147857,2.4643,26.6667,15,SC,0.464897,0.622292,0.3148316088633973,0.0693023202596536,0.0642656499918911,GPR
0.158571,2.4643,26.6667,15,SC,0.460028,0.657688,0.3403667345946098,0.0768781438068387,0.0704737443187441,GPR
0.169286,2.4643,26.6667,15,SC,0.455882,0.678968,0.3665311724803841,0.0849447992251045,0.077014574771215,GPR
0.18,2.4643,26.6667,15,SC,0.452418,0.685479,0.3933488582912199,0.0935262224977547,0.0839075324330423,GPR
0.03,2.6429,26.6667,15,SC,0.569505,0.401674,0.0665301360208154,0.0109701336217035,0.011967370308351,GPR
0.040714,2.6429,26.6667,15,SC,0.569793,0.585192,0.0871591469673739,0.0147691118431046,0.0158255560173288,GPR
0.051429,2.6429,26.6667,15,SC,0.564698,0.854561,0.1081048454087395,0.0188236042560309,0.0198265841754177,GPR
0.062143,2.6429,26.6667,15,SC,0.555736,0.989203,0.1293833589694963,0.023142101375831,0.0239770167693537,GPR
0.072857,2.6429,26.6667,15,SC,0.545689,0.875319,0.151019443555247,0.0277374565718414,0.0282872599342008,GPR
0.083571,2.6429,26.6667,15,SC,0.536084,0.704004,0.1730383892289127,0.0326253053024461,0.0327699652934809,GPR
0.094286,2.6429,26.6667,15,SC,0.527247,0.577698,0.1954697303026674,0.0378247459614652,0.0374406540757777,GPR
0.105,2.6429,26.6667,15,SC,0.519245,0.497921,0.218338456582856,0.0433560907810373,0.0423157014338971,GPR
0.115714,2.6429,26.6667,15,SC,0.512073,0.449294,0.2416771621073271,0.0492434037935011,0.0474146302078575,GPR
0.126429,2.6429,26.6667,15,SC,0.505701,0.420006,0.2655195274429045,0.0555127379871405,0.0527585182943906,GPR
0.137143,2.6429,26.6667,15,SC,0.500095,0.402571,0.2898929889554009,0.0621896940324536,0.0583679749887721,GPR
0.147857,2.6429,26.6667,15,SC,0.495217,0.392329,0.3148316088633973,0.0693023202596536,0.0642656499918911,GPR
0.158571,2.6429,26.6667,15,SC,0.491031,0.386383,0.3403667345946098,0.0768781438068387,0.0704737443187441,GPR
0.169286,2.6429,26.6667,15,SC,0.487502,0.38302,0.3665311724803841,0.0849447992251045,0.077014574771215,GPR
0.18,2.6429,26.6667,15,SC,0.4846,0.381398,0.3933488582912199,0.0935262224977547,0.0839075324330423,GPR
0.03,2.8214,26.6667,15,SC,0.556682,0.31787,0.0665301360208154,0.0109701336217035,0.011967370308351,GPR
0.040714,2.8214,26.6667,15,SC,0.562227,0.342928,0.0871591469673739,0.0147691118431046,0.0158255560173288,GPR
0.051429,2.8214,26.6667,15,SC,0.564183,0.414925,0.1081048454087395,0.0188236042560309,0.0198265841754177,GPR
0.062143,2.8214,26.6667,15,SC,0.562698,0.537256,0.1293833589694963,0.023142101375831,0.0239770167693537,GPR
0.072857,2.8214,26.6667,15,SC,0.559127,0.701861,0.151019443555247,0.0277374565718414,0.0282872599342008,GPR
0.083571,2.8214,26.6667,15,SC,0.553922,0.867709,0.1730383892289127,0.0326253053024461,0.0327699652934809,GPR
0.094286,2.8214,26.6667,15,SC,0.547767,0.972725,0.1954697303026674,0.0378247459614652,0.0374406540757777,GPR
0.105,2.8214,26.6667,15,SC,0.5415,0.991576,0.218338456582856,0.0433560907810373,0.0423157014338971,GPR
0.115714,2.8214,26.6667,15,SC,0.535638,0.952586,0.2416771621073271,0.0492434037935011,0.0474146302078575,GPR
0.126429,2.8214,26.6667,15,SC,0.530348,0.895134,0.2655195274429045,0.0555127379871405,0.0527585182943906,GPR
0.137143,2.8214,26.6667,15,SC,0.525679,0.842536,0.2898929889554009,0.0621896940324536,0.0583679749887721,GPR
0.147857,2.8214,26.6667,15,SC,0.521635,0.803583,0.3148316088633973,0.0693023202596536,0.0642656499918911,GPR
0.158571,2.8214,26.6667,15,SC,0.518206,0.780164,0.3403667345946098,0.0768781438068387,0.0704737443187441,GPR
0.169286,2.8214,26.6667,15,SC,0.515377,0.771932,0.3665311724803841,0.0849447992251045,0.077014574771215,GPR
0.18,2.8214,26.6667,15,SC,0.51313,0.778219,0.3933488582912199,0.0935262224977547,0.0839075324330423,GPR
0.03,3.0,26.6667,15,SC,0.535929,0.361014,0.0665301360208154,0.0109701336217035,0.011967370308351,GPR
0.040714,3.0,26.6667,15,SC,0.543591,0.320785,0.0871591469673739,0.0147691118431046,0.0158255560173288,GPR
0.051429,3.0,26.6667,15,SC,0.554477,0.313024,0.1081048454087395,0.0188236042560309,0.0198265841754177,GPR
0.062143,3.0,26.6667,15,SC,0.556596,0.327783,0.1293833589694963,0.023142101375831,0.0239770167693537,GPR
0.072857,3.0,26.6667,15,SC,0.556488,0.360328,0.151019443555247,0.0277374565718414,0.0282872599342008,GPR
0.083571,3.0,26.6667,15,SC,0.557281,0.40746,0.1730383892289127,0.0326253053024461,0.0327699652934809,GPR
0.094286,3.0,26.6667,15,SC,0.555588,0.465429,0.1954697303026674,0.0378247459614652,0.0374406540757777,GPR
0.105,3.0,26.6667,15,SC,0.552893,0.529002,0.218338456582856,0.0433560907810373,0.0423157014338971,GPR
0.115714,3.0,26.6667,15,SC,0.550324,0.591761,0.2416771621073271,0.0492434037935011,0.0474146302078575,GPR
0.126429,3.0,26.6667,15,SC,0.547673,0.647383,0.2655195274429045,0.0555127379871405,0.0527585182943906,GPR
0.137143,3.0,26.6667,15,SC,0.544958,0.691045,0.2898929889554009,0.0621896940324536,0.0583679749887721,GPR
0.147857,3.0,26.6667,15,SC,0.542412,0.720054,0.3148316088633973,0.0693023202596536,0.0642656499918911,GPR
0.158571,3.0,26.6667,15,SC,0.540173,0.733506,0.3403667345946098,0.0768781438068387,0.0704737443187441,GPR
0.169286,3.0,26.6667,15,SC,0.538307,0.731538,0.3665311724803841,0.0849447992251045,0.077014574771215,GPR
0.18,3.0,26.6667,15,SC,0.536846,0.714832,0.3933488582912199,0.0935262224977547,0.0839075324330423,GPR
0.03,0.5,30.0,15,SC,0.040475,0.03972,0.0665301360208154,0.0109701336217035,0.011967370308351,GPR
0.040714,0.5,30.0,15,SC,0.032398,0.032586,0.0871591469673739,0.0147691118431046,0.0158255560173288,GPR
0.051429,0.5,30.0,15,SC,0.027297,0.027832,0.1081048454087395,0.0188236042560309,0.0198265841754177,GPR
0.062143,0.5,30.0,15,SC,0.023774,0.024445,0.1293833589694963,0.023142101375831,0.0239770167693537,GPR
0.072857,0.5,30.0,15,SC,0.021193,0.021916,0.151019443555247,0.0277374565718414,0.0282872599342008,GPR
0.083571,0.5,30.0,15,SC,0.019225,0.019962,0.1730383892289127,0.0326253053024461,0.0327699652934809,GPR
0.094286,0.5,30.0,15,SC,0.017679,0.018412,0.1954697303026674,0.0378247459614652,0.0374406540757777,GPR
0.105,0.5,30.0,15,SC,0.016435,0.017156,0.218338456582856,0.0433560907810373,0.0423157014338971,GPR
0.115714,0.5,30.0,15,SC,0.015417,0.016123,0.2416771621073271,0.0492434037935011,0.0474146302078575,GPR
0.126429,0.5,30.0,15,SC,0.014573,0.015262,0.2655195274429045,0.0555127379871405,0.0527585182943906,GPR
0.137143,0.5,30.0,15,SC,0.013864,0.014537,0.2898929889554009,0.0621896940324536,0.0583679749887721,GPR
0.147857,0.5,30.0,15,SC,0.013264,0.013921,0.3148316088633973,0.0693023202596536,0.0642656499918911,GPR
0.158571,0.5,30.0,15,SC,0.012753,0.013394,0.3403667345946098,0.0768781438068387,0.0704737443187441,GPR
0.169286,0.5,30.0,15,SC,0.012315,0.012943,0.3665311724803841,0.0849447992251045,0.077014574771215,GPR
0.18,0.5,30.0,15,SC,0.011938,0.012554,0.3933488582912199,0.0935262224977547,0.0839075324330423,GPR
0.03,0.6786,30.0,15,SC,0.065946,0.051637,0.0665301360208154,0.0109701336217035,0.011967370308351,GPR
0.040714,0.6786,30.0,15,SC,0.050865,0.042437,0.0871591469673739,0.0147691118431046,0.0158255560173288,GPR
0.051429,0.6786,30.0,15,SC,0.0414,0.036363,0.1081048454087395,0.0188236042560309,0.0198265841754177,GPR
0.062143,0.6786,30.0,15,SC,0.035143,0.032042,0.1293833589694963,0.023142101375831,0.0239770167693537,GPR
0.072857,0.6786,30.0,15,SC,0.030794,0.028814,0.151019443555247,0.0277374565718414,0.0282872599342008,GPR
0.083571,0.6786,30.0,15,SC,0.027623,0.026315,0.1730383892289127,0.0326253053024461,0.0327699652934809,GPR
0.094286,0.6786,30.0,15,SC,0.025214,0.024329,0.1954697303026674,0.0378247459614652,0.0374406540757777,GPR
0.105,0.6786,30.0,15,SC,0.023326,0.022719,0.218338456582856,0.0433560907810373,0.0423157014338971,GPR
0.115714,0.6786,30.0,15,SC,0.02181,0.021393,0.2416771621073271,0.0492434037935011,0.0474146302078575,GPR
0.126429,0.6786,30.0,15,SC,0.02057,0.020286,0.2655195274429045,0.0555127379871405,0.0527585182943906,GPR
0.137143,0.6786,30.0,15,SC,0.019541,0.019354,0.2898929889554009,0.0621896940324536,0.0583679749887721,GPR
0.147857,0.6786,30.0,15,SC,0.01868,0.018562,0.3148316088633973,0.0693023202596536,0.0642656499918911,GPR
0.158571,0.6786,30.0,15,SC,0.017952,0.017887,0.3403667345946098,0.0768781438068387,0.0704737443187441,GPR
0.169286,0.6786,30.0,15,SC,0.017334,0.017307,0.3665311724803841,0.0849447992251045,0.077014574771215,GPR
0.18,0.6786,30.0,15,SC,0.016808,0.01681,0.3933488582912199,0.0935262224977547,0.0839075324330423,GPR
0.03,0.8571,30.0,15,SC,0.106056,0.069108,0.0665301360208154,0.0109701336217035,0.011967370308351,GPR
0.040714,0.8571,30.0,15,SC,0.083944,0.055377,0.0871591469673739,0.0147691118431046,0.0158255560173288,GPR
0.051429,0.8571,30.0,15,SC,0.068742,0.046923,0.1081048454087395,0.0188236042560309,0.0198265841754177,GPR
0.062143,0.8571,30.0,15,SC,0.057866,0.041119,0.1293833589694963,0.023142101375831,0.0239770167693537,GPR
0.072857,0.8571,30.0,15,SC,0.049857,0.036869,0.151019443555247,0.0277374565718414,0.0282872599342008,GPR
0.083571,0.8571,30.0,15,SC,0.043822,0.033622,0.1730383892289127,0.0326253053024461,0.0327699652934809,GPR
0.094286,0.8571,30.0,15,SC,0.03919,0.031064,0.1954697303026674,0.0378247459614652,0.0374406540757777,GPR
0.105,0.8571,30.0,15,SC,0.035581,0.029003,0.218338456582856,0.0433560907810373,0.0423157014338971,GPR
0.115714,0.8571,30.0,15,SC,0.032731,0.027314,0.2416771621073271,0.0492434037935011,0.0474146302078575,GPR
0.126429,0.8571,30.0,15,SC,0.030453,0.02591,0.2655195274429045,0.0555127379871405,0.0527585182943906,GPR
0.137143,0.8571,30.0,15,SC,0.028613,0.024733,0.2898929889554009,0.0621896940324536,0.0583679749887721,GPR
0.147857,0.8571,30.0,15,SC,0.027114,0.023737,0.3148316088633973,0.0693023202596536,0.0642656499918911,GPR
0.158571,0.8571,30.0,15,SC,0.025881,0.022889,0.3403667345946098,0.0768781438068387,0.0704737443187441,GPR
0.169286,0.8571,30.0,15,SC,0.024863,0.022166,0.3665311724803841,0.0849447992251045,0.077014574771215,GPR
0.18,0.8571,30.0,15,SC,0.024019,0.021548,0.3933488582912199,0.0935262224977547,0.0839075324330423,GPR
0.03,1.0357,30.0,15,SC,0.153726,0.108216,0.0665301360208154,0.0109701336217035,0.011967370308351,GPR
0.040714,1.0357,30.0,15,SC,0.126711,0.077971,0.0871591469673739,0.0147691118431046,0.0158255560173288,GPR
0.051429,1.0357,30.0,15,SC,0.1067,0.063194,0.1081048454087395,0.0188236042560309,0.0198265841754177,GPR
0.062143,1.0357,30.0,15,SC,0.091982,0.054111,0.1293833589694963,0.023142101375831,0.0239770167693537,GPR
0.072857,1.0357,30.0,15,SC,0.080614,0.047865,0.151019443555247,0.0277374565718414,0.0282872599342008,GPR
0.083571,1.0357,30.0,15,SC,0.071691,0.043278,0.1730383892289127,0.0326253053024461,0.0327699652934809,GPR
0.094286,1.0357,30.0,15,SC,0.064629,0.039762,0.1954697303026674,0.0378247459614652,0.0374406540757777,GPR
0.105,1.0357,30.0,15,SC,0.058934,0.036983,0.218338456582856,0.0433560907810373,0.0423157014338971,GPR
0.115714,1.0357,30.0,15,SC,0.054289,0.03474,0.2416771621073271,0.0492434037935011,0.0474146302078575,GPR
0.126429,1.0357,30.0,15,SC,0.050481,0.032899,0.2655195274429045,0.0555127379871405,0.0527585182943906,GPR
0.137143,1.0357,30.0,15,SC,0.047342,0.03137,0.2898929889554009,0.0621896940324536,0.0583679749887721,GPR
0.147857,1.0357,30.0,15,SC,0.044744,0.030088,0.3148316088633973,0.0693023202596536,0.0642656499918911,GPR
0.158571,1.0357,30.0,15,SC,0.042587,0.029008,0.3403667345946098,0.0768781438068387,0.0704737443187441,GPR
0.169286,1.0357,30.0,15,SC,0.040798,0.028094,0.3665311724803841,0.0849447992251045,0.077014574771215,GPR
0.18,1.0357,30.0,15,SC,0.039318,0.027319,0.3933488582912199,0.0935262224977547,0.0839075324330423,GPR
0.03,1.2143,30.0,15,SC,0.205578,0.280744,0.0665301360208154,0.0109701336217035,0.011967370308351,GPR
0.040714,1.2143,30.0,15,SC,0.174267,0.150503,0.0871591469673739,0.0147691118431046,0.0158255560173288,GPR
0.051429,1.2143,30.0,15,SC,0.150391,0.100123,0.1081048454087395,0.0188236042560309,0.0198265841754177,GPR
0.062143,1.2143,30.0,15,SC,0.132908,0.078694,0.1293833589694963,0.023142101375831,0.0239770167693537,GPR
0.072857,1.2143,30.0,15,SC,0.11889,0.066556,0.151019443555247,0.0277374565718414,0.0282872599342008,GPR
0.083571,1.2143,30.0,15,SC,0.107333,0.058588,0.1730383892289127,0.0326253053024461,0.0327699652934809,GPR
0.094286,1.2143,30.0,15,SC,0.098044,0.052904,0.1954697303026674,0.0378247459614652,0.0374406540757777,GPR
0.105,1.2143,30.0,15,SC,0.090571,0.048632,0.218338456582856,0.0433560907810373,0.0423157014338971,GPR
0.115714,1.2143,30.0,15,SC,0.084416,0.045306,0.2416771621073271,0.0492434037935011,0.0474146302078575,GPR
0.126429,1.2143,30.0,15,SC,0.079254,0.042653,0.2655195274429045,0.0555127379871405,0.0527585182943906,GPR
0.137143,1.2143,30.0,15,SC,0.0749,0.0405,0.2898929889554009,0.0621896940324536,0.0583679749887721,GPR
0.147857,1.2143,30.0,15,SC,0.071238,0.03873,0.3148316088633973,0.0693023202596536,0.0642656499918911,GPR
0.158571,1.2143,30.0,15,SC,0.068171,0.037263,0.3403667345946098,0.0768781438068387,0.0704737443187441,GPR
0.169286,1.2143,30.0,15,SC,0.065614,0.036044,0.3665311724803841,0.0849447992251045,0.077014574771215,GPR
0.18,1.2143,30.0,15,SC,0.063494,0.035028,0.3933488582912199,0.0935262224977547,0.0839075324330423,GPR
0.03,1.3929,30.0,15,SC,0.255323,0.467424,0.0665301360208154,0.0109701336217035,0.011967370308351,GPR
0.040714,1.3929,30.0,15,SC,0.222435,0.36704,0.0871591469673739,0.0147691118431046,0.0158255560173288,GPR
0.051429,1.3929,30.0,15,SC,0.198355,0.266942,0.1081048454087395,0.0188236042560309,0.0198265841754177,GPR
0.062143,1.3929,30.0,15,SC,0.178196,0.173508,0.1293833589694963,0.023142101375831,0.0239770167693537,GPR
0.072857,1.3929,30.0,15,SC,0.160993,0.120015,0.151019443555247,0.0277374565718414,0.0282872599342008,GPR
0.083571,1.3929,30.0,15,SC,0.147284,0.094476,0.1730383892289127,0.0326253053024461,0.0327699652934809,GPR
0.094286,1.3929,30.0,15,SC,0.136515,0.080069,0.1954697303026674,0.0378247459614652,0.0374406540757777,GPR
0.105,1.3929,30.0,15,SC,0.12775,0.070762,0.218338456582856,0.0433560907810373,0.0423157014338971,GPR
0.115714,1.3929,30.0,15,SC,0.120367,0.064224,0.2416771621073271,0.0492434037935011,0.0474146302078575,GPR
0.126429,1.3929,30.0,15,SC,0.114031,0.059379,0.2655195274429045,0.0555127379871405,0.0527585182943906,GPR
0.137143,1.3929,30.0,15,SC,0.108578,0.055661,0.2898929889554009,0.0621896940324536,0.0583679749887721,GPR
0.147857,1.3929,30.0,15,SC,0.103916,0.052739,0.3148316088633973,0.0693023202596536,0.0642656499918911,GPR
0.158571,1.3929,30.0,15,SC,0.099971,0.050409,0.3403667345946098,0.0768781438068387,0.0704737443187441,GPR
0.169286,1.3929,30.0,15,SC,0.096665,0.048536,0.3665311724803841,0.0849447992251045,0.077014574771215,GPR
0.18,1.3929,30.0,15,SC,0.093919,0.047026,0.3933488582912199,0.0935262224977547,0.0839075324330423,GPR
0.03,1.5714,30.0,15,SC,0.307544,0.554967,0.0665301360208154,0.0109701336217035,0.011967370308351,GPR
0.040714,1.5714,30.0,15,SC,0.272856,0.462194,0.0871591469673739,0.0147691118431046,0.0158255560173288,GPR
0.051429,1.5714,30.0,15,SC,0.243637,0.445107,0.1081048454087395,0.0188236042560309,0.0198265841754177,GPR
0.062143,1.5714,30.0,15,SC,0.222032,0.378161,0.1293833589694963,0.023142101375831,0.0239770167693537,GPR
0.072857,1.5714,30.0,15,SC,0.205377,0.316459,0.151019443555247,0.0277374565718414,0.0282872599342008,GPR
0.083571,1.5714,30.0,15,SC,0.191604,0.258985,0.1730383892289127,0.0326253053024461,0.0327699652934809,GPR
0.094286,1.5714,30.0,15,SC,0.179669,0.201741,0.1954697303026674,0.0378247459614652,0.0374406540757777,GPR
0.105,1.5714,30.0,15,SC,0.16912,0.15584,0.218338456582856,0.0433560907810373,0.0423157014338971,GPR
0.115714,1.5714,30.0,15,SC,0.159878,0.125727,0.2416771621073271,0.0492434037935011,0.0474146302078575,GPR
0.126429,1.5714,30.0,15,SC,0.15198,0.107059,0.2655195274429045,0.0555127379871405,0.0527585182943906,GPR
0.137143,1.5714,30.0,15,SC,0.145366,0.094939,0.2898929889554009,0.0621896940324536,0.0583679749887721,GPR
0.147857,1.5714,30.0,15,SC,0.139871,0.08661,0.3148316088633973,0.0693023202596536,0.0642656499918911,GPR
0.158571,1.5714,30.0,15,SC,0.135307,0.080636,0.3403667345946098,0.0768781438068387,0.0704737443187441,GPR
0.169286,1.5714,30.0,15,SC,0.131514,0.076239,0.3665311724803841,0.0849447992251045,0.077014574771215,GPR
0.18,1.5714,30.0,15,SC,0.128366,0.072966,0.3933488582912199,0.0935262224977547,0.0839075324330423,GPR
0.03,1.75,30.0,15,SC,0.348153,0.725929,0.0665301360208154,0.0109701336217035,0.011967370308351,GPR
0.040714,1.75,30.0,15,SC,0.318902,0.493814,0.0871591469673739,0.0147691118431046,0.0158255560173288,GPR
0.051429,1.75,30.0,15,SC,0.293557,0.58487,0.1081048454087395,0.0188236042560309,0.0198265841754177,GPR
0.062143,1.75,30.0,15,SC,0.270327,0.462172,0.1293833589694963,0.023142101375831,0.0239770167693537,GPR
0.072857,1.75,30.0,15,SC,0.2497,0.460831,0.151019443555247,0.0277374565718414,0.0282872599342008,GPR
0.083571,1.75,30.0,15,SC,0.232958,0.421817,0.1730383892289127,0.0326253053024461,0.0327699652934809,GPR
0.094286,1.75,30.0,15,SC,0.219723,0.373782,0.1954697303026674,0.0378247459614652,0.0374406540757777,GPR
0.105,1.75,30.0,15,SC,0.209008,0.356348,0.218338456582856,0.0433560907810373,0.0423157014338971,GPR
0.115714,1.75,30.0,15,SC,0.200087,0.319629,0.2416771621073271,0.0492434037935011,0.0474146302078575,GPR
0.126429,1.75,30.0,15,SC,0.192516,0.290416,0.2655195274429045,0.0555127379871405,0.0527585182943906,GPR
0.137143,1.75,30.0,15,SC,0.186018,0.266972,0.2898929889554009,0.0621896940324536,0.0583679749887721,GPR
0.147857,1.75,30.0,15,SC,0.180413,0.244116,0.3148316088633973,0.0693023202596536,0.0642656499918911,GPR
0.158571,1.75,30.0,15,SC,0.175584,0.224154,0.3403667345946098,0.0768781438068387,0.0704737443187441,GPR
0.169286,1.75,30.0,15,SC,0.171449,0.207977,0.3665311724803841,0.0849447992251045,0.077014574771215,GPR
0.18,1.75,30.0,15,SC,0.167943,0.195347,0.3933488582912199,0.0935262224977547,0.0839075324330423,GPR
0.03,1.9286,30.0,15,SC,0.38532,0.570538,0.0665301360208154,0.0109701336217035,0.011967370308351,GPR
0.040714,1.9286,30.0,15,SC,0.356018,0.557075,0.0871591469673739,0.0147691118431046,0.0158255560173288,GPR
0.051429,1.9286,30.0,15,SC,0.332685,0.705368,0.1081048454087395,0.0188236042560309,0.0198265841754177,GPR
0.062143,1.9286,30.0,15,SC,0.313022,0.483583,0.1293833589694963,0.023142101375831,0.0239770167693537,GPR
0.072857,1.9286,30.0,15,SC,0.295799,0.517057,0.151019443555247,0.0277374565718414,0.0282872599342008,GPR
0.083571,1.9286,30.0,15,SC,0.280274,0.576225,0.1730383892289127,0.0326253053024461,0.0327699652934809,GPR
0.094286,1.9286,30.0,15,SC,0.266097,0.473092,0.1954697303026674,0.0378247459614652,0.0374406540757777,GPR
0.105,1.9286,30.0,15,SC,0.253313,0.423151,0.218338456582856,0.0433560907810373,0.0423157014338971,GPR
0.115714,1.9286,30.0,15,SC,0.242158,0.437689,0.2416771621073271,0.0492434037935011,0.0474146302078575,GPR
0.126429,1.9286,30.0,15,SC,0.232713,0.448001,0.2655195274429045,0.0555127379871405,0.0527585182943906,GPR
0.137143,1.9286,30.0,15,SC,0.224831,0.42429,0.2898929889554009,0.0621896940324536,0.0583679749887721,GPR
0.147857,1.9286,30.0,15,SC,0.21827,0.391446,0.3148316088633973,0.0693023202596536,0.0642656499918911,GPR
0.158571,1.9286,30.0,15,SC,0.212802,0.367555,0.3403667345946098,0.0768781438068387,0.0704737443187441,GPR
0.169286,1.9286,30.0,15,SC,0.208245,0.353476,0.3665311724803841,0.0849447992251045,0.077014574771215,GPR
0.18,1.9286,30.0,15,SC,0.204464,0.345268,0.3933488582912199,0.0935262224977547,0.0839075324330423,GPR
0.03,2.1071,30.0,15,SC,0.423848,0.695978,0.0665301360208154,0.0109701336217035,0.011967370308351,GPR
0.040714,2.1071,30.0,15,SC,0.392546,0.771437,0.0871591469673739,0.0147691118431046,0.0158255560173288,GPR
0.051429,2.1071,30.0,15,SC,0.367828,0.481092,0.1081048454087395,0.0188236042560309,0.0198265841754177,GPR
0.062143,2.1071,30.0,15,SC,0.348111,0.538643,0.1293833589694963,0.023142101375831,0.0239770167693537,GPR
0.072857,2.1071,30.0,15,SC,0.331731,0.730282,0.151019443555247,0.0277374565718414,0.0282872599342008,GPR
0.083571,2.1071,30.0,15,SC,0.31774,0.620935,0.1730383892289127,0.0326253053024461,0.0327699652934809,GPR
0.094286,2.1071,30.0,15,SC,0.305576,0.478736,0.1954697303026674,0.0378247459614652,0.0374406540757777,GPR
0.105,2.1071,30.0,15,SC,0.294883,0.448404,0.218338456582856,0.0433560907810373,0.0423157014338971,GPR
0.115714,2.1071,30.0,15,SC,0.285423,0.488815,0.2416771621073271,0.0492434037935011,0.0474146302078575,GPR
0.126429,2.1071,30.0,15,SC,0.277035,0.544877,0.2655195274429045,0.0555127379871405,0.0527585182943906,GPR
0.137143,2.1071,30.0,15,SC,0.26962,0.563746,0.2898929889554009,0.0621896940324536,0.0583679749887721,GPR
0.147857,2.1071,30.0,15,SC,0.263111,0.540867,0.3148316088633973,0.0693023202596536,0.0642656499918911,GPR
0.158571,2.1071,30.0,15,SC,0.257463,0.504197,0.3403667345946098,0.0768781438068387,0.0704737443187441,GPR
0.169286,2.1071,30.0,15,SC,0.252637,0.472215,0.3665311724803841,0.0849447992251045,0.077014574771215,GPR
0.18,2.1071,30.0,15,SC,0.248593,0.449496,0.3933488582912199,0.0935262224977547,0.0839075324330423,GPR
0.03,2.2857,30.0,15,SC,0.455626,0.460597,0.0665301360208154,0.0109701336217035,0.011967370308351,GPR
0.040714,2.2857,30.0,15,SC,0.429827,0.51317,0.0871591469673739,0.0147691118431046,0.0158255560173288,GPR
0.051429,2.2857,30.0,15,SC,0.404858,0.856159,0.1081048454087395,0.0188236042560309,0.0198265841754177,GPR
0.062143,2.2857,30.0,15,SC,0.383293,0.752818,0.1293833589694963,0.023142101375831,0.0239770167693537,GPR
0.072857,2.2857,30.0,15,SC,0.365678,0.510181,0.151019443555247,0.0277374565718414,0.0282872599342008,GPR
0.083571,2.2857,30.0,15,SC,0.351165,0.449512,0.1730383892289127,0.0326253053024461,0.0327699652934809,GPR
0.094286,2.2857,30.0,15,SC,0.338951,0.505409,0.1954697303026674,0.0378247459614652,0.0374406540757777,GPR
0.105,2.2857,30.0,15,SC,0.328507,0.6275,0.218338456582856,0.0433560907810373,0.0423157014338971,GPR
0.115714,2.2857,30.0,15,SC,0.319489,0.717252,0.2416771621073271,0.0492434037935011,0.0474146302078575,GPR
0.126429,2.2857,30.0,15,SC,0.311663,0.699649,0.2655195274429045,0.0555127379871405,0.0527585182943906,GPR
0.137143,2.2857,30.0,15,SC,0.304865,0.625092,0.2898929889554009,0.0621896940324536,0.0583679749887721,GPR
0.147857,2.2857,30.0,15,SC,0.29897,0.554788,0.3148316088633973,0.0693023202596536,0.0642656499918911,GPR
0.158571,2.2857,30.0,15,SC,0.293884,0.505309,0.3403667345946098,0.0768781438068387,0.0704737443187441,GPR
0.169286,2.2857,30.0,15,SC,0.289531,0.473931,0.3665311724803841,0.0849447992251045,0.077014574771215,GPR
0.18,2.2857,30.0,15,SC,0.28585,0.455103,0.3933488582912199,0.0935262224977547,0.0839075324330423,GPR
0.03,2.4643,30.0,15,SC,0.477174,0.930287,0.0665301360208154,0.0109701336217035,0.011967370308351,GPR
0.040714,2.4643,30.0,15,SC,0.457857,0.53135,0.0871591469673739,0.0147691118431046,0.0158255560173288,GPR
0.051429,2.4643,30.0,15,SC,0.438753,0.425224,0.1081048454087395,0.0188236042560309,0.0198265841754177,GPR
0.062143,2.4643,30.0,15,SC,0.420047,0.509604,0.1293833589694963,0.023142101375831,0.0239770167693537,GPR
0.072857,2.4643,30.0,15,SC,0.4024,0.747443,0.151019443555247,0.0277374565718414,0.0282872599342008,GPR
0.083571,2.4643,30.0,15,SC,0.386693,0.898368,0.1730383892289127,0.0326253053024461,0.0327699652934809,GPR
0.094286,2.4643,30.0,15,SC,0.373286,0.755924,0.1954697303026674,0.0378247459614652,0.0374406540757777,GPR
0.105,2.4643,30.0,15,SC,0.361986,0.584834,0.218338456582856,0.0433560907810373,0.0423157014338971,GPR
0.115714,2.4643,30.0,15,SC,0.352436,0.486298,0.2416771621073271,0.0492434037935011,0.0474146302078575,GPR
0.126429,2.4643,30.0,15,SC,0.344317,0.440664,0.2655195274429045,0.0555127379871405,0.0527585182943906,GPR
0.137143,2.4643,30.0,15,SC,0.337386,0.425485,0.2898929889554009,0.0621896940324536,0.0583679749887721,GPR
0.147857,2.4643,30.0,15,SC,0.331468,0.426694,0.3148316088633973,0.0693023202596536,0.0642656499918911,GPR
0.158571,2.4643,30.0,15,SC,0.32643,0.435114,0.3403667345946098,0.0768781438068387,0.0704737443187441,GPR
0.169286,2.4643,30.0,15,SC,0.322173,0.444409,0.3665311724803841,0.0849447992251045,0.077014574771215,GPR
0.18,2.4643,30.0,15,SC,0.318622,0.450456,0.3933488582912199,0.0935262224977547,0.0839075324330423,GPR
0.03,2.6429,30.0,15,SC,0.492464,0.617086,0.0665301360208154,0.0109701336217035,0.011967370308351,GPR
0.040714,2.6429,30.0,15,SC,0.477252,0.995223,0.0871591469673739,0.0147691118431046,0.0158255560173288,GPR
0.051429,2.6429,30.0,15,SC,0.462437,0.755052,0.1081048454087395,0.0188236042560309,0.0198265841754177,GPR
0.062143,2.6429,30.0,15,SC,0.448223,0.504917,0.1293833589694963,0.023142101375831,0.0239770167693537,GPR
0.072857,2.6429,30.0,15,SC,0.43467,0.41805,0.151019443555247,0.0277374565718414,0.0282872599342008,GPR
0.083571,2.6429,30.0,15,SC,0.421835,0.421375,0.1730383892289127,0.0326253053024461,0.0327699652934809,GPR
0.094286,2.6429,30.0,15,SC,0.409842,0.48695,0.1954697303026674,0.0378247459614652,0.0374406540757777,GPR
0.105,2.6429,30.0,15,SC,0.398874,0.601291,0.218338456582856,0.0433560907810373,0.0423157014338971,GPR
0.115714,2.6429,30.0,15,SC,0.389085,0.735114,0.2416771621073271,0.0492434037935011,0.0474146302078575,GPR
0.126429,2.6429,30.0,15,SC,0.38054,0.838436,0.2655195274429045,0.0555127379871405,0.0527585182943906,GPR
0.137143,2.6429,30.0,15,SC,0.373207,0.878863,0.2898929889554009,0.0621896940324536,0.0583679749887721,GPR
0.147857,2.6429,30.0,15,SC,0.366998,0.868219,0.3148316088633973,0.0693023202596536,0.0642656499918911,GPR
0.158571,2.6429,30.0,15,SC,0.361811,0.836771,0.3403667345946098,0.0768781438068387,0.0704737443187441,GPR
0.169286,2.6429,30.0,15,SC,0.357549,0.806088,0.3665311724803841,0.0849447992251045,0.077014574771215,GPR
0.18,2.6429,30.0,15,SC,0.354134,0.785668,0.3933488582912199,0.0935262224977547,0.0839075324330423,GPR
0.03,2.8214,30.0,15,SC,0.503509,0.363068,0.0665301360208154,0.0109701336217035,0.011967370308351,GPR
0.040714,2.8214,30.0,15,SC,0.491433,0.480472,0.0871591469673739,0.0147691118431046,0.0158255560173288,GPR
0.051429,2.8214,30.0,15,SC,0.479519,0.767849,0.1081048454087395,0.0188236042560309,0.0198265841754177,GPR
0.062143,2.8214,30.0,15,SC,0.468109,0.998774,0.1293833589694963,0.023142101375831,0.0239770167693537,GPR
0.072857,2.8214,30.0,15,SC,0.45736,0.845359,0.151019443555247,0.0277374565718414,0.0282872599342008,GPR
0.083571,2.8214,30.0,15,SC,0.447338,0.627024,0.1730383892289127,0.0326253053024461,0.0327699652934809,GPR
0.094286,2.8214,30.0,15,SC,0.438073,0.496878,0.1954697303026674,0.0378247459614652,0.0374406540757777,GPR
0.105,2.8214,30.0,15,SC,0.429581,0.431227,0.218338456582856,0.0433560907810373,0.0423157014338971,GPR
0.115714,2.8214,30.0,15,SC,0.421876,0.402088,0.2416771621073271,0.0492434037935011,0.0474146302078575,GPR
0.126429,2.8214,30.0,15,SC,0.414974,0.393485,0.2655195274429045,0.0555127379871405,0.0527585182943906,GPR
0.137143,2.8214,30.0,15,SC,0.408885,0.396042,0.2898929889554009,0.0621896940324536,0.0583679749887721,GPR
0.147857,2.8214,30.0,15,SC,0.403613,0.403515,0.3148316088633973,0.0693023202596536,0.0642656499918911,GPR
0.158571,2.8214,30.0,15,SC,0.39915,0.41142,0.3403667345946098,0.0768781438068387,0.0704737443187441,GPR
0.169286,2.8214,30.0,15,SC,0.395476,0.416672,0.3665311724803841,0.0849447992251045,0.077014574771215,GPR
0.18,2.8214,30.0,15,SC,0.392566,0.417549,0.3933488582912199,0.0935262224977547,0.0839075324330423,GPR
0.03,3.0,30.0,15,SC,0.511207,0.405663,0.0665301360208154,0.0109701336217035,0.011967370308351,GPR
0.040714,3.0,30.0,15,SC,0.501876,0.349951,0.0871591469673739,0.0147691118431046,0.0158255560173288,GPR
0.051429,3.0,30.0,15,SC,0.492349,0.377897,0.1081048454087395,0.0188236042560309,0.0198265841754177,GPR
0.062143,3.0,30.0,15,SC,0.483075,0.480856,0.1293833589694963,0.023142101375831,0.0239770167693537,GPR
0.072857,3.0,30.0,15,SC,0.474279,0.663074,0.151019443555247,0.0277374565718414,0.0282872599342008,GPR
0.083571,3.0,30.0,15,SC,0.466074,0.877633,0.1730383892289127,0.0326253053024461,0.0327699652934809,GPR
0.094286,3.0,30.0,15,SC,0.458516,0.994751,0.1954697303026674,0.0378247459614652,0.0374406540757777,GPR
0.105,3.0,30.0,15,SC,0.451628,0.957921,0.218338456582856,0.0433560907810373,0.0423157014338971,GPR
0.115714,3.0,30.0,15,SC,0.445419,0.850434,0.2416771621073271,0.0492434037935011,0.0474146302078575,GPR
0.126429,3.0,30.0,15,SC,0.439884,0.747142,0.2655195274429045,0.0555127379871405,0.0527585182943906,GPR
0.137143,3.0,30.0,15,SC,0.435014,0.670044,0.2898929889554009,0.0621896940324536,0.0583679749887721,GPR
0.147857,3.0,30.0,15,SC,0.430796,0.61822,0.3148316088633973,0.0693023202596536,0.0642656499918911,GPR
0.158571,3.0,30.0,15,SC,0.427212,0.586389,0.3403667345946098,0.0768781438068387,0.0704737443187441,GPR
0.169286,3.0,30.0,15,SC,0.424242,0.57023,0.3665311724803841,0.0849447992251045,0.077014574771215,GPR
0.18,3.0,30.0,15,SC,0.421861,0.567235,0.3933488582912199,0.0935262224977547,0.0839075324330423,GPR
0.03,0.5,33.3333,15,SC,0.028425,0.028966,0.0665301360208154,0.0109701336217035,0.011967370308351,GPR
0.040714,0.5,33.3333,15,SC,0.023021,0.023769,0.0871591469673739,0.0147691118431046,0.0158255560173288,GPR
0.051429,0.5,33.3333,15,SC,0.019512,0.020296,0.1081048454087395,0.0188236042560309,0.0198265841754177,GPR
0.062143,0.5,33.3333,15,SC,0.017049,0.017818,0.1293833589694963,0.023142101375831,0.0239770167693537,GPR
0.072857,0.5,33.3333,15,SC,0.015229,0.015968,0.151019443555247,0.0277374565718414,0.0282872599342008,GPR
0.083571,0.5,33.3333,15,SC,0.013832,0.014538,0.1730383892289127,0.0326253053024461,0.0327699652934809,GPR
0.094286,0.5,33.3333,15,SC,0.01273,0.013403,0.1954697303026674,0.0378247459614652,0.0374406540757777,GPR
0.105,0.5,33.3333,15,SC,0.011841,0.012485,0.218338456582856,0.0433560907810373,0.0423157014338971,GPR
0.115714,0.5,33.3333,15,SC,0.011112,0.011729,0.2416771621073271,0.0492434037935011,0.0474146302078575,GPR
0.126429,0.5,33.3333,15,SC,0.010506,0.011099,0.2655195274429045,0.0555127379871405,0.0527585182943906,GPR
0.137143,0.5,33.3333,15,SC,0.009996,0.010568,0.2898929889554009,0.0621896940324536,0.0583679749887721,GPR
0.147857,0.5,33.3333,15,SC,0.009564,0.010117,0.3148316088633973,0.0693023202596536,0.0642656499918911,GPR
0.158571,0.5,33.3333,15,SC,0.009195,0.009731,0.3403667345946098,0.0768781438068387,0.0704737443187441,GPR
0.169286,0.5,33.3333,15,SC,0.008879,0.0094,0.3665311724803841,0.0849447992251045,0.077014574771215,GPR
0.18,0.5,33.3333,15,SC,0.008607,0.009115,0.3933488582912199,0.0935262224977547,0.0839075324330423,GPR
0.03,0.6786,33.3333,15,SC,0.040523,0.036158,0.0665301360208154,0.0109701336217035,0.011967370308351,GPR
0.040714,0.6786,33.3333,15,SC,0.031865,0.030033,0.0871591469673739,0.0147691118431046,0.0158255560173288,GPR
0.051429,0.6786,33.3333,15,SC,0.026674,0.025876,0.1081048454087395,0.0188236042560309,0.0198265841754177,GPR
0.062143,0.6786,33.3333,15,SC,0.023186,0.022874,0.1293833589694963,0.023142101375831,0.0239770167693537,GPR
0.072857,0.6786,33.3333,15,SC,0.020667,0.02061,0.151019443555247,0.0277374565718414,0.0282872599342008,GPR
0.083571,0.6786,33.3333,15,SC,0.018759,0.018847,0.1730383892289127,0.0326253053024461,0.0327699652934809,GPR
0.094286,0.6786,33.3333,15,SC,0.017264,0.01744,0.1954697303026674,0.0378247459614652,0.0374406540757777,GPR
0.105,0.6786,33.3333,15,SC,0.016065,0.016295,0.218338456582856,0.0433560907810373,0.0423157014338971,GPR
0.115714,0.6786,33.3333,15,SC,0.015086,0.015349,0.2416771621073271,0.0492434037935011,0.0474146302078575,GPR
0.126429,0.6786,33.3333,15,SC,0.014273,0.014558,0.2655195274429045,0.0555127379871405,0.0527585182943906,GPR
0.137143,0.6786,33.3333,15,SC,0.013592,0.01389,0.2898929889554009,0.0621896940324536,0.0583679749887721,GPR
0.147857,0.6786,33.3333,15,SC,0.013016,0.013322,0.3148316088633973,0.0693023202596536,0.0642656499918911,GPR
0.158571,0.6786,33.3333,15,SC,0.012525,0.012836,0.3403667345946098,0.0768781438068387,0.0704737443187441,GPR
0.169286,0.6786,33.3333,15,SC,0.012106,0.012419,0.3665311724803841,0.0849447992251045,0.077014574771215,GPR
0.18,0.6786,33.3333,15,SC,0.011746,0.01206,0.3933488582912199,0.0935262224977547,0.0839075324330423,GPR
0.03,0.8571,33.3333,15,SC,0.064123,0.044347,0.0665301360208154,0.0109701336217035,0.011967370308351,GPR
0.040714,0.8571,33.3333,15,SC,0.048859,0.036867,0.0871591469673739,0.0147691118431046,0.0158255560173288,GPR
0.051429,0.8571,33.3333,15,SC,0.03916,0.031839,0.1081048454087395,0.0188236042560309,0.0198265841754177,GPR
0.062143,0.8571,33.3333,15,SC,0.03278,0.028218,0.1293833589694963,0.023142101375831,0.0239770167693537,GPR
0.072857,0.8571,33.3333,15,SC,0.028439,0.025487,0.151019443555247,0.0277374565718414,0.0282872599342008,GPR
0.083571,0.8571,33.3333,15,SC,0.02536,0.023358,0.1730383892289127,0.0326253053024461,0.0327699652934809,GPR
0.094286,0.8571,33.3333,15,SC,0.023075,0.021658,0.1954697303026674,0.0378247459614652,0.0374406540757777,GPR
0.105,0.8571,33.3333,15,SC,0.021312,0.020273,0.218338456582856,0.0433560907810373,0.0423157014338971,GPR
0.115714,0.8571,33.3333,15,SC,0.019911,0.019128,0.2416771621073271,0.0492434037935011,0.0474146302078575,GPR
0.126429,0.8571,33.3333,15,SC,0.018775,0.01817,0.2655195274429045,0.0555127379871405,0.0527585182943906,GPR
0.137143,0.8571,33.3333,15,SC,0.017837,0.017361,0.2898929889554009,0.0621896940324536,0.0583679749887721,GPR
0.147857,0.8571,33.3333,15,SC,0.017055,0.016674,0.3148316088633973,0.0693023202596536,0.0642656499918911,GPR
0.158571,0.8571,33.3333,15,SC,0.016396,0.016086,0.3403667345946098,0.0768781438068387,0.0704737443187441,GPR
0.169286,0.8571,33.3333,15,SC,0.015839,0.015582,0.3665311724803841,0.0849447992251045,0.077014574771215,GPR
0.18,0.8571,33.3333,15,SC,0.015366,0.015149,0.3933488582912199,0.0935262224977547,0.0839075324330423,GPR
0.03,1.0357,33.3333,15,SC,0.097411,0.055407,0.0665301360208154,0.0109701336217035,0.011967370308351,GPR
0.040714,1.0357,33.3333,15,SC,0.076649,0.045405,0.0871591469673739,0.0147691118431046,0.0158255560173288,GPR
0.051429,1.0357,33.3333,15,SC,0.062345,0.038978,0.1081048454087395,0.0188236042560309,0.0198265841754177,GPR
0.062143,1.0357,33.3333,15,SC,0.052075,0.034454,0.1293833589694963,0.023142101375831,0.0239770167693537,GPR
0.072857,1.0357,33.3333,15,SC,0.044517,0.031086,0.151019443555247,0.0277374565718414,0.0282872599342008,GPR
0.083571,1.0357,33.3333,15,SC,0.038844,0.028482,0.1730383892289127,0.0326253053024461,0.0327699652934809,GPR
0.094286,1.0357,33.3333,15,SC,0.034518,0.026413,0.1954697303026674,0.0378247459614652,0.0374406540757777,GPR
0.105,1.0357,33.3333,15,SC,0.031177,0.024735,0.218338456582856,0.0433560907810373,0.0423157014338971,GPR
0.115714,1.0357,33.3333,15,SC,0.028566,0.023352,0.2416771621073271,0.0492434037935011,0.0474146302078575,GPR
0.126429,1.0357,33.3333,15,SC,0.026503,0.022199,0.2655195274429045,0.0555127379871405,0.0527585182943906,GPR
0.137143,1.0357,33.3333,15,SC,0.024857,0.021227,0.2898929889554009,0.0621896940324536,0.0583679749887721,GPR
0.147857,1.0357,33.3333,15,SC,0.023529,0.020403,0.3148316088633973,0.0693023202596536,0.0642656499918911,GPR
0.158571,1.0357,33.3333,15,SC,0.022448,0.019701,0.3403667345946098,0.0768781438068387,0.0704737443187441,GPR
0.169286,1.0357,33.3333,15,SC,0.021563,0.019101,0.3665311724803841,0.0849447992251045,0.077014574771215,GPR
0.18,1.0357,33.3333,15,SC,0.020834,0.018587,0.3933488582912199,0.0935262224977547,0.0839075324330423,GPR
0.03,1.2143,33.3333,15,SC,0.135832,0.07396,0.0665301360208154,0.0109701336217035,0.011967370308351,GPR
0.040714,1.2143,33.3333,15,SC,0.110602,0.057797,0.0871591469673739,0.0147691118431046,0.0158255560173288,GPR
0.051429,1.2143,33.3333,15,SC,0.092936,0.048567,0.1081048454087395,0.0188236042560309,0.0198265841754177,GPR
0.062143,1.2143,33.3333,15,SC,0.079405,0.042446,0.1293833589694963,0.023142101375831,0.0239770167693537,GPR
0.072857,1.2143,33.3333,15,SC,0.069132,0.038045,0.151019443555247,0.0277374565718414,0.0282872599342008,GPR
0.083571,1.2143,33.3333,15,SC,0.061136,0.034719,0.1730383892289127,0.0326253053024461,0.0327699652934809,GPR
0.094286,1.2143,33.3333,15,SC,0.054744,0.032116,0.1954697303026674,0.0378247459614652,0.0374406540757777,GPR
0.105,1.2143,33.3333,15,SC,0.049637,0.030029,0.218338456582856,0.0433560907810373,0.0423157014338971,GPR
0.115714,1.2143,33.3333,15,SC,0.045512,0.028325,0.2416771621073271,0.0492434037935011,0.0474146302078575,GPR
0.126429,1.2143,33.3333,15,SC,0.042142,0.026913,0.2655195274429045,0.0555127379871405,0.0527585182943906,GPR
0.137143,1.2143,33.3333,15,SC,0.039374,0.025732,0.2898929889554009,0.0621896940324536,0.0583679749887721,GPR
0.147857,1.2143,33.3333,15,SC,0.037099,0.024736,0.3148316088633973,0.0693023202596536,0.0642656499918911,GPR
0.158571,1.2143,33.3333,15,SC,0.035226,0.023893,0.3403667345946098,0.0768781438068387,0.0704737443187441,GPR
0.169286,1.2143,33.3333,15,SC,0.033685,0.023177,0.3665311724803841,0.0849447992251045,0.077014574771215,GPR
0.18,1.2143,33.3333,15,SC,0.032421,0.022568,0.3933488582912199,0.0935262224977547,0.0839075324330423,GPR
0.03,1.3929,33.3333,15,SC,0.175383,0.123642,0.0665301360208154,0.0109701336217035,0.011967370308351,GPR
0.040714,1.3929,33.3333,15,SC,0.148059,0.08119,0.0871591469673739,0.0147691118431046,0.0158255560173288,GPR
0.051429,1.3929,33.3333,15,SC,0.127973,0.064013,0.1081048454087395,0.0188236042560309,0.0198265841754177,GPR
0.062143,1.3929,33.3333,15,SC,0.111461,0.054221,0.1293833589694963,0.023142101375831,0.0239770167693537,GPR
0.072857,1.3929,33.3333,15,SC,0.098953,0.047738,0.151019443555247,0.0277374565718414,0.0282872599342008,GPR
0.083571,1.3929,33.3333,15,SC,0.089207,0.043081,0.1730383892289127,0.0326253053024461,0.0327699652934809,GPR
0.094286,1.3929,33.3333,15,SC,0.081105,0.03956,0.1954697303026674,0.0378247459614652,0.0374406540757777,GPR
0.105,1.3929,33.3333,15,SC,0.074358,0.036805,0.218338456582856,0.0433560907810373,0.0423157014338971,GPR
0.115714,1.3929,33.3333,15,SC,0.068859,0.034597,0.2416771621073271,0.0492434037935011,0.0474146302078575,GPR
0.126429,1.3929,33.3333,15,SC,0.064375,0.032795,0.2655195274429045,0.0555127379871405,0.0527585182943906,GPR
0.137143,1.3929,33.3333,15,SC,0.060664,0.031307,0.2898929889554009,0.0621896940324536,0.0583679749887721,GPR
0.147857,1.3929,33.3333,15,SC,0.05756,0.030066,0.3148316088633973,0.0693023202596536,0.0642656499918911,GPR
0.158571,1.3929,33.3333,15,SC,0.054959,0.029026,0.3403667345946098,0.0768781438068387,0.0704737443187441,GPR
0.169286,1.3929,33.3333,15,SC,0.052788,0.028152,0.3665311724803841,0.0849447992251045,0.077014574771215,GPR
0.18,1.3929,33.3333,15,SC,0.050993,0.027417,0.3933488582912199,0.0935262224977547,0.0839075324330423,GPR
0.03,1.5714,33.3333,15,SC,0.216668,0.320917,0.0665301360208154,0.0109701336217035,0.011967370308351,GPR
0.040714,1.5714,33.3333,15,SC,0.187898,0.166732,0.0871591469673739,0.0147691118431046,0.0158255560173288,GPR
0.051429,1.5714,33.3333,15,SC,0.16365,0.100614,0.1081048454087395,0.0188236042560309,0.0198265841754177,GPR
0.062143,1.5714,33.3333,15,SC,0.146207,0.076734,0.1293833589694963,0.023142101375831,0.0239770167693537,GPR
0.072857,1.5714,33.3333,15,SC,0.132724,0.06418,0.151019443555247,0.0277374565718414,0.0282872599342008,GPR
0.083571,1.5714,33.3333,15,SC,0.121204,0.056236,0.1730383892289127,0.0326253053024461,0.0327699652934809,GPR
0.094286,1.5714,33.3333,15,SC,0.11122,0.050686,0.1954697303026674,0.0378247459614652,0.0374406540757777,GPR
0.105,1.5714,33.3333,15,SC,0.102994,0.046572,0.218338456582856,0.0433560907810373,0.0423157014338971,GPR
0.115714,1.5714,33.3333,15,SC,0.096392,0.0434,0.2416771621073271,0.0492434037935011,0.0474146302078575,GPR
0.126429,1.5714,33.3333,15,SC,0.091019,0.040889,0.2655195274429045,0.0555127379871405,0.0527585182943906,GPR
0.137143,1.5714,33.3333,15,SC,0.086547,0.038864,0.2898929889554009,0.0621896940324536,0.0583679749887721,GPR
0.147857,1.5714,33.3333,15,SC,0.082768,0.03721,0.3148316088633973,0.0693023202596536,0.0642656499918911,GPR
0.158571,1.5714,33.3333,15,SC,0.079561,0.035849,0.3403667345946098,0.0768781438068387,0.0704737443187441,GPR
0.169286,1.5714,33.3333,15,SC,0.076851,0.034725,0.3665311724803841,0.0849447992251045,0.077014574771215,GPR
0.18,1.5714,33.3333,15,SC,0.074586,0.033798,0.3933488582912199,0.0935262224977547,0.0839075324330423,GPR
0.03,1.75,33.3333,15,SC,0.252544,0.454054,0.0665301360208154,0.0109701336217035,0.011967370308351,GPR
0.040714,1.75,33.3333,15,SC,0.224714,0.369839,0.0871591469673739,0.0147691118431046,0.0158255560173288,GPR
0.051429,1.75,33.3333,15,SC,0.203117,0.265892,0.1081048454087395,0.0188236042560309,0.0198265841754177,GPR
0.062143,1.75,33.3333,15,SC,0.183939,0.161377,0.1293833589694963,0.023142101375831,0.0239770167693537,GPR
0.072857,1.75,33.3333,15,SC,0.166929,0.108272,0.151019443555247,0.0277374565718414,0.0282872599342008,GPR
0.083571,1.75,33.3333,15,SC,0.153481,0.08508,0.1730383892289127,0.0326253053024461,0.0327699652934809,GPR
0.094286,1.75,33.3333,15,SC,0.143106,0.072282,0.1954697303026674,0.0378247459614652,0.0374406540757777,GPR
0.105,1.75,33.3333,15,SC,0.134727,0.064069,0.218338456582856,0.0433560907810373,0.0423157014338971,GPR
0.115714,1.75,33.3333,15,SC,0.127665,0.058317,0.2416771621073271,0.0492434037935011,0.0474146302078575,GPR
0.126429,1.75,33.3333,15,SC,0.121557,0.054064,0.2655195274429045,0.0555127379871405,0.0527585182943906,GPR
0.137143,1.75,33.3333,15,SC,0.116225,0.050806,0.2898929889554009,0.0621896940324536,0.0583679749887721,GPR
0.147857,1.75,33.3333,15,SC,0.11159,0.048254,0.3148316088633973,0.0693023202596536,0.0642656499918911,GPR
0.158571,1.75,33.3333,15,SC,0.107616,0.046227,0.3403667345946098,0.0768781438068387,0.0704737443187441,GPR
0.169286,1.75,33.3333,15,SC,0.104262,0.044606,0.3665311724803841,0.0849447992251045,0.077014574771215,GPR
0.18,1.75,33.3333,15,SC,0.101481,0.043311,0.3933488582912199,0.0935262224977547,0.0839075324330423,GPR
0.03,1.9286,33.3333,15,SC,0.2929,0.528779,0.0665301360208154,0.0109701336217035,0.011967370308351,GPR
0.040714,1.9286,33.3333,15,SC,0.260198,0.53556,0.0871591469673739,0.0147691118431046,0.0158255560173288,GPR
0.051429,1.9286,33.3333,15,SC,0.236188,0.415277,0.1081048454087395,0.0188236042560309,0.0198265841754177,GPR
0.062143,1.9286,33.3333,15,SC,0.218257,0.355794,0.1293833589694963,0.023142101375831,0.0239770167693537,GPR
0.072857,1.9286,33.3333,15,SC,0.203533,0.293108,0.151019443555247,0.0277374565718414,0.0282872599342008,GPR
0.083571,1.9286,33.3333,15,SC,0.190627,0.218861,0.1730383892289127,0.0326253053024461,0.0327699652934809,GPR
0.094286,1.9286,33.3333,15,SC,0.178898,0.156198,0.1954697303026674,0.0378247459614652,0.0374406540757777,GPR
0.105,1.9286,33.3333,15,SC,0.168337,0.118341,0.218338456582856,0.0433560907810373,0.0423157014338971,GPR
0.115714,1.9286,33.3333,15,SC,0.159263,0.097611,0.2416771621073271,0.0492434037935011,0.0474146302078575,GPR
0.126429,1.9286,33.3333,15,SC,0.151773,0.08513,0.2655195274429045,0.0555127379871405,0.0527585182943906,GPR
0.137143,1.9286,33.3333,15,SC,0.145655,0.076889,0.2898929889554009,0.0621896940324536,0.0583679749887721,GPR
0.147857,1.9286,33.3333,15,SC,0.140631,0.0711,0.3148316088633973,0.0693023202596536,0.0642656499918911,GPR
0.158571,1.9286,33.3333,15,SC,0.136473,0.066877,0.3403667345946098,0.0768781438068387,0.0704737443187441,GPR
0.169286,1.9286,33.3333,15,SC,0.133016,0.063732,0.3665311724803841,0.0849447992251045,0.077014574771215,GPR
0.18,1.9286,33.3333,15,SC,0.130149,0.061379,0.3933488582912199,0.0935262224977547,0.0839075324330423,GPR
0.03,2.1071,33.3333,15,SC,0.325156,0.476778,0.0665301360208154,0.0109701336217035,0.011967370308351,GPR
0.040714,2.1071,33.3333,15,SC,0.298867,0.660956,0.0871591469673739,0.0147691118431046,0.0158255560173288,GPR
0.051429,2.1071,33.3333,15,SC,0.273376,0.455065,0.1081048454087395,0.0188236042560309,0.0198265841754177,GPR
0.062143,2.1071,33.3333,15,SC,0.251413,0.521661,0.1293833589694963,0.023142101375831,0.0239770167693537,GPR
0.072857,2.1071,33.3333,15,SC,0.234648,0.403117,0.151019443555247,0.0277374565718414,0.0282872599342008,GPR
0.083571,2.1071,33.3333,15,SC,0.221542,0.406814,0.1730383892289127,0.0326253053024461,0.0327699652934809,GPR
0.094286,2.1071,33.3333,15,SC,0.210775,0.340913,0.1954697303026674,0.0378247459614652,0.0374406540757777,GPR
0.105,2.1071,33.3333,15,SC,0.201621,0.309234,0.218338456582856,0.0433560907810373,0.0423157014338971,GPR
0.115714,2.1071,33.3333,15,SC,0.193672,0.269176,0.2416771621073271,0.0492434037935011,0.0474146302078575,GPR
0.126429,2.1071,33.3333,15,SC,0.186687,0.231524,0.2655195274429045,0.0555127379871405,0.0527585182943906,GPR
0.137143,2.1071,33.3333,15,SC,0.180528,0.199485,0.2898929889554009,0.0621896940324536,0.0583679749887721,GPR
0.147857,2.1071,33.3333,15,SC,0.17512,0.172451,0.3148316088633973,0.0693023202596536,0.0642656499918911,GPR
0.158571,2.1071,33.3333,15,SC,0.170421,0.15197,0.3403667345946098,0.0768781438068387,0.0704737443187441,GPR
0.169286,2.1071,33.3333,15,SC,0.166404,0.137419,0.3665311724803841,0.0849447992251045,0.077014574771215,GPR
0.18,2.1071,33.3333,15,SC,0.163041,0.127481,0.3933488582912199,0.0935262224977547,0.0839075324330423,GPR
0.03,2.2857,33.3333,15,SC,0.349849,0.840449,0.0665301360208154,0.0109701336217035,0.011967370308351,GPR
0.040714,2.2857,33.3333,15,SC,0.327559,0.495544,0.0871591469673739,0.0147691118431046,0.0158255560173288,GPR
0.051429,2.2857,33.3333,15,SC,0.307629,0.574282,0.1081048454087395,0.0188236042560309,0.0198265841754177,GPR
0.062143,2.2857,33.3333,15,SC,0.288929,0.60925,0.1293833589694963,0.023142101375831,0.0239770167693537,GPR
0.072857,2.2857,33.3333,15,SC,0.271088,0.439564,0.151019443555247,0.0277374565718414,0.0282872599342008,GPR
0.083571,2.2857,33.3333,15,SC,0.255096,0.503319,0.1730383892289127,0.0326253053024461,0.0327699652934809,GPR
0.094286,2.2857,33.3333,15,SC,0.241921,0.498204,0.1954697303026674,0.0378247459614652,0.0374406540757777,GPR
0.105,2.2857,33.3333,15,SC,0.231326,0.405275,0.218338456582856,0.0433560907810373,0.0423157014338971,GPR
0.115714,2.2857,33.3333,15,SC,0.222675,0.386018,0.2416771621073271,0.0492434037935011,0.0474146302078575,GPR
0.126429,2.2857,33.3333,15,SC,0.215472,0.396772,0.2655195274429045,0.0555127379871405,0.0527585182943906,GPR
0.137143,2.2857,33.3333,15,SC,0.209392,0.38105,0.2898929889554009,0.0621896940324536,0.0583679749887721,GPR
0.147857,2.2857,33.3333,15,SC,0.204222,0.349567,0.3148316088633973,0.0693023202596536,0.0642656499918911,GPR
0.158571,2.2857,33.3333,15,SC,0.199821,0.324913,0.3403667345946098,0.0768781438068387,0.0704737443187441,GPR
0.169286,2.2857,33.3333,15,SC,0.196087,0.309963,0.3665311724803841,0.0849447992251045,0.077014574771215,GPR
0.18,2.2857,33.3333,15,SC,0.192946,0.300851,0.3933488582912199,0.0935262224977547,0.0839075324330423,GPR
0.03,2.4643,33.3333,15,SC,0.371702,0.443573,0.0665301360208154,0.0109701336217035,0.011967370308351,GPR
0.040714,2.4643,33.3333,15,SC,0.350723,0.703368,0.0871591469673739,0.0147691118431046,0.0158255560173288,GPR
0.051429,2.4643,33.3333,15,SC,0.332909,0.701733,0.1081048454087395,0.0188236042560309,0.0198265841754177,GPR
0.062143,2.4643,33.3333,15,SC,0.31727,0.453668,0.1293833589694963,0.023142101375831,0.0239770167693537,GPR
0.072857,2.4643,33.3333,15,SC,0.303201,0.52551,0.151019443555247,0.0277374565718414,0.0282872599342008,GPR
0.083571,2.4643,33.3333,15,SC,0.290283,0.680027,0.1730383892289127,0.0326253053024461,0.0327699652934809,GPR
0.094286,2.4643,33.3333,15,SC,0.278275,0.554431,0.1954697303026674,0.0378247459614652,0.0374406540757777,GPR
0.105,2.4643,33.3333,15,SC,0.267174,0.438218,0.218338456582856,0.0433560907810373,0.0423157014338971,GPR
0.115714,2.4643,33.3333,15,SC,0.257176,0.422238,0.2416771621073271,0.0492434037935011,0.0474146302078575,GPR
0.126429,2.4643,33.3333,15,SC,0.248477,0.461618,0.2655195274429045,0.0555127379871405,0.0527585182943906,GPR
0.137143,2.4643,33.3333,15,SC,0.241108,0.501618,0.2898929889554009,0.0621896940324536,0.0583679749887721,GPR
0.147857,2.4643,33.3333,15,SC,0.234955,0.505153,0.3148316088633973,0.0693023202596536,0.0642656499918911,GPR
0.158571,2.4643,33.3333,15,SC,0.229854,0.481169,0.3403667345946098,0.0768781438068387,0.0704737443187441,GPR
0.169286,2.4643,33.3333,15,SC,0.225653,0.452534,0.3665311724803841,0.0849447992251045,0.077014574771215,GPR
0.18,2.4643,33.3333,15,SC,0.222229,0.430165,0.3933488582912199,0.0935262224977547,0.0839075324330423,GPR
0.03,2.6429,33.3333,15,SC,0.39316,0.875193,0.0665301360208154,0.0109701336217035,0.011967370308351,GPR
0.040714,2.6429,33.3333,15,SC,0.371995,0.461997,0.0871591469673739,0.0147691118431046,0.0158255560173288,GPR
0.051429,2.6429,33.3333,15,SC,0.354721,0.48481,0.1081048454087395,0.0188236042560309,0.0198265841754177,GPR
0.062143,2.6429,33.3333,15,SC,0.340078,0.791993,0.1293833589694963,0.023142101375831,0.0239770167693537,GPR
0.072857,2.6429,33.3333,15,SC,0.327355,0.735741,0.151019443555247,0.0277374565718414,0.0282872599342008,GPR
0.083571,2.6429,33.3333,15,SC,0.31614,0.498949,0.1730383892289127,0.0326253053024461,0.0327699652934809,GPR
0.094286,2.6429,33.3333,15,SC,0.306164,0.430097,0.1954697303026674,0.0378247459614652,0.0374406540757777,GPR
0.105,2.6429,33.3333,15,SC,0.297242,0.470995,0.218338456582856,0.0433560907810373,0.0423157014338971,GPR
0.115714,2.6429,33.3333,15,SC,0.28925,0.572064,0.2416771621073271,0.0492434037935011,0.0474146302078575,GPR
0.126429,2.6429,33.3333,15,SC,0.282109,0.653076,0.2655195274429045,0.0555127379871405,0.0527585182943906,GPR
0.137143,2.6429,33.3333,15,SC,0.27577,0.651386,0.2898929889554009,0.0621896940324536,0.0583679749887721,GPR
0.147857,2.6429,33.3333,15,SC,0.27021,0.598487,0.3148316088633973,0.0693023202596536,0.0642656499918911,GPR
0.158571,2.6429,33.3333,15,SC,0.26541,0.543137,0.3403667345946098,0.0768781438068387,0.0704737443187441,GPR
0.169286,2.6429,33.3333,15,SC,0.261352,0.502573,0.3665311724803841,0.0849447992251045,0.077014574771215,GPR
0.18,2.6429,33.3333,15,SC,0.258011,0.477138,0.3933488582912199,0.0935262224977547,0.0839075324330423,GPR
0.03,2.8214,33.3333,15,SC,0.414294,0.590238,0.0665301360208154,0.0109701336217035,0.011967370308351,GPR
0.040714,2.8214,33.3333,15,SC,0.393504,0.977919,0.0871591469673739,0.0147691118431046,0.0158255560173288,GPR
0.051429,2.8214,33.3333,15,SC,0.37575,0.59324,0.1081048454087395,0.0188236042560309,0.0198265841754177,GPR
0.062143,2.8214,33.3333,15,SC,0.361073,0.425004,0.1293833589694963,0.023142101375831,0.0239770167693537,GPR
0.072857,2.8214,33.3333,15,SC,0.348681,0.456737,0.151019443555247,0.0277374565718414,0.0282872599342008,GPR
0.083571,2.8214,33.3333,15,SC,0.338005,0.635775,0.1730383892289127,0.0326253053024461,0.0327699652934809,GPR
0.094286,2.8214,33.3333,15,SC,0.328695,0.8305,0.1954697303026674,0.0378247459614652,0.0374406540757777,GPR
0.105,2.8214,33.3333,15,SC,0.320525,0.781953,0.218338456582856,0.0433560907810373,0.0423157014338971,GPR
0.115714,2.8214,33.3333,15,SC,0.313338,0.622955,0.2416771621073271,0.0492434037935011,0.0474146302078575,GPR
0.126429,2.8214,33.3333,15,SC,0.307023,0.510084,0.2655195274429045,0.0555127379871405,0.0527585182943906,GPR
0.137143,2.8214,33.3333,15,SC,0.301494,0.449019,0.2898929889554009,0.0621896940324536,0.0583679749887721,GPR
0.147857,2.8214,33.3333,15,SC,0.296684,0.419656,0.3148316088633973,0.0693023202596536,0.0642656499918911,GPR
0.158571,2.8214,33.3333,15,SC,0.292539,0.40738,0.3403667345946098,0.0768781438068387,0.0704737443187441,GPR
0.169286,2.8214,33.3333,15,SC,0.289014,0.403102,0.3665311724803841,0.0849447992251045,0.077014574771215,GPR
0.18,2.8214,33.3333,15,SC,0.286068,0.401342,0.3933488582912199,0.0935262224977547,0.0839075324330423,GPR
0.03,3.0,33.3333,15,SC,0.430601,0.37724,0.0665301360208154,0.0109701336217035,0.011967370308351,GPR
0.040714,3.0,33.3333,15,SC,0.414161,0.483668,0.0871591469673739,0.0147691118431046,0.0158255560173288,GPR
0.051429,3.0,33.3333,15,SC,0.397508,0.85213,0.1081048454087395,0.0188236042560309,0.0198265841754177,GPR
0.062143,3.0,33.3333,15,SC,0.382464,0.913419,0.1293833589694963,0.023142101375831,0.0239770167693537,GPR
0.072857,3.0,33.3333,15,SC,0.369674,0.606858,0.151019443555247,0.0277374565718414,0.0282872599342008,GPR
0.083571,3.0,33.3333,15,SC,0.358867,0.449529,0.1730383892289127,0.0326253053024461,0.0327699652934809,GPR
0.094286,3.0,33.3333,15,SC,0.349637,0.404438,0.1954697303026674,0.0378247459614652,0.0374406540757777,GPR
0.105,3.0,33.3333,15,SC,0.341675,0.421974,0.218338456582856,0.0433560907810373,0.0423157014338971,GPR
0.115714,3.0,33.3333,15,SC,0.334769,0.481681,0.2416771621073271,0.0492434037935011,0.0474146302078575,GPR
0.126429,3.0,33.3333,15,SC,0.328767,0.567647,0.2655195274429045,0.0555127379871405,0.0527585182943906,GPR
0.137143,3.0,33.3333,15,SC,0.323562,0.657739,0.2898929889554009,0.0621896940324536,0.0583679749887721,GPR
0.147857,3.0,33.3333,15,SC,0.31907,0.729053,0.3148316088633973,0.0693023202596536,0.0642656499918911,GPR
0.158571,3.0,33.3333,15,SC,0.315227,0.771138,0.3403667345946098,0.0768781438068387,0.0704737443187441,GPR
0.169286,3.0,33.3333,15,SC,0.311981,0.788336,0.3665311724803841,0.0849447992251045,0.077014574771215,GPR
0.18,3.0,33.3333,15,SC,0.309289,0.790291,0.3933488582912199,0.0935262224977547,0.0839075324330423,GPR
0.03,0.5,36.6667,15,SC,0.021206,0.022003,0.0665301360208154,0.0109701336217035,0.011967370308351,GPR
0.040714,0.5,36.6667,15,SC,0.017224,0.018014,0.0871591469673739,0.0147691118431046,0.0158255560173288,GPR
0.051429,0.5,36.6667,15,SC,0.014614,0.015355,0.1081048454087395,0.0188236042560309,0.0198265841754177,GPR
0.062143,0.5,36.6667,15,SC,0.012774,0.013463,0.1293833589694963,0.023142101375831,0.0239770167693537,GPR
0.072857,0.5,36.6667,15,SC,0.011412,0.012052,0.151019443555247,0.0277374565718414,0.0282872599342008,GPR
0.083571,0.5,36.6667,15,SC,0.010365,0.010964,0.1730383892289127,0.0326253053024461,0.0327699652934809,GPR
0.094286,0.5,36.6667,15,SC,0.009538,0.010101,0.1954697303026674,0.0378247459614652,0.0374406540757777,GPR
0.105,0.5,36.6667,15,SC,0.008871,0.009403,0.218338456582856,0.0433560907810373,0.0423157014338971,GPR
0.115714,0.5,36.6667,15,SC,0.008323,0.008829,0.2416771621073271,0.0492434037935011,0.0474146302078575,GPR
0.126429,0.5,36.6667,15,SC,0.007868,0.008351,0.2655195274429045,0.0555127379871405,0.0527585182943906,GPR
0.137143,0.5,36.6667,15,SC,0.007485,0.007948,0.2898929889554009,0.0621896940324536,0.0583679749887721,GPR
0.147857,0.5,36.6667,15,SC,0.00716,0.007607,0.3148316088633973,0.0693023202596536,0.0642656499918911,GPR
0.158571,0.5,36.6667,15,SC,0.006882,0.007314,0.3403667345946098,0.0768781438068387,0.0704737443187441,GPR
0.169286,0.5,36.6667,15,SC,0.006644,0.007063,0.3665311724803841,0.0849447992251045,0.077014574771215,GPR
0.18,0.5,36.6667,15,SC,0.006439,0.006847,0.3933488582912199,0.0935262224977547,0.0839075324330423,GPR
0.03,0.6786,36.6667,15,SC,0.027787,0.027001,0.0665301360208154,0.0109701336217035,0.011967370308351,GPR
0.040714,0.6786,36.6667,15,SC,0.022558,0.022469,0.0871591469673739,0.0147691118431046,0.0158255560173288,GPR
0.051429,0.6786,36.6667,15,SC,0.019194,0.019371,0.1081048454087395,0.0188236042560309,0.0198265841754177,GPR
0.062143,0.6786,36.6667,15,SC,0.016833,0.017126,0.1293833589694963,0.023142101375831,0.0239770167693537,GPR
0.072857,0.6786,36.6667,15,SC,0.015084,0.01543,0.151019443555247,0.0277374565718414,0.0282872599342008,GPR
0.083571,0.6786,36.6667,15,SC,0.013738,0.014107,0.1730383892289127,0.0326253053024461,0.0327699652934809,GPR
0.094286,0.6786,36.6667,15,SC,0.012672,0.013051,0.1954697303026674,0.0378247459614652,0.0374406540757777,GPR
0.105,0.6786,36.6667,15,SC,0.011811,0.012191,0.218338456582856,0.0433560907810373,0.0423157014338971,GPR
0.115714,0.6786,36.6667,15,SC,0.011104,0.011481,0.2416771621073271,0.0492434037935011,0.0474146302078575,GPR
0.126429,0.6786,36.6667,15,SC,0.010514,0.010886,0.2655195274429045,0.0555127379871405,0.0527585182943906,GPR
0.137143,0.6786,36.6667,15,SC,0.010018,0.010384,0.2898929889554009,0.0621896940324536,0.0583679749887721,GPR
0.147857,0.6786,36.6667,15,SC,0.009597,0.009956,0.3148316088633973,0.0693023202596536,0.0642656499918911,GPR
0.158571,0.6786,36.6667,15,SC,0.009238,0.009591,0.3403667345946098,0.0768781438068387,0.0704737443187441,GPR
0.169286,0.6786,36.6667,15,SC,0.008929,0.009276,0.3665311724803841,0.0849447992251045,0.077014574771215,GPR
0.18,0.6786,36.6667,15,SC,0.008664,0.009005,0.3933488582912199,0.0935262224977547,0.0839075324330423,GPR
0.03,0.8571,36.6667,15,SC,0.038754,0.032049,0.0665301360208154,0.0109701336217035,0.011967370308351,GPR
0.040714,0.8571,36.6667,15,SC,0.029872,0.026911,0.0871591469673739,0.0147691118431046,0.0158255560173288,GPR
0.051429,0.8571,36.6667,15,SC,0.024808,0.023363,0.1081048454087395,0.0188236042560309,0.0198265841754177,GPR
0.062143,0.8571,36.6667,15,SC,0.021522,0.020769,0.1293833589694963,0.023142101375831,0.0239770167693537,GPR
0.072857,0.8571,36.6667,15,SC,0.019185,0.018795,0.151019443555247,0.0277374565718414,0.0282872599342008,GPR
0.083571,0.8571,36.6667,15,SC,0.017427,0.017246,0.1730383892289127,0.0326253053024461,0.0327699652934809,GPR
0.094286,0.8571,36.6667,15,SC,0.016055,0.016004,0.1954697303026674,0.0378247459614652,0.0374406540757777,GPR
0.105,0.8571,36.6667,15,SC,0.014955,0.014988,0.218338456582856,0.0433560907810373,0.0423157014338971,GPR
0.115714,0.8571,36.6667,15,SC,0.014058,0.014146,0.2416771621073271,0.0492434037935011,0.0474146302078575,GPR
0.126429,0.8571,36.6667,15,SC,0.013314,0.01344,0.2655195274429045,0.0555127379871405,0.0527585182943906,GPR
0.137143,0.8571,36.6667,15,SC,0.01269,0.012843,0.2898929889554009,0.0621896940324536,0.0583679749887721,GPR
0.147857,0.8571,36.6667,15,SC,0.012163,0.012334,0.3148316088633973,0.0693023202596536,0.0642656499918911,GPR
0.158571,0.8571,36.6667,15,SC,0.011715,0.011898,0.3403667345946098,0.0768781438068387,0.0704737443187441,GPR
0.169286,0.8571,36.6667,15,SC,0.011331,0.011523,0.3665311724803841,0.0849447992251045,0.077014574771215,GPR
0.18,0.8571,36.6667,15,SC,0.011003,0.0112,0.3933488582912199,0.0935262224977547,0.0839075324330423,GPR
0.03,1.0357,36.6667,15,SC,0.059447,0.037735,0.0665301360208154,0.0109701336217035,0.011967370308351,GPR
0.040714,1.0357,36.6667,15,SC,0.044823,0.03176,0.0871591469673739,0.0147691118431046,0.0158255560173288,GPR
0.051429,1.0357,36.6667,15,SC,0.035503,0.027654,0.1081048454087395,0.0188236042560309,0.0198265841754177,GPR
0.062143,1.0357,36.6667,15,SC,0.029431,0.024654,0.1293833589694963,0.023142101375831,0.0239770167693537,GPR
0.072857,1.0357,36.6667,15,SC,0.025391,0.022368,0.151019443555247,0.0277374565718414,0.0282872599342008,GPR
0.083571,1.0357,36.6667,15,SC,0.022595,0.020572,0.1730383892289127,0.0326253053024461,0.0327699652934809,GPR
0.094286,1.0357,36.6667,15,SC,0.020555,0.019129,0.1954697303026674,0.0378247459614652,0.0374406540757777,GPR
0.105,1.0357,36.6667,15,SC,0.018996,0.017947,0.218338456582856,0.0433560907810373,0.0423157014338971,GPR
0.115714,1.0357,36.6667,15,SC,0.017763,0.016967,0.2416771621073271,0.0492434037935011,0.0474146302078575,GPR
0.126429,1.0357,36.6667,15,SC,0.016765,0.016145,0.2655195274429045,0.0555127379871405,0.0527585182943906,GPR
0.137143,1.0357,36.6667,15,SC,0.015943,0.015449,0.2898929889554009,0.0621896940324536,0.0583679749887721,GPR
0.147857,1.0357,36.6667,15,SC,0.015258,0.014856,0.3148316088633973,0.0693023202596536,0.0642656499918911,GPR
0.158571,1.0357,36.6667,15,SC,0.014681,0.014349,0.3403667345946098,0.0768781438068387,0.0704737443187441,GPR
0.169286,1.0357,36.6667,15,SC,0.014194,0.013913,0.3665311724803841,0.0849447992251045,0.077014574771215,GPR
0.18,1.0357,36.6667,15,SC,0.01378,0.013538,0.3933488582912199,0.0935262224977547,0.0839075324330423,GPR
0.03,1.2143,36.6667,15,SC,0.086637,0.044754,0.0665301360208154,0.0109701336217035,0.011967370308351,GPR
0.040714,1.2143,36.6667,15,SC,0.067731,0.037433,0.0871591469673739,0.0147691118431046,0.0158255560173288,GPR
0.051429,1.2143,36.6667,15,SC,0.054539,0.032529,0.1081048454087395,0.0188236042560309,0.0198265841754177,GPR
0.062143,1.2143,36.6667,15,SC,0.045141,0.028991,0.1293833589694963,0.023142101375831,0.0239770167693537,GPR
0.072857,1.2143,36.6667,15,SC,0.038267,0.026314,0.151019443555247,0.0277374565718414,0.0282872599342008,GPR
0.083571,1.2143,36.6667,15,SC,0.033159,0.024219,0.1730383892289127,0.0326253053024461,0.0327699652934809,GPR
0.094286,1.2143,36.6667,15,SC,0.029316,0.02254,0.1954697303026674,0.0378247459614652,0.0374406540757777,GPR
0.105,1.2143,36.6667,15,SC,0.026396,0.021169,0.218338456582856,0.0433560907810373,0.0423157014338971,GPR
0.115714,1.2143,36.6667,15,SC,0.024154,0.020032,0.2416771621073271,0.0492434037935011,0.0474146302078575,GPR
0.126429,1.2143,36.6667,15,SC,0.022414,0.01908,0.2655195274429045,0.0555127379871405,0.0527585182943906,GPR
0.137143,1.2143,36.6667,15,SC,0.021044,0.018276,0.2898929889554009,0.0621896940324536,0.0583679749887721,GPR
0.147857,1.2143,36.6667,15,SC,0.01995,0.017592,0.3148316088633973,0.0693023202596536,0.0642656499918911,GPR
0.158571,1.2143,36.6667,15,SC,0.019066,0.017007,0.3403667345946098,0.0768781438068387,0.0704737443187441,GPR
0.169286,1.2143,36.6667,15,SC,0.018343,0.016507,0.3665311724803841,0.0849447992251045,0.077014574771215,GPR
0.18,1.2143,36.6667,15,SC,0.01775,0.016078,0.3933488582912199,0.0935262224977547,0.0839075324330423,GPR
0.03,1.3929,36.6667,15,SC,0.116986,0.054522,0.0665301360208154,0.0109701336217035,0.011967370308351,GPR
0.040714,1.3929,36.6667,15,SC,0.095317,0.044675,0.0871591469673739,0.0147691118431046,0.0158255560173288,GPR
0.051429,1.3929,36.6667,15,SC,0.078905,0.03846,0.1081048454087395,0.0188236042560309,0.0198265841754177,GPR
0.062143,1.3929,36.6667,15,SC,0.06703,0.034113,0.1293833589694963,0.023142101375831,0.0239770167693537,GPR
0.072857,1.3929,36.6667,15,SC,0.057797,0.030884,0.151019443555247,0.0277374565718414,0.0282872599342008,GPR
0.083571,1.3929,36.6667,15,SC,0.05066,0.028388,0.1730383892289127,0.0326253053024461,0.0327699652934809,GPR
0.094286,1.3929,36.6667,15,SC,0.045071,0.026403,0.1954697303026674,0.0378247459614652,0.0374406540757777,GPR
0.105,1.3929,36.6667,15,SC,0.040587,0.024792,0.218338456582856,0.0433560907810373,0.0423157014338971,GPR
0.115714,1.3929,36.6667,15,SC,0.036996,0.023464,0.2416771621073271,0.0492434037935011,0.0474146302078575,GPR
0.126429,1.3929,36.6667,15,SC,0.0341,0.022356,0.2655195274429045,0.0555127379871405,0.0527585182943906,GPR
0.137143,1.3929,36.6667,15,SC,0.031744,0.021423,0.2898929889554009,0.0621896940324536,0.0583679749887721,GPR
0.147857,1.3929,36.6667,15,SC,0.029821,0.020633,0.3148316088633973,0.0693023202596536,0.0642656499918911,GPR
0.158571,1.3929,36.6667,15,SC,0.028253,0.019961,0.3403667345946098,0.0768781438068387,0.0704737443187441,GPR
0.169286,1.3929,36.6667,15,SC,0.026975,0.019387,0.3665311724803841,0.0849447992251045,0.077014574771215,GPR
0.18,1.3929,36.6667,15,SC,0.025938,0.018899,0.3933488582912199,0.0935262224977547,0.0839075324330423,GPR
0.03,1.5714,36.6667,15,SC,0.149777,0.071004,0.0665301360208154,0.0109701336217035,0.011967370308351,GPR
0.040714,1.5714,36.6667,15,SC,0.12518,0.055176,0.0871591469673739,0.0147691118431046,0.0158255560173288,GPR
0.051429,1.5714,36.6667,15,SC,0.106375,0.046397,0.1081048454087395,0.0188236042560309,0.0198265841754177,GPR
0.062143,1.5714,36.6667,15,SC,0.092817,0.040643,0.1293833589694963,0.023142101375831,0.0239770167693537,GPR
0.072857,1.5714,36.6667,15,SC,0.081535,0.036528,0.151019443555247,0.0277374565718414,0.0282872599342008,GPR
0.083571,1.5714,36.6667,15,SC,0.072575,0.033424,0.1730383892289127,0.0326253053024461,0.0327699652934809,GPR
0.094286,1.5714,36.6667,15,SC,0.06564,0.030998,0.1954697303026674,0.0378247459614652,0.0374406540757777,GPR
0.105,1.5714,36.6667,15,SC,0.059952,0.029054,0.218338456582856,0.0433560907810373,0.0423157014338971,GPR
0.115714,1.5714,36.6667,15,SC,0.055177,0.027467,0.2416771621073271,0.0492434037935011,0.0474146302078575,GPR
0.126429,1.5714,36.6667,15,SC,0.051233,0.026153,0.2655195274429045,0.0555127379871405,0.0527585182943906,GPR
0.137143,1.5714,36.6667,15,SC,0.048016,0.025055,0.2898929889554009,0.0621896940324536,0.0583679749887721,GPR
0.147857,1.5714,36.6667,15,SC,0.045378,0.024131,0.3148316088633973,0.0693023202596536,0.0642656499918911,GPR
0.158571,1.5714,36.6667,15,SC,0.0432,0.02335,0.3403667345946098,0.0768781438068387,0.0704737443187441,GPR
0.169286,1.5714,36.6667,15,SC,0.041401,0.022689,0.3665311724803841,0.0849447992251045,0.077014574771215,GPR
0.18,1.5714,36.6667,15,SC,0.039923,0.02213,0.3933488582912199,0.0935262224977547,0.0839075324330423,GPR
0.03,1.75,36.6667,15,SC,0.181187,0.113209,0.0665301360208154,0.0109701336217035,0.011967370308351,GPR
0.040714,1.75,36.6667,15,SC,0.155508,0.074168,0.0871591469673739,0.0147691118431046,0.0158255560173288,GPR
0.051429,1.75,36.6667,15,SC,0.136911,0.058736,0.1081048454087395,0.0188236042560309,0.0198265841754177,GPR
0.062143,1.75,36.6667,15,SC,0.120514,0.049974,0.1293833589694963,0.023142101375831,0.0239770167693537,GPR
0.072857,1.75,36.6667,15,SC,0.10736,0.044177,0.151019443555247,0.0277374565718414,0.0282872599342008,GPR
0.083571,1.75,36.6667,15,SC,0.097575,0.04001,0.1730383892289127,0.0326253053024461,0.0327699652934809,GPR
0.094286,1.75,36.6667,15,SC,0.089659,0.036857,0.1954697303026674,0.0378247459614652,0.0374406540757777,GPR
0.105,1.75,36.6667,15,SC,0.082811,0.034388,0.218338456582856,0.0433560907810373,0.0423157014338971,GPR
0.115714,1.75,36.6667,15,SC,0.076893,0.032408,0.2416771621073271,0.0492434037935011,0.0474146302078575,GPR
0.126429,1.75,36.6667,15,SC,0.071977,0.030793,0.2655195274429045,0.0555127379871405,0.0527585182943906,GPR
0.137143,1.75,36.6667,15,SC,0.067982,0.029459,0.2898929889554009,0.0621896940324536,0.0583679749887721,GPR
0.147857,1.75,36.6667,15,SC,0.064724,0.028349,0.3148316088633973,0.0693023202596536,0.0642656499918911,GPR
0.158571,1.75,36.6667,15,SC,0.062042,0.02742,0.3403667345946098,0.0768781438068387,0.0704737443187441,GPR
0.169286,1.75,36.6667,15,SC,0.059821,0.026643,0.3665311724803841,0.0849447992251045,0.077014574771215,GPR
0.18,1.75,36.6667,15,SC,0.057989,0.025992,0.3933488582912199,0.0935262224977547,0.0839075324330423,GPR
0.03,1.9286,36.6667,15,SC,0.214831,0.290712,0.0665301360208154,0.0109701336217035,0.011967370308351,GPR
0.040714,1.9286,36.6667,15,SC,0.187375,0.132803,0.0871591469673739,0.0147691118431046,0.0158255560173288,GPR
0.051429,1.9286,36.6667,15,SC,0.16478,0.084419,0.1081048454087395,0.0188236042560309,0.0198265841754177,GPR
0.062143,1.9286,36.6667,15,SC,0.148997,0.066207,0.1293833589694963,0.023142101375831,0.0239770167693537,GPR
0.072857,1.9286,36.6667,15,SC,0.136456,0.056212,0.151019443555247,0.0277374565718414,0.0282872599342008,GPR
0.083571,1.9286,36.6667,15,SC,0.125316,0.049732,0.1730383892289127,0.0326253053024461,0.0327699652934809,GPR
0.094286,1.9286,36.6667,15,SC,0.115299,0.045139,0.1954697303026674,0.0378247459614652,0.0374406540757777,GPR
0.105,1.9286,36.6667,15,SC,0.106989,0.041699,0.218338456582856,0.0433560907810373,0.0423157014338971,GPR
0.115714,1.9286,36.6667,15,SC,0.100425,0.039029,0.2416771621073271,0.0492434037935011,0.0474146302078575,GPR
0.126429,1.9286,36.6667,15,SC,0.09517,0.036906,0.2655195274429045,0.0555127379871405,0.0527585182943906,GPR
0.137143,1.9286,36.6667,15,SC,0.090838,0.035189,0.2898929889554009,0.0621896940324536,0.0583679749887721,GPR
0.147857,1.9286,36.6667,15,SC,0.087194,0.033784,0.3148316088633973,0.0693023202596536,0.0642656499918911,GPR
0.158571,1.9286,36.6667,15,SC,0.084102,0.032629,0.3403667345946098,0.0768781438068387,0.0704737443187441,GPR
0.169286,1.9286,36.6667,15,SC,0.081485,0.031677,0.3665311724803841,0.0849447992251045,0.077014574771215,GPR
0.18,1.9286,36.6667,15,SC,0.079294,0.030895,0.3933488582912199,0.0935262224977547,0.0839075324330423,GPR
0.03,2.1071,36.6667,15,SC,0.240855,0.472468,0.0665301360208154,0.0109701336217035,0.011967370308351,GPR
0.040714,2.1071,36.6667,15,SC,0.217933,0.3357,0.0871591469673739,0.0147691118431046,0.0158255560173288,GPR
0.051429,2.1071,36.6667,15,SC,0.197593,0.194969,0.1081048454087395,0.0188236042560309,0.0198265841754177,GPR
0.062143,2.1071,36.6667,15,SC,0.178274,0.110919,0.1293833589694963,0.023142101375831,0.0239770167693537,GPR
0.072857,2.1071,36.6667,15,SC,0.162689,0.081754,0.151019443555247,0.0277374565718414,0.0282872599342008,GPR
0.083571,2.1071,36.6667,15,SC,0.151119,0.067639,0.1730383892289127,0.0326253053024461,0.0327699652934809,GPR
0.094286,2.1071,36.6667,15,SC,0.141983,0.059114,0.1954697303026674,0.0378247459614652,0.0374406540757777,GPR
0.105,2.1071,36.6667,15,SC,0.134302,0.053334,0.218338456582856,0.0433560907810373,0.0423157014338971,GPR
0.115714,2.1071,36.6667,15,SC,0.127581,0.04914,0.2416771621073271,0.0492434037935011,0.0474146302078575,GPR
0.126429,2.1071,36.6667,15,SC,0.121593,0.045965,0.2655195274429045,0.0555127379871405,0.0527585182943906,GPR
0.137143,2.1071,36.6667,15,SC,0.116275,0.043494,0.2898929889554009,0.0621896940324536,0.0583679749887721,GPR
0.147857,2.1071,36.6667,15,SC,0.111646,0.041535,0.3148316088633973,0.0693023202596536,0.0642656499918911,GPR
0.158571,2.1071,36.6667,15,SC,0.107721,0.039968,0.3403667345946098,0.0768781438068387,0.0704737443187441,GPR
0.169286,2.1071,36.6667,15,SC,0.104465,0.03871,0.3665311724803841,0.0849447992251045,0.077014574771215,GPR
0.18,2.1071,36.6667,15,SC,0.101815,0.037704,0.3933488582912199,0.0935262224977547,0.0839075324330423,GPR
0.03,2.2857,36.6667,15,SC,0.267142,0.618277,0.0665301360208154,0.0109701336217035,0.011967370308351,GPR
0.040714,2.2857,36.6667,15,SC,0.242404,0.452129,0.0871591469673739,0.0147691118431046,0.0158255560173288,GPR
0.051429,2.2857,36.6667,15,SC,0.223963,0.364602,0.1081048454087395,0.0188236042560309,0.0198265841754177,GPR
0.062143,2.2857,36.6667,15,SC,0.208444,0.290772,0.1293833589694963,0.023142101375831,0.0239770167693537,GPR
0.072857,2.2857,36.6667,15,SC,0.194245,0.195523,0.151019443555247,0.0277374565718414,0.0282872599342008,GPR
0.083571,2.2857,36.6667,15,SC,0.180789,0.125482,0.1730383892289127,0.0326253053024461,0.0327699652934809,GPR
0.094286,2.2857,36.6667,15,SC,0.168841,0.094273,0.1954697303026674,0.0378247459614652,0.0374406540757777,GPR
0.105,2.2857,36.6667,15,SC,0.159189,0.078516,0.218338456582856,0.0433560907810373,0.0423157014338971,GPR
0.115714,2.2857,36.6667,15,SC,0.151565,0.069018,0.2416771621073271,0.0492434037935011,0.0474146302078575,GPR
0.126429,2.2857,36.6667,15,SC,0.145411,0.062651,0.2655195274429045,0.0555127379871405,0.0527585182943906,GPR
0.137143,2.2857,36.6667,15,SC,0.140324,0.058104,0.2898929889554009,0.0621896940324536,0.0583679749887721,GPR
0.147857,2.2857,36.6667,15,SC,0.136053,0.054729,0.3148316088633973,0.0693023202596536,0.0642656499918911,GPR
0.158571,2.2857,36.6667,15,SC,0.132445,0.052169,0.3403667345946098,0.0768781438068387,0.0704737443187441,GPR
0.169286,2.2857,36.6667,15,SC,0.1294,0.050209,0.3665311724803841,0.0849447992251045,0.077014574771215,GPR
0.18,2.2857,36.6667,15,SC,0.126851,0.048715,0.3933488582912199,0.0935262224977547,0.0839075324330423,GPR
0.03,2.4643,36.6667,15,SC,0.29611,0.559826,0.0665301360208154,0.0109701336217035,0.011967370308351,GPR
0.040714,2.4643,36.6667,15,SC,0.268721,0.578936,0.0871591469673739,0.0147691118431046,0.0158255560173288,GPR
0.051429,2.4643,36.6667,15,SC,0.247624,0.432302,0.1081048454087395,0.0188236042560309,0.0198265841754177,GPR
0.062143,2.4643,36.6667,15,SC,0.231864,0.468194,0.1293833589694963,0.023142101375831,0.0239770167693537,GPR
0.072857,2.4643,36.6667,15,SC,0.219084,0.355646,0.151019443555247,0.0277374565718414,0.0282872599342008,GPR
0.083571,2.4643,36.6667,15,SC,0.208125,0.32173,0.1730383892289127,0.0326253053024461,0.0327699652934809,GPR
0.094286,2.4643,36.6667,15,SC,0.198369,0.253382,0.1954697303026674,0.0378247459614652,0.0374406540757777,GPR
0.105,2.4643,36.6667,15,SC,0.18947,0.194213,0.218338456582856,0.0433560907810373,0.0423157014338971,GPR
0.115714,2.4643,36.6667,15,SC,0.181295,0.145933,0.2416771621073271,0.0492434037935011,0.0474146302078575,GPR
0.126429,2.4643,36.6667,15,SC,0.173902,0.116389,0.2655195274429045,0.0555127379871405,0.0527585182943906,GPR
0.137143,2.4643,36.6667,15,SC,0.167434,0.099198,0.2898929889554009,0.0621896940324536,0.0583679749887721,GPR
0.147857,2.4643,36.6667,15,SC,0.161956,0.088532,0.3148316088633973,0.0693023202596536,0.0642656499918911,GPR
0.158571,2.4643,36.6667,15,SC,0.157419,0.081489,0.3403667345946098,0.0768781438068387,0.0704737443187441,GPR
0.169286,2.4643,36.6667,15,SC,0.153713,0.076669,0.3665311724803841,0.0849447992251045,0.077014574771215,GPR
0.18,2.4643,36.6667,15,SC,0.150722,0.073344,0.3933488582912199,0.0935262224977547,0.0839075324330423,GPR
0.03,2.6429,36.6667,15,SC,0.317856,0.514722,0.0665301360208154,0.0109701336217035,0.011967370308351,GPR
0.040714,2.6429,36.6667,15,SC,0.296581,0.660618,0.0871591469673739,0.0147691118431046,0.0158255560173288,GPR
0.051429,2.6429,36.6667,15,SC,0.274945,0.448509,0.1081048454087395,0.0188236042560309,0.0198265841754177,GPR
0.062143,2.6429,36.6667,15,SC,0.25618,0.611967,0.1293833589694963,0.023142101375831,0.0239770167693537,GPR
0.072857,2.6429,36.6667,15,SC,0.241739,0.416437,0.151019443555247,0.0277374565718414,0.0282872599342008,GPR
0.083571,2.6429,36.6667,15,SC,0.230335,0.449201,0.1730383892289127,0.0326253053024461,0.0327699652934809,GPR
0.094286,2.6429,36.6667,15,SC,0.220912,0.414997,0.1954697303026674,0.0378247459614652,0.0374406540757777,GPR
0.105,2.6429,36.6667,15,SC,0.212891,0.344001,0.218338456582856,0.0433560907810373,0.0423157014338971,GPR
0.115714,2.6429,36.6667,15,SC,0.205944,0.336455,0.2416771621073271,0.0492434037935011,0.0474146302078575,GPR
0.126429,2.6429,36.6667,15,SC,0.199874,0.303637,0.2655195274429045,0.0555127379871405,0.0527585182943906,GPR
0.137143,2.6429,36.6667,15,SC,0.194557,0.266404,0.2898929889554009,0.0621896940324536,0.0583679749887721,GPR
0.147857,2.6429,36.6667,15,SC,0.189915,0.242032,0.3148316088633973,0.0693023202596536,0.0642656499918911,GPR
0.158571,2.6429,36.6667,15,SC,0.185897,0.221938,0.3403667345946098,0.0768781438068387,0.0704737443187441,GPR
0.169286,2.6429,36.6667,15,SC,0.182468,0.204564,0.3665311724803841,0.0849447992251045,0.077014574771215,GPR
0.18,2.6429,36.6667,15,SC,0.1796,0.191378,0.3933488582912199,0.0935262224977547,0.0839075324330423,GPR
0.03,2.8214,36.6667,15,SC,0.333667,0.622515,0.0665301360208154,0.0109701336217035,0.011967370308351,GPR
0.040714,2.8214,36.6667,15,SC,0.316669,0.454047,0.0871591469673739,0.0147691118431046,0.0158255560173288,GPR
0.051429,2.8214,36.6667,15,SC,0.300306,0.789904,0.1081048454087395,0.0188236042560309,0.0198265841754177,GPR
0.062143,2.8214,36.6667,15,SC,0.284026,0.497694,0.1293833589694963,0.023142101375831,0.0239770167693537,GPR
0.072857,2.8214,36.6667,15,SC,0.268307,0.443579,0.151019443555247,0.0277374565718414,0.0282872599342008,GPR
0.083571,2.8214,36.6667,15,SC,0.254673,0.603264,0.1730383892289127,0.0326253053024461,0.0327699652934809,GPR
0.094286,2.8214,36.6667,15,SC,0.243652,0.515677,0.1954697303026674,0.0378247459614652,0.0374406540757777,GPR
0.105,2.8214,36.6667,15,SC,0.234744,0.40077,0.218338456582856,0.0433560907810373,0.0423157014338971,GPR
0.115714,2.8214,36.6667,15,SC,0.227386,0.399846,0.2416771621073271,0.0492434037935011,0.0474146302078575,GPR
0.126429,2.8214,36.6667,15,SC,0.221202,0.44029,0.2655195274429045,0.0555127379871405,0.0527585182943906,GPR
0.137143,2.8214,36.6667,15,SC,0.215948,0.438992,0.2898929889554009,0.0621896940324536,0.0583679749887721,GPR
0.147857,2.8214,36.6667,15,SC,0.211469,0.399955,0.3148316088633973,0.0693023202596536,0.0642656499918911,GPR
0.158571,2.8214,36.6667,15,SC,0.207655,0.363499,0.3403667345946098,0.0768781438068387,0.0704737443187441,GPR
0.169286,2.8214,36.6667,15,SC,0.204429,0.340634,0.3665311724803841,0.0849447992251045,0.077014574771215,GPR
0.18,2.8214,36.6667,15,SC,0.201731,0.327884,0.3933488582912199,0.0935262224977547,0.0839075324330423,GPR
0.03,3.0,36.6667,15,SC,0.34658,0.721138,0.0665301360208154,0.0109701336217035,0.011967370308351,GPR
0.040714,3.0,36.6667,15,SC,0.331749,0.718698,0.0871591469673739,0.0147691118431046,0.0158255560173288,GPR
0.051429,3.0,36.6667,15,SC,0.318152,0.42302,0.1081048454087395,0.0188236042560309,0.0198265841754177,GPR
0.062143,3.0,36.6667,15,SC,0.30548,0.545908,0.1293833589694963,0.023142101375831,0.0239770167693537,GPR
0.072857,3.0,36.6667,15,SC,0.293448,0.787432,0.151019443555247,0.0277374565718414,0.0282872599342008,GPR
0.083571,3.0,36.6667,15,SC,0.281888,0.554907,0.1730383892289127,0.0326253053024461,0.0327699652934809,GPR
0.094286,3.0,36.6667,15,SC,0.27091,0.418789,0.1954697303026674,0.0378247459614652,0.0374406540757777,GPR
0.105,3.0,36.6667,15,SC,0.260915,0.431515,0.218338456582856,0.0433560907810373,0.0423157014338971,GPR
0.115714,3.0,36.6667,15,SC,0.252256,0.524748,0.2416771621073271,0.0492434037935011,0.0474146302078575,GPR
0.126429,3.0,36.6667,15,SC,0.244987,0.594298,0.2655195274429045,0.0555127379871405,0.0527585182943906,GPR
0.137143,3.0,36.6667,15,SC,0.238954,0.56793,0.2898929889554009,0.0621896940324536,0.0583679749887721,GPR
0.147857,3.0,36.6667,15,SC,0.233956,0.502769,0.3148316088633973,0.0693023202596536,0.0642656499918911,GPR
0.158571,3.0,36.6667,15,SC,0.229824,0.44989,0.3403667345946098,0.0768781438068387,0.0704737443187441,GPR
0.169286,3.0,36.6667,15,SC,0.226429,0.416818,0.3665311724803841,0.0849447992251045,0.077014574771215,GPR
0.18,3.0,36.6667,15,SC,0.223678,0.398274,0.3933488582912199,0.0935262224977547,0.0839075324330423,GPR
0.03,0.5,40.0,15,SC,0.016418,0.017202,0.0665301360208154,0.0109701336217035,0.011967370308351,GPR
0.040714,0.5,40.0,15,SC,0.013326,0.014038,0.0871591469673739,0.0147691118431046,0.0158255560173288,GPR
0.051429,0.5,40.0,15,SC,0.011298,0.01194,0.1081048454087395,0.0188236042560309,0.0198265841754177,GPR
0.062143,0.5,40.0,15,SC,0.009869,0.010452,0.1293833589694963,0.023142101375831,0.0239770167693537,GPR
0.072857,0.5,40.0,15,SC,0.008811,0.009345,0.151019443555247,0.0277374565718414,0.0282872599342008,GPR
0.083571,0.5,40.0,15,SC,0.007998,0.008493,0.1730383892289127,0.0326253053024461,0.0327699652934809,GPR
0.094286,0.5,40.0,15,SC,0.007357,0.007818,0.1954697303026674,0.0378247459614652,0.0374406540757777,GPR
0.105,0.5,40.0,15,SC,0.00684,0.007274,0.218338456582856,0.0433560907810373,0.0423157014338971,GPR
0.115714,0.5,40.0,15,SC,0.006415,0.006826,0.2416771621073271,0.0492434037935011,0.0474146302078575,GPR
0.126429,0.5,40.0,15,SC,0.006062,0.006453,0.2655195274429045,0.0555127379871405,0.0527585182943906,GPR
0.137143,0.5,40.0,15,SC,0.005765,0.006139,0.2898929889554009,0.0621896940324536,0.0583679749887721,GPR
0.147857,0.5,40.0,15,SC,0.005514,0.005873,0.3148316088633973,0.0693023202596536,0.0642656499918911,GPR
0.158571,0.5,40.0,15,SC,0.005299,0.005645,0.3403667345946098,0.0768781438068387,0.0704737443187441,GPR
0.169286,0.5,40.0,15,SC,0.005114,0.00545,0.3665311724803841,0.0849447992251045,0.077014574771215,GPR
0.18,0.5,40.0,15,SC,0.004955,0.005282,0.3933488582912199,0.0935262224977547,0.0839075324330423,GPR
0.03,0.6786,40.0,15,SC,0.020809,0.020957,0.0665301360208154,0.0109701336217035,0.011967370308351,GPR
0.040714,0.6786,40.0,15,SC,0.01707,0.017415,0.0871591469673739,0.0147691118431046,0.0158255560173288,GPR
0.051429,0.6786,40.0,15,SC,0.014591,0.014995,0.1081048454087395,0.0188236042560309,0.0198265841754177,GPR
0.062143,0.6786,40.0,15,SC,0.012826,0.013244,0.1293833589694963,0.023142101375831,0.0239770167693537,GPR
0.072857,0.6786,40.0,15,SC,0.011509,0.011922,0.151019443555247,0.0277374565718414,0.0282872599342008,GPR
0.083571,0.6786,40.0,15,SC,0.01049,0.010892,0.1730383892289127,0.0326253053024461,0.0327699652934809,GPR
0.094286,0.6786,40.0,15,SC,0.009681,0.010071,0.1954697303026674,0.0378247459614652,0.0374406540757777,GPR
0.105,0.6786,40.0,15,SC,0.009026,0.009402,0.218338456582856,0.0433560907810373,0.0423157014338971,GPR
0.115714,0.6786,40.0,15,SC,0.008486,0.008849,0.2416771621073271,0.0492434037935011,0.0474146302078575,GPR
0.126429,0.6786,40.0,15,SC,0.008036,0.008387,0.2655195274429045,0.0555127379871405,0.0527585182943906,GPR
0.137143,0.6786,40.0,15,SC,0.007657,0.007997,0.2898929889554009,0.0621896940324536,0.0583679749887721,GPR
0.147857,0.6786,40.0,15,SC,0.007335,0.007665,0.3148316088633973,0.0693023202596536,0.0642656499918911,GPR
0.158571,0.6786,40.0,15,SC,0.00706,0.007381,0.3403667345946098,0.0768781438068387,0.0704737443187441,GPR
0.169286,0.6786,40.0,15,SC,0.006823,0.007136,0.3665311724803841,0.0849447992251045,0.077014574771215,GPR
0.18,0.6786,40.0,15,SC,0.00662,0.006926,0.3933488582912199,0.0935262224977547,0.0839075324330423,GPR
0.03,0.8571,40.0,15,SC,0.026011,0.02451,0.0665301360208154,0.0109701336217035,0.011967370308351,GPR
0.040714,0.8571,40.0,15,SC,0.02112,0.020624,0.0871591469673739,0.0147691118431046,0.0158255560173288,GPR
0.051429,0.8571,40.0,15,SC,0.018021,0.017919,0.1081048454087395,0.0188236042560309,0.0198265841754177,GPR
0.062143,0.8571,40.0,15,SC,0.015851,0.015933,0.1293833589694963,0.023142101375831,0.0239770167693537,GPR
0.072857,0.8571,40.0,15,SC,0.014242,0.014418,0.151019443555247,0.0277374565718414,0.0282872599342008,GPR
0.083571,0.8571,40.0,15,SC,0.013,0.013229,0.1730383892289127,0.0326253053024461,0.0327699652934809,GPR
0.094286,0.8571,40.0,15,SC,0.012016,0.012273,0.1954697303026674,0.0378247459614652,0.0374406540757777,GPR
0.105,0.8571,40.0,15,SC,0.011219,0.011491,0.218338456582856,0.0433560907810373,0.0423157014338971,GPR
0.115714,0.8571,40.0,15,SC,0.010563,0.010843,0.2416771621073271,0.0492434037935011,0.0474146302078575,GPR
0.126429,0.8571,40.0,15,SC,0.010015,0.010299,0.2655195274429045,0.0555127379871405,0.0527585182943906,GPR
0.137143,0.8571,40.0,15,SC,0.009554,0.009838,0.2898929889554009,0.0621896940324536,0.0583679749887721,GPR
0.147857,0.8571,40.0,15,SC,0.009162,0.009446,0.3148316088633973,0.0693023202596536,0.0642656499918911,GPR
0.158571,0.8571,40.0,15,SC,0.008828,0.009109,0.3403667345946098,0.0768781438068387,0.0704737443187441,GPR
0.169286,0.8571,40.0,15,SC,0.008541,0.00882,0.3665311724803841,0.0849447992251045,0.077014574771215,GPR
0.18,0.8571,40.0,15,SC,0.008294,0.00857,0.3933488582912199,0.0935262224977547,0.0839075324330423,GPR
0.03,1.0357,40.0,15,SC,0.035729,0.028165,0.0665301360208154,0.0109701336217035,0.011967370308351,GPR
0.040714,1.0357,40.0,15,SC,0.027171,0.023894,0.0871591469673739,0.0147691118431046,0.0158255560173288,GPR
0.051429,1.0357,40.0,15,SC,0.022489,0.020891,0.1081048454087395,0.0188236042560309,0.0198265841754177,GPR
0.062143,1.0357,40.0,15,SC,0.019528,0.018669,0.1293833589694963,0.023142101375831,0.0239770167693537,GPR
0.072857,1.0357,40.0,15,SC,0.017439,0.016963,0.151019443555247,0.0277374565718414,0.0282872599342008,GPR
0.083571,1.0357,40.0,15,SC,0.01587,0.015615,0.1730383892289127,0.0326253053024461,0.0327699652934809,GPR
0.094286,1.0357,40.0,15,SC,0.014646,0.014527,0.1954697303026674,0.0378247459614652,0.0374406540757777,GPR
0.105,1.0357,40.0,15,SC,0.013664,0.013635,0.218338456582856,0.0433560907810373,0.0423157014338971,GPR
0.115714,1.0357,40.0,15,SC,0.012862,0.012893,0.2416771621073271,0.0492434037935011,0.0474146302078575,GPR
0.126429,1.0357,40.0,15,SC,0.012196,0.012268,0.2655195274429045,0.0555127379871405,0.0527585182943906,GPR
0.137143,1.0357,40.0,15,SC,0.011638,0.011739,0.2898929889554009,0.0621896940324536,0.0583679749887721,GPR
0.147857,1.0357,40.0,15,SC,0.011165,0.011287,0.3148316088633973,0.0693023202596536,0.0642656499918911,GPR
0.158571,1.0357,40.0,15,SC,0.010763,0.0109,0.3403667345946098,0.0768781438068387,0.0704737443187441,GPR
0.169286,1.0357,40.0,15,SC,0.01042,0.010567,0.3665311724803841,0.0849447992251045,0.077014574771215,GPR
0.18,1.0357,40.0,15,SC,0.010125,0.010279,0.3933488582912199,0.0935262224977547,0.0839075324330423,GPR
0.03,1.2143,40.0,15,SC,0.053161,0.03213,0.0665301360208154,0.0109701336217035,0.011967370308351,GPR
0.040714,1.2143,40.0,15,SC,0.039616,0.027362,0.0871591469673739,0.0147691118431046,0.0158255560173288,GPR
0.051429,1.2143,40.0,15,SC,0.031072,0.024012,0.1081048454087395,0.0188236042560309,0.0198265841754177,GPR
0.062143,1.2143,40.0,15,SC,0.02564,0.021527,0.1293833589694963,0.023142101375831,0.0239770167693537,GPR
0.072857,1.2143,40.0,15,SC,0.022143,0.019615,0.151019443555247,0.0277374565718414,0.0282872599342008,GPR
0.083571,1.2143,40.0,15,SC,0.019771,0.0181,0.1730383892289127,0.0326253053024461,0.0327699652934809,GPR
0.094286,1.2143,40.0,15,SC,0.018047,0.016876,0.1954697303026674,0.0378247459614652,0.0374406540757777,GPR
0.105,1.2143,40.0,15,SC,0.016726,0.015869,0.218338456582856,0.0433560907810373,0.0423157014338971,GPR
0.115714,1.2143,40.0,15,SC,0.015677,0.01503,0.2416771621073271,0.0492434037935011,0.0474146302078575,GPR
0.126429,1.2143,40.0,15,SC,0.014825,0.014324,0.2655195274429045,0.0555127379871405,0.0527585182943906,GPR
0.137143,1.2143,40.0,15,SC,0.014121,0.013726,0.2898929889554009,0.0621896940324536,0.0583679749887721,GPR
0.147857,1.2143,40.0,15,SC,0.013532,0.013214,0.3148316088633973,0.0693023202596536,0.0642656499918911,GPR
0.158571,1.2143,40.0,15,SC,0.013037,0.012776,0.3403667345946098,0.0768781438068387,0.0704737443187441,GPR
0.169286,1.2143,40.0,15,SC,0.012617,0.0124,0.3665311724803841,0.0849447992251045,0.077014574771215,GPR
0.18,1.2143,40.0,15,SC,0.012261,0.012076,0.3933488582912199,0.0935262224977547,0.0839075324330423,GPR
0.03,1.3929,40.0,15,SC,0.075382,0.036688,0.0665301360208154,0.0109701336217035,0.011967370308351,GPR
0.040714,1.3929,40.0,15,SC,0.058146,0.031206,0.0871591469673739,0.0147691118431046,0.0158255560173288,GPR
0.051429,1.3929,40.0,15,SC,0.046333,0.027403,0.1081048454087395,0.0188236042560309,0.0198265841754177,GPR
0.062143,1.3929,40.0,15,SC,0.037935,0.024599,0.1293833589694963,0.023142101375831,0.0239770167693537,GPR
0.072857,1.3929,40.0,15,SC,0.031881,0.022446,0.151019443555247,0.0277374565718414,0.0282872599342008,GPR
0.083571,1.3929,40.0,15,SC,0.027478,0.020742,0.1730383892289127,0.0326253053024461,0.0327699652934809,GPR
0.094286,1.3929,40.0,15,SC,0.024249,0.019366,0.1954697303026674,0.0378247459614652,0.0374406540757777,GPR
0.105,1.3929,40.0,15,SC,0.021866,0.018234,0.218338456582856,0.0433560907810373,0.0423157014338971,GPR
0.115714,1.3929,40.0,15,SC,0.020086,0.017292,0.2416771621073271,0.0492434037935011,0.0474146302078575,GPR
0.126429,1.3929,40.0,15,SC,0.018728,0.0165,0.2655195274429045,0.0555127379871405,0.0527585182943906,GPR
0.137143,1.3929,40.0,15,SC,0.017666,0.015828,0.2898929889554009,0.0621896940324536,0.0583679749887721,GPR
0.147857,1.3929,40.0,15,SC,0.016817,0.015255,0.3148316088633973,0.0693023202596536,0.0642656499918911,GPR
0.158571,1.3929,40.0,15,SC,0.016126,0.014764,0.3403667345946098,0.0768781438068387,0.0704737443187441,GPR
0.169286,1.3929,40.0,15,SC,0.015558,0.014343,0.3665311724803841,0.0849447992251045,0.077014574771215,GPR
0.18,1.3929,40.0,15,SC,0.015088,0.013982,0.3933488582912199,0.0935262224977547,0.0839075324330423,GPR
0.03,1.5714,40.0,15,SC,0.100522,0.042319,0.0665301360208154,0.0109701336217035,0.011967370308351,GPR
0.040714,1.5714,40.0,15,SC,0.080113,0.035707,0.0871591469673739,0.0147691118431046,0.0158255560173288,GPR
0.051429,1.5714,40.0,15,SC,0.06604,0.031255,0.1081048454087395,0.0188236042560309,0.0198265841754177,GPR
0.062143,1.5714,40.0,15,SC,0.055197,0.028022,0.1293833589694963,0.023142101375831,0.0239770167693537,GPR
0.072857,1.5714,40.0,15,SC,0.0472,0.025562,0.151019443555247,0.0277374565718414,0.0282872599342008,GPR
0.083571,1.5714,40.0,15,SC,0.040937,0.023628,0.1730383892289127,0.0326253053024461,0.0327699652934809,GPR
0.094286,1.5714,40.0,15,SC,0.036102,0.02207,0.1954697303026674,0.0378247459614652,0.0374406540757777,GPR
0.105,1.5714,40.0,15,SC,0.032297,0.020794,0.218338456582856,0.0433560907810373,0.0423157014338971,GPR
0.115714,1.5714,40.0,15,SC,0.029274,0.019734,0.2416771621073271,0.0492434037935011,0.0474146302078575,GPR
0.126429,1.5714,40.0,15,SC,0.026872,0.018844,0.2655195274429045,0.0555127379871405,0.0527585182943906,GPR
0.137143,1.5714,40.0,15,SC,0.024949,0.018091,0.2898929889554009,0.0621896940324536,0.0583679749887721,GPR
0.147857,1.5714,40.0,15,SC,0.023404,0.01745,0.3148316088633973,0.0693023202596536,0.0642656499918911,GPR
0.158571,1.5714,40.0,15,SC,0.022161,0.016903,0.3403667345946098,0.0768781438068387,0.0704737443187441,GPR
0.169286,1.5714,40.0,15,SC,0.021161,0.016436,0.3665311724803841,0.0849447992251045,0.077014574771215,GPR
0.18,1.5714,40.0,15,SC,0.020359,0.016036,0.3933488582912199,0.0935262224977547,0.0839075324330423,GPR
0.03,1.75,40.0,15,SC,0.125957,0.049973,0.0665301360208154,0.0109701336217035,0.011967370308351,GPR
0.040714,1.75,40.0,15,SC,0.10452,0.04136,0.0871591469673739,0.0147691118431046,0.0158255560173288,GPR
0.051429,1.75,40.0,15,SC,0.088332,0.035877,0.1081048454087395,0.0188236042560309,0.0198265841754177,GPR
0.062143,1.75,40.0,15,SC,0.075466,0.032015,0.1293833589694963,0.023142101375831,0.0239770167693537,GPR
0.072857,1.75,40.0,15,SC,0.066088,0.02913,0.151019443555247,0.0277374565718414,0.0282872599342008,GPR
0.083571,1.75,40.0,15,SC,0.058313,0.026888,0.1730383892289127,0.0326253053024461,0.0327699652934809,GPR
0.094286,1.75,40.0,15,SC,0.052054,0.025099,0.1954697303026674,0.0378247459614652,0.0374406540757777,GPR
0.105,1.75,40.0,15,SC,0.047173,0.023641,0.218338456582856,0.0433560907810373,0.0423157014338971,GPR
0.115714,1.75,40.0,15,SC,0.043186,0.022437,0.2416771621073271,0.0492434037935011,0.0474146302078575,GPR
0.126429,1.75,40.0,15,SC,0.039864,0.02143,0.2655195274429045,0.0555127379871405,0.0527585182943906,GPR
0.137143,1.75,40.0,15,SC,0.037136,0.020582,0.2898929889554009,0.0621896940324536,0.0583679749887721,GPR
0.147857,1.75,40.0,15,SC,0.03492,0.019864,0.3148316088633973,0.0693023202596536,0.0642656499918911,GPR
0.158571,1.75,40.0,15,SC,0.033116,0.019253,0.3403667345946098,0.0768781438068387,0.0704737443187441,GPR
0.169286,1.75,40.0,15,SC,0.031644,0.018733,0.3665311724803841,0.0849447992251045,0.077014574771215,GPR
0.18,1.75,40.0,15,SC,0.03045,0.018291,0.3933488582912199,0.0935262224977547,0.0839075324330423,GPR
0.03,1.9286,40.0,15,SC,0.153105,0.062002,0.0665301360208154,0.0109701336217035,0.011967370308351,GPR
0.040714,1.9286,40.0,15,SC,0.129942,0.049183,0.0871591469673739,0.0147691118431046,0.0158255560173288,GPR
0.051429,1.9286,40.0,15,SC,0.111256,0.041849,0.1081048454087395,0.0188236042560309,0.0198265841754177,GPR
0.062143,1.9286,40.0,15,SC,0.098335,0.036961,0.1293833589694963,0.023142101375831,0.0239770167693537,GPR
0.072857,1.9286,40.0,15,SC,0.087362,0.033427,0.151019443555247,0.0277374565718414,0.0282872599342008,GPR
0.083571,1.9286,40.0,15,SC,0.077912,0.030739,0.1730383892289127,0.0326253053024461,0.0327699652934809,GPR
0.094286,1.9286,40.0,15,SC,0.070699,0.028626,0.1954697303026674,0.0378247459614652,0.0374406540757777,GPR
0.105,1.9286,40.0,15,SC,0.06505,0.026925,0.218338456582856,0.0433560907810373,0.0423157014338971,GPR
0.115714,1.9286,40.0,15,SC,0.06029,0.025531,0.2416771621073271,0.0492434037935011,0.0474146302078575,GPR
0.126429,1.9286,40.0,15,SC,0.056177,0.024375,0.2655195274429045,0.0555127379871405,0.0527585182943906,GPR
0.137143,1.9286,40.0,15,SC,0.052702,0.023407,0.2898929889554009,0.0621896940324536,0.0583679749887721,GPR
0.147857,1.9286,40.0,15,SC,0.04985,0.022593,0.3148316088633973,0.0693023202596536,0.0642656499918911,GPR
0.158571,1.9286,40.0,15,SC,0.047538,0.021905,0.3403667345946098,0.0768781438068387,0.0704737443187441,GPR
0.169286,1.9286,40.0,15,SC,0.045665,0.021323,0.3665311724803841,0.0849447992251045,0.077014574771215,GPR
0.18,1.9286,40.0,15,SC,0.04415,0.020832,0.3933488582912199,0.0935262224977547,0.0839075324330423,GPR
0.03,2.1071,40.0,15,SC,0.176582,0.086918,0.0665301360208154,0.0109701336217035,0.011967370308351,GPR
0.040714,2.1071,40.0,15,SC,0.154844,0.061798,0.0871591469673739,0.0147691118431046,0.0158255560173288,GPR
0.051429,2.1071,40.0,15,SC,0.137503,0.050433,0.1081048454087395,0.0188236042560309,0.0198265841754177,GPR
0.062143,2.1071,40.0,15,SC,0.121241,0.043614,0.1293833589694963,0.023142101375831,0.0239770167693537,GPR
0.072857,2.1071,40.0,15,SC,0.1087,0.038966,0.151019443555247,0.0277374565718414,0.0282872599342008,GPR
0.083571,2.1071,40.0,15,SC,0.099539,0.035563,0.1730383892289127,0.0326253053024461,0.0327699652934809,GPR
0.094286,2.1071,40.0,15,SC,0.092011,0.032954,0.1954697303026674,0.0378247459614652,0.0374406540757777,GPR
0.105,2.1071,40.0,15,SC,0.085305,0.030892,0.218338456582856,0.0433560907810373,0.0423157014338971,GPR
0.115714,2.1071,40.0,15,SC,0.079336,0.029228,0.2416771621073271,0.0492434037935011,0.0474146302078575,GPR
0.126429,2.1071,40.0,15,SC,0.074331,0.027864,0.2655195274429045,0.0555127379871405,0.0527585182943906,GPR
0.137143,2.1071,40.0,15,SC,0.070307,0.026734,0.2898929889554009,0.0621896940324536,0.0583679749887721,GPR
0.147857,2.1071,40.0,15,SC,0.067078,0.025791,0.3148316088633973,0.0693023202596536,0.0642656499918911,GPR
0.158571,2.1071,40.0,15,SC,0.064454,0.025002,0.3403667345946098,0.0768781438068387,0.0704737443187441,GPR
0.169286,2.1071,40.0,15,SC,0.062302,0.024342,0.3665311724803841,0.0849447992251045,0.077014574771215,GPR
0.18,2.1071,40.0,15,SC,0.06054,0.023791,0.3933488582912199,0.0935262224977547,0.0839075324330423,GPR
0.03,2.2857,40.0,15,SC,0.204604,0.189423,0.0665301360208154,0.0109701336217035,0.011967370308351,GPR
0.040714,2.2857,40.0,15,SC,0.177875,0.08948,0.0871591469673739,0.0147691118431046,0.0158255560173288,GPR
0.051429,2.2857,40.0,15,SC,0.159571,0.065198,0.1081048454087395,0.0188236042560309,0.0198265841754177,GPR
0.062143,2.2857,40.0,15,SC,0.145905,0.053777,0.1293833589694963,0.023142101375831,0.0239770167693537,GPR
0.072857,2.2857,40.0,15,SC,0.133831,0.046855,0.151019443555247,0.0277374565718414,0.0282872599342008,GPR
0.083571,2.2857,40.0,15,SC,0.122396,0.042122,0.1730383892289127,0.0326253053024461,0.0327699652934809,GPR
0.094286,2.2857,40.0,15,SC,0.112618,0.038655,0.1954697303026674,0.0378247459614652,0.0374406540757777,GPR
0.105,2.2857,40.0,15,SC,0.105108,0.036,0.218338456582856,0.0433560907810373,0.0423157014338971,GPR
0.115714,2.2857,40.0,15,SC,0.099263,0.033907,0.2416771621073271,0.0492434037935011,0.0474146302078575,GPR
0.126429,2.2857,40.0,15,SC,0.094494,0.032224,0.2655195274429045,0.0555127379871405,0.0527585182943906,GPR
0.137143,2.2857,40.0,15,SC,0.090467,0.030852,0.2898929889554009,0.0621896940324536,0.0583679749887721,GPR
0.147857,2.2857,40.0,15,SC,0.087009,0.029723,0.3148316088633973,0.0693023202596536,0.0642656499918911,GPR
0.158571,2.2857,40.0,15,SC,0.084032,0.028791,0.3403667345946098,0.0768781438068387,0.0704737443187441,GPR
0.169286,2.2857,40.0,15,SC,0.081495,0.028022,0.3665311724803841,0.0849447992251045,0.077014574771215,GPR
0.18,2.2857,40.0,15,SC,0.079376,0.027391,0.3933488582912199,0.0935262224977547,0.0839075324330423,GPR
0.03,2.4643,40.0,15,SC,0.226607,0.394044,0.0665301360208154,0.0109701336217035,0.011967370308351,GPR
0.040714,2.4643,40.0,15,SC,0.205157,0.213117,0.0871591469673739,0.0147691118431046,0.0158255560173288,GPR
0.051429,2.4643,40.0,15,SC,0.183616,0.103246,0.1081048454087395,0.0188236042560309,0.0198265841754177,GPR
0.062143,2.4643,40.0,15,SC,0.166773,0.073459,0.1293833589694963,0.023142101375831,0.0239770167693537,GPR
0.072857,2.4643,40.0,15,SC,0.154685,0.060128,0.151019443555247,0.0277374565718414,0.0282872599342008,GPR
0.083571,2.4643,40.0,15,SC,0.145049,0.052281,0.1730383892289127,0.0326253053024461,0.0327699652934809,GPR
0.094286,2.4643,40.0,15,SC,0.136711,0.047018,0.1954697303026674,0.0378247459614652,0.0374406540757777,GPR
0.105,2.4643,40.0,15,SC,0.129115,0.043217,0.218338456582856,0.0433560907810373,0.0423157014338971,GPR
0.115714,2.4643,40.0,15,SC,0.122095,0.040343,0.2416771621073271,0.0492434037935011,0.0474146302078575,GPR
0.126429,2.4643,40.0,15,SC,0.115816,0.038103,0.2655195274429045,0.0555127379871405,0.0527585182943906,GPR
0.137143,2.4643,40.0,15,SC,0.110501,0.036322,0.2898929889554009,0.0621896940324536,0.0583679749887721,GPR
0.147857,2.4643,40.0,15,SC,0.106165,0.03489,0.3148316088633973,0.0693023202596536,0.0642656499918911,GPR
0.158571,2.4643,40.0,15,SC,0.102667,0.033731,0.3403667345946098,0.0768781438068387,0.0704737443187441,GPR
0.169286,2.4643,40.0,15,SC,0.099847,0.032793,0.3665311724803841,0.0849447992251045,0.077014574771215,GPR
0.18,2.4643,40.0,15,SC,0.097578,0.03204,0.3933488582912199,0.0935262224977547,0.0839075324330423,GPR
0.03,2.6429,40.0,15,SC,0.244119,0.52784,0.0665301360208154,0.0109701336217035,0.011967370308351,GPR
0.040714,2.6429,40.0,15,SC,0.225567,0.391949,0.0871591469673739,0.0147691118431046,0.0158255560173288,GPR
0.051429,2.6429,40.0,15,SC,0.209049,0.271094,0.1081048454087395,0.0188236042560309,0.0198265841754177,GPR
0.062143,2.6429,40.0,15,SC,0.192717,0.144146,0.1293833589694963,0.023142101375831,0.0239770167693537,GPR
0.072857,2.6429,40.0,15,SC,0.177312,0.09234,0.151019443555247,0.0277374565718414,0.0282872599342008,GPR
0.083571,2.6429,40.0,15,SC,0.165232,0.072485,0.1730383892289127,0.0326253053024461,0.0327699652934809,GPR
0.094286,2.6429,40.0,15,SC,0.156098,0.061866,0.1954697303026674,0.0378247459614652,0.0374406540757777,GPR
0.105,2.6429,40.0,15,SC,0.148814,0.055136,0.218338456582856,0.0433560907810373,0.0423157014338971,GPR
0.115714,2.6429,40.0,15,SC,0.142738,0.050461,0.2416771621073271,0.0492434037935011,0.0474146302078575,GPR
0.126429,2.6429,40.0,15,SC,0.137531,0.047029,0.2655195274429045,0.0555127379871405,0.0527585182943906,GPR
0.137143,2.6429,40.0,15,SC,0.133008,0.044422,0.2898929889554009,0.0621896940324536,0.0583679749887721,GPR
0.147857,2.6429,40.0,15,SC,0.129066,0.042401,0.3148316088633973,0.0693023202596536,0.0642656499918911,GPR
0.158571,2.6429,40.0,15,SC,0.125651,0.040818,0.3403667345946098,0.0768781438068387,0.0704737443187441,GPR
0.169286,2.6429,40.0,15,SC,0.122733,0.039577,0.3665311724803841,0.0849447992251045,0.077014574771215,GPR
0.18,2.6429,40.0,15,SC,0.120296,0.038613,0.3933488582912199,0.0935262224977547,0.0839075324330423,GPR
0.03,2.8214,40.0,15,SC,0.261517,0.644761,0.0665301360208154,0.0109701336217035,0.011967370308351,GPR
0.040714,2.8214,40.0,15,SC,0.242421,0.496222,0.0871591469673739,0.0147691118431046,0.0158255560173288,GPR
0.051429,2.8214,40.0,15,SC,0.227393,0.375947,0.1081048454087395,0.0188236042560309,0.0198265841754177,GPR
0.062143,2.8214,40.0,15,SC,0.214398,0.337037,0.1293833589694963,0.023142101375831,0.0239770167693537,GPR
0.072857,2.8214,40.0,15,SC,0.202389,0.243369,0.151019443555247,0.0277374565718414,0.0282872599342008,GPR
0.083571,2.8214,40.0,15,SC,0.190759,0.150464,0.1730383892289127,0.0326253053024461,0.0327699652934809,GPR
0.094286,2.8214,40.0,15,SC,0.179716,0.103509,0.1954697303026674,0.0378247459614652,0.0374406540757777,GPR
0.105,2.8214,40.0,15,SC,0.170184,0.082656,0.218338456582856,0.0433560907810373,0.0423157014338971,GPR
0.115714,2.8214,40.0,15,SC,0.162527,0.071219,0.2416771621073271,0.0492434037935011,0.0474146302078575,GPR
0.126429,2.8214,40.0,15,SC,0.156422,0.063986,0.2655195274429045,0.0555127379871405,0.0527585182943906,GPR
0.137143,2.8214,40.0,15,SC,0.151468,0.059022,0.2898929889554009,0.0621896940324536,0.0583679749887721,GPR
0.147857,2.8214,40.0,15,SC,0.147383,0.055453,0.3148316088633973,0.0693023202596536,0.0642656499918911,GPR
0.158571,2.8214,40.0,15,SC,0.143984,0.052821,0.3403667345946098,0.0768781438068387,0.0704737443187441,GPR
0.169286,2.8214,40.0,15,SC,0.141155,0.050867,0.3665311724803841,0.0849447992251045,0.077014574771215,GPR
0.18,2.8214,40.0,15,SC,0.138817,0.049432,0.3933488582912199,0.0935262224977547,0.0839075324330423,GPR
0.03,3.0,40.0,15,SC,0.281165,0.423802,0.0665301360208154,0.0109701336217035,0.011967370308351,GPR
0.040714,3.0,40.0,15,SC,0.259623,0.68609,0.0871591469673739,0.0147691118431046,0.0158255560173288,GPR
0.051429,3.0,40.0,15,SC,0.243682,0.415718,0.1081048454087395,0.0188236042560309,0.0198265841754177,GPR
0.062143,3.0,40.0,15,SC,0.231099,0.497663,0.1293833589694963,0.023142101375831,0.0239770167693537,GPR
0.072857,3.0,40.0,15,SC,0.220467,0.366469,0.151019443555247,0.0277374565718414,0.0282872599342008,GPR
0.083571,3.0,40.0,15,SC,0.211111,0.34586,0.1730383892289127,0.0326253053024461,0.0327699652934809,GPR
0.094286,3.0,40.0,15,SC,0.202644,0.272432,0.1954697303026674,0.0378247459614652,0.0374406540757777,GPR
0.105,3.0,40.0,15,SC,0.194832,0.213237,0.218338456582856,0.0433560907810373,0.0423157014338971,GPR
0.115714,3.0,40.0,15,SC,0.187581,0.157658,0.2416771621073271,0.0492434037935011,0.0474146302078575,GPR
0.126429,3.0,40.0,15,SC,0.18094,0.121961,0.2655195274429045,0.0555127379871405,0.0527585182943906,GPR
0.137143,3.0,40.0,15,SC,0.175042,0.101809,0.2898929889554009,0.0621896940324536,0.0583679749887721,GPR
0.147857,3.0,40.0,15,SC,0.169987,0.089905,0.3148316088633973,0.0693023202596536,0.0642656499918911,GPR
0.158571,3.0,40.0,15,SC,0.165783,0.082375,0.3403667345946098,0.0768781438068387,0.0704737443187441,GPR
0.169286,3.0,40.0,15,SC,0.162368,0.077431,0.3665311724803841,0.0849447992251045,0.077014574771215,GPR
0.18,3.0,40.0,15,SC,0.159655,0.07419,0.3933488582912199,0.0935262224977547,0.0839075324330423,GPR
0.03,0.5,10.0,20,SC,0.678993,0.665893,0.0665301360208154,0.0109701336217035,0.011967370308351,GPR
0.040714,0.5,10.0,20,SC,0.651483,0.633168,0.0871591469673739,0.0147691118431046,0.0158255560173288,GPR
0.051429,0.5,10.0,20,SC,0.626674,0.640945,0.1081048454087395,0.0188236042560309,0.0198265841754177,GPR
0.062143,0.5,10.0,20,SC,0.603923,0.637126,0.1293833589694963,0.023142101375831,0.0239770167693537,GPR
0.072857,0.5,10.0,20,SC,0.583544,0.614486,0.151019443555247,0.0277374565718414,0.0282872599342008,GPR
0.083571,0.5,10.0,20,SC,0.565154,0.587351,0.1730383892289127,0.0326253053024461,0.0327699652934809,GPR
0.094286,0.5,10.0,20,SC,0.54864,0.56497,0.1954697303026674,0.0378247459614652,0.0374406540757777,GPR
0.105,0.5,10.0,20,SC,0.533827,0.548836,0.218338456582856,0.0433560907810373,0.0423157014338971,GPR
0.115714,0.5,10.0,20,SC,0.520495,0.53726,0.2416771621073271,0.0492434037935011,0.0474146302078575,GPR
0.126429,0.5,10.0,20,SC,0.508474,0.528242,0.2655195274429045,0.0555127379871405,0.0527585182943906,GPR
0.137143,0.5,10.0,20,SC,0.497623,0.520415,0.2898929889554009,0.0621896940324536,0.0583679749887721,GPR
0.147857,0.5,10.0,20,SC,0.487818,0.513089,0.3148316088633973,0.0693023202596536,0.0642656499918911,GPR
0.158571,0.5,10.0,20,SC,0.478953,0.506022,0.3403667345946098,0.0768781438068387,0.0704737443187441,GPR
0.169286,0.5,10.0,20,SC,0.470937,0.499194,0.3665311724803841,0.0849447992251045,0.077014574771215,GPR
0.18,0.5,10.0,20,SC,0.46369,0.492661,0.3933488582912199,0.0935262224977547,0.0839075324330423,GPR
0.03,0.6786,10.0,20,SC,0.733657,0.612968,0.0665301360208154,0.0109701336217035,0.011967370308351,GPR
0.040714,0.6786,10.0,20,SC,0.724993,0.716939,0.0871591469673739,0.0147691118431046,0.0158255560173288,GPR
0.051429,0.6786,10.0,20,SC,0.711165,0.814146,0.1081048454087395,0.0188236042560309,0.0198265841754177,GPR
0.062143,0.6786,10.0,20,SC,0.696513,0.844671,0.1293833589694963,0.023142101375831,0.0239770167693537,GPR
0.072857,0.6786,10.0,20,SC,0.684262,0.811094,0.151019443555247,0.0277374565718414,0.0282872599342008,GPR
0.083571,0.6786,10.0,20,SC,0.673964,0.752344,0.1730383892289127,0.0326253053024461,0.0327699652934809,GPR
0.094286,0.6786,10.0,20,SC,0.664116,0.695846,0.1954697303026674,0.0378247459614652,0.0374406540757777,GPR
0.105,0.6786,10.0,20,SC,0.654209,0.65098,0.218338456582856,0.0433560907810373,0.0423157014338971,GPR
0.115714,0.6786,10.0,20,SC,0.644498,0.618192,0.2416771621073271,0.0492434037935011,0.0474146302078575,GPR
0.126429,0.6786,10.0,20,SC,0.635298,0.595167,0.2655195274429045,0.0555127379871405,0.0527585182943906,GPR
0.137143,0.6786,10.0,20,SC,0.62675,0.579258,0.2898929889554009,0.0621896940324536,0.0583679749887721,GPR
0.147857,0.6786,10.0,20,SC,0.618866,0.568214,0.3148316088633973,0.0693023202596536,0.0642656499918911,GPR
0.158571,0.6786,10.0,20,SC,0.61159,0.560311,0.3403667345946098,0.0768781438068387,0.0704737443187441,GPR
0.169286,0.6786,10.0,20,SC,0.604858,0.554308,0.3665311724803841,0.0849447992251045,0.077014574771215,GPR
0.18,0.6786,10.0,20,SC,0.598609,0.54936,0.3933488582912199,0.0935262224977547,0.0839075324330423,GPR
0.03,0.8571,10.0,20,SC,0.722117,0.70835,0.0665301360208154,0.0109701336217035,0.011967370308351,GPR
0.040714,0.8571,10.0,20,SC,0.73124,0.611688,0.0871591469673739,0.0147691118431046,0.0158255560173288,GPR
0.051429,0.8571,10.0,20,SC,0.728991,0.555727,0.1081048454087395,0.0188236042560309,0.0198265841754177,GPR
0.062143,0.8571,10.0,20,SC,0.721728,0.52826,0.1293833589694963,0.023142101375831,0.0239770167693537,GPR
0.072857,0.8571,10.0,20,SC,0.713491,0.5201,0.151019443555247,0.0277374565718414,0.0282872599342008,GPR
0.083571,0.8571,10.0,20,SC,0.706093,0.524965,0.1730383892289127,0.0326253053024461,0.0327699652934809,GPR
0.094286,0.8571,10.0,20,SC,0.700026,0.538293,0.1954697303026674,0.0378247459614652,0.0374406540757777,GPR
0.105,0.8571,10.0,20,SC,0.695022,0.556495,0.218338456582856,0.0433560907810373,0.0423157014338971,GPR
0.115714,0.8571,10.0,20,SC,0.690539,0.576655,0.2416771621073271,0.0492434037935011,0.0474146302078575,GPR
0.126429,0.8571,10.0,20,SC,0.686139,0.596444,0.2655195274429045,0.0555127379871405,0.0527585182943906,GPR
0.137143,0.8571,10.0,20,SC,0.681633,0.614123,0.2898929889554009,0.0621896940324536,0.0583679749887721,GPR
0.147857,0.8571,10.0,20,SC,0.677015,0.628526,0.3148316088633973,0.0693023202596536,0.0642656499918911,GPR
0.158571,0.8571,10.0,20,SC,0.672359,0.638992,0.3403667345946098,0.0768781438068387,0.0704737443187441,GPR
0.169286,0.8571,10.0,20,SC,0.667749,0.645255,0.3665311724803841,0.0849447992251045,0.077014574771215,GPR
0.18,0.8571,10.0,20,SC,0.663248,0.647321,0.3933488582912199,0.0935262224977547,0.0839075324330423,GPR
0.03,1.0357,10.0,20,SC,0.651021,0.917198,0.0665301360208154,0.0109701336217035,0.011967370308351,GPR
0.040714,1.0357,10.0,20,SC,0.661646,0.959603,0.0871591469673739,0.0147691118431046,0.0158255560173288,GPR
0.051429,1.0357,10.0,20,SC,0.669269,0.934584,0.1081048454087395,0.0188236042560309,0.0198265841754177,GPR
0.062143,1.0357,10.0,20,SC,0.675741,0.877422,0.1293833589694963,0.023142101375831,0.0239770167693537,GPR
0.072857,1.0357,10.0,20,SC,0.681794,0.814192,0.151019443555247,0.0277374565718414,0.0282872599342008,GPR
0.083571,1.0357,10.0,20,SC,0.687303,0.756998,0.1730383892289127,0.0326253053024461,0.0327699652934809,GPR
0.094286,1.0357,10.0,20,SC,0.691738,0.709467,0.1954697303026674,0.0378247459614652,0.0374406540757777,GPR
0.105,1.0357,10.0,20,SC,0.694707,0.671558,0.218338456582856,0.0433560907810373,0.0423157014338971,GPR
0.115714,1.0357,10.0,20,SC,0.696183,0.64203,0.2416771621073271,0.0492434037935011,0.0474146302078575,GPR
0.126429,1.0357,10.0,20,SC,0.696399,0.619456,0.2655195274429045,0.0555127379871405,0.0527585182943906,GPR
0.137143,1.0357,10.0,20,SC,0.695673,0.602579,0.2898929889554009,0.0621896940324536,0.0583679749887721,GPR
0.147857,1.0357,10.0,20,SC,0.694293,0.590406,0.3148316088633973,0.0693023202596536,0.0642656499918911,GPR
0.158571,1.0357,10.0,20,SC,0.692481,0.582205,0.3403667345946098,0.0768781438068387,0.0704737443187441,GPR
0.169286,1.0357,10.0,20,SC,0.69039,0.577472,0.3665311724803841,0.0849447992251045,0.077014574771215,GPR
0.18,1.0357,10.0,20,SC,0.688111,0.5759,0.3933488582912199,0.0935262224977547,0.0839075324330423,GPR
0.03,1.2143,10.0,20,SC,0.569211,0.495835,0.0665301360208154,0.0109701336217035,0.011967370308351,GPR
0.040714,1.2143,10.0,20,SC,0.591792,0.574591,0.0871591469673739,0.0147691118431046,0.0158255560173288,GPR
0.051429,1.2143,10.0,20,SC,0.607879,0.653915,0.1081048454087395,0.0188236042560309,0.0198265841754177,GPR
0.062143,1.2143,10.0,20,SC,0.619303,0.728458,0.1293833589694963,0.023142101375831,0.0239770167693537,GPR
0.072857,1.2143,10.0,20,SC,0.627494,0.793789,0.151019443555247,0.0277374565718414,0.0282872599342008,GPR
0.083571,1.2143,10.0,20,SC,0.633436,0.847375,0.1730383892289127,0.0326253053024461,0.0327699652934809,GPR
0.094286,1.2143,10.0,20,SC,0.637789,0.888778,0.1954697303026674,0.0378247459614652,0.0374406540757777,GPR
0.105,1.2143,10.0,20,SC,0.640997,0.919179,0.218338456582856,0.0433560907810373,0.0423157014338971,GPR
0.115714,1.2143,10.0,20,SC,0.643364,0.94061,0.2416771621073271,0.0492434037935011,0.0474146302078575,GPR
0.126429,1.2143,10.0,20,SC,0.645102,0.955273,0.2655195274429045,0.0555127379871405,0.0527585182943906,GPR
0.137143,1.2143,10.0,20,SC,0.646359,0.965087,0.2898929889554009,0.0621896940324536,0.0583679749887721,GPR
0.147857,1.2143,10.0,20,SC,0.647249,0.971475,0.3148316088633973,0.0693023202596536,0.0642656499918911,GPR
0.158571,1.2143,10.0,20,SC,0.647855,0.975301,0.3403667345946098,0.0768781438068387,0.0704737443187441,GPR
0.169286,1.2143,10.0,20,SC,0.648245,0.976882,0.3665311724803841,0.0849447992251045,0.077014574771215,GPR
0.18,1.2143,10.0,20,SC,0.648471,0.976049,0.3933488582912199,0.0935262224977547,0.0839075324330423,GPR
0.03,1.3929,10.0,20,SC,0.470703,0.309399,0.0665301360208154,0.0109701336217035,0.011967370308351,GPR
0.040714,1.3929,10.0,20,SC,0.489859,0.332868,0.0871591469673739,0.0147691118431046,0.0158255560173288,GPR
0.051429,1.3929,10.0,20,SC,0.507146,0.356607,0.1081048454087395,0.0188236042560309,0.0198265841754177,GPR
0.062143,1.3929,10.0,20,SC,0.522534,0.379911,0.1293833589694963,0.023142101375831,0.0239770167693537,GPR
0.072857,1.3929,10.0,20,SC,0.53593,0.402038,0.151019443555247,0.0277374565718414,0.0282872599342008,GPR
0.083571,1.3929,10.0,20,SC,0.547315,0.422281,0.1730383892289127,0.0326253053024461,0.0327699652934809,GPR
0.094286,1.3929,10.0,20,SC,0.556781,0.440014,0.1954697303026674,0.0378247459614652,0.0374406540757777,GPR
0.105,1.3929,10.0,20,SC,0.564491,0.454737,0.218338456582856,0.0433560907810373,0.0423157014338971,GPR
0.115714,1.3929,10.0,20,SC,0.570637,0.466087,0.2416771621073271,0.0492434037935011,0.0474146302078575,GPR
0.126429,1.3929,10.0,20,SC,0.575401,0.473849,0.2655195274429045,0.0555127379871405,0.0527585182943906,GPR
0.137143,1.3929,10.0,20,SC,0.578937,0.477948,0.2898929889554009,0.0621896940324536,0.0583679749887721,GPR
0.147857,1.3929,10.0,20,SC,0.581362,0.478441,0.3148316088633973,0.0693023202596536,0.0642656499918911,GPR
0.158571,1.3929,10.0,20,SC,0.582763,0.475509,0.3403667345946098,0.0768781438068387,0.0704737443187441,GPR
0.169286,1.3929,10.0,20,SC,0.583198,0.469433,0.3665311724803841,0.0849447992251045,0.077014574771215,GPR
0.18,1.3929,10.0,20,SC,0.582715,0.46059,0.3933488582912199,0.0935262224977547,0.0839075324330423,GPR
0.03,1.5714,10.0,20,SC,0.407863,0.247522,0.0665301360208154,0.0109701336217035,0.011967370308351,GPR
0.040714,1.5714,10.0,20,SC,0.42211,0.255799,0.0871591469673739,0.0147691118431046,0.0158255560173288,GPR
0.051429,1.5714,10.0,20,SC,0.434489,0.263576,0.1081048454087395,0.0188236042560309,0.0198265841754177,GPR
0.062143,1.5714,10.0,20,SC,0.445286,0.270731,0.1293833589694963,0.023142101375831,0.0239770167693537,GPR
0.072857,1.5714,10.0,20,SC,0.454712,0.277135,0.151019443555247,0.0277374565718414,0.0282872599342008,GPR
0.083571,1.5714,10.0,20,SC,0.462927,0.282672,0.1730383892289127,0.0326253053024461,0.0327699652934809,GPR
0.094286,1.5714,10.0,20,SC,0.470057,0.287252,0.1954697303026674,0.0378247459614652,0.0374406540757777,GPR
0.105,1.5714,10.0,20,SC,0.476213,0.290822,0.218338456582856,0.0433560907810373,0.0423157014338971,GPR
0.115714,1.5714,10.0,20,SC,0.481491,0.29337,0.2416771621073271,0.0492434037935011,0.0474146302078575,GPR
0.126429,1.5714,10.0,20,SC,0.485988,0.294924,0.2655195274429045,0.0555127379871405,0.0527585182943906,GPR
0.137143,1.5714,10.0,20,SC,0.489797,0.295553,0.2898929889554009,0.0621896940324536,0.0583679749887721,GPR
0.147857,1.5714,10.0,20,SC,0.493012,0.295359,0.3148316088633973,0.0693023202596536,0.0642656499918911,GPR
0.158571,1.5714,10.0,20,SC,0.495726,0.294478,0.3403667345946098,0.0768781438068387,0.0704737443187441,GPR
0.169286,1.5714,10.0,20,SC,0.498028,0.293065,0.3665311724803841,0.0849447992251045,0.077014574771215,GPR
0.18,1.5714,10.0,20,SC,0.500001,0.291296,0.3933488582912199,0.0935262224977547,0.0839075324330423,GPR
0.03,0.5,13.3333,20,SC,0.534109,0.589266,0.0665301360208154,0.0109701336217035,0.011967370308351,GPR
0.040714,0.5,13.3333,20,SC,0.483274,0.547082,0.0871591469673739,0.0147691118431046,0.0158255560173288,GPR
0.051429,0.5,13.3333,20,SC,0.439259,0.516621,0.1081048454087395,0.0188236042560309,0.0198265841754177,GPR
0.062143,0.5,13.3333,20,SC,0.402511,0.48895,0.1293833589694963,0.023142101375831,0.0239770167693537,GPR
0.072857,0.5,13.3333,20,SC,0.372144,0.464609,0.151019443555247,0.0277374565718414,0.0282872599342008,GPR
0.083571,0.5,13.3333,20,SC,0.346936,0.443827,0.1730383892289127,0.0326253053024461,0.0327699652934809,GPR
0.094286,0.5,13.3333,20,SC,0.32585,0.425256,0.1954697303026674,0.0378247459614652,0.0374406540757777,GPR
0.105,0.5,13.3333,20,SC,0.308076,0.408717,0.218338456582856,0.0433560907810373,0.0423157014338971,GPR
0.115714,0.5,13.3333,20,SC,0.292993,0.394077,0.2416771621073271,0.0492434037935011,0.0474146302078575,GPR
0.126429,0.5,13.3333,20,SC,0.280122,0.381067,0.2655195274429045,0.0555127379871405,0.0527585182943906,GPR
0.137143,0.5,13.3333,20,SC,0.26909,0.369463,0.2898929889554009,0.0621896940324536,0.0583679749887721,GPR
0.147857,0.5,13.3333,20,SC,0.259602,0.359112,0.3148316088633973,0.0693023202596536,0.0642656499918911,GPR
0.158571,0.5,13.3333,20,SC,0.251427,0.349893,0.3403667345946098,0.0768781438068387,0.0704737443187441,GPR
0.169286,0.5,13.3333,20,SC,0.24438,0.341701,0.3665311724803841,0.0849447992251045,0.077014574771215,GPR
0.18,0.5,13.3333,20,SC,0.238311,0.33444,0.3933488582912199,0.0935262224977547,0.0839075324330423,GPR
0.03,0.6786,13.3333,20,SC,0.665139,0.635486,0.0665301360208154,0.0109701336217035,0.011967370308351,GPR
0.040714,0.6786,13.3333,20,SC,0.632434,0.689516,0.0871591469673739,0.0147691118431046,0.0158255560173288,GPR
0.051429,0.6786,13.3333,20,SC,0.604078,0.66724,0.1081048454087395,0.0188236042560309,0.0198265841754177,GPR
0.062143,0.6786,13.3333,20,SC,0.578984,0.606477,0.1293833589694963,0.023142101375831,0.0239770167693537,GPR
0.072857,0.6786,13.3333,20,SC,0.556286,0.579167,0.151019443555247,0.0277374565718414,0.0282872599342008,GPR
0.083571,0.6786,13.3333,20,SC,0.535553,0.576718,0.1730383892289127,0.0326253053024461,0.0327699652934809,GPR
0.094286,0.6786,13.3333,20,SC,0.516566,0.575086,0.1954697303026674,0.0378247459614652,0.0374406540757777,GPR
0.105,0.6786,13.3333,20,SC,0.499204,0.564119,0.218338456582856,0.0433560907810373,0.0423157014338971,GPR
0.115714,0.6786,13.3333,20,SC,0.483394,0.547009,0.2416771621073271,0.0492434037935011,0.0474146302078575,GPR
0.126429,0.6786,13.3333,20,SC,0.469078,0.529527,0.2655195274429045,0.0555127379871405,0.0527585182943906,GPR
0.137143,0.6786,13.3333,20,SC,0.456196,0.514671,0.2898929889554009,0.0621896940324536,0.0583679749887721,GPR
0.147857,0.6786,13.3333,20,SC,0.444679,0.502916,0.3148316088633973,0.0693023202596536,0.0642656499918911,GPR
0.158571,0.6786,13.3333,20,SC,0.434449,0.493647,0.3403667345946098,0.0768781438068387,0.0704737443187441,GPR
0.169286,0.6786,13.3333,20,SC,0.425418,0.486075,0.3665311724803841,0.0849447992251045,0.077014574771215,GPR
0.18,0.6786,13.3333,20,SC,0.417496,0.479582,0.3933488582912199,0.0935262224977547,0.0839075324330423,GPR
0.03,0.8571,13.3333,20,SC,0.725218,0.787375,0.0665301360208154,0.0109701336217035,0.011967370308351,GPR
0.040714,0.8571,13.3333,20,SC,0.710242,0.871896,0.0871591469673739,0.0147691118431046,0.0158255560173288,GPR
0.051429,0.8571,13.3333,20,SC,0.693078,0.755008,0.1081048454087395,0.0188236042560309,0.0198265841754177,GPR
0.062143,0.8571,13.3333,20,SC,0.674216,0.642381,0.1293833589694963,0.023142101375831,0.0239770167693537,GPR
0.072857,0.8571,13.3333,20,SC,0.657345,0.59254,0.151019443555247,0.0277374565718414,0.0282872599342008,GPR
0.083571,0.8571,13.3333,20,SC,0.641103,0.589821,0.1730383892289127,0.0326253053024461,0.0327699652934809,GPR
0.094286,0.8571,13.3333,20,SC,0.626121,0.613075,0.1954697303026674,0.0378247459614652,0.0374406540757777,GPR
0.105,0.8571,13.3333,20,SC,0.612898,0.643509,0.218338456582856,0.0433560907810373,0.0423157014338971,GPR
0.115714,0.8571,13.3333,20,SC,0.600999,0.667042,0.2416771621073271,0.0492434037935011,0.0474146302078575,GPR
0.126429,0.8571,13.3333,20,SC,0.590102,0.677338,0.2655195274429045,0.0555127379871405,0.0527585182943906,GPR
0.137143,0.8571,13.3333,20,SC,0.580155,0.675314,0.2898929889554009,0.0621896940324536,0.0583679749887721,GPR
0.147857,0.8571,13.3333,20,SC,0.571126,0.665377,0.3148316088633973,0.0693023202596536,0.0642656499918911,GPR
0.158571,0.8571,13.3333,20,SC,0.56294,0.65198,0.3403667345946098,0.0768781438068387,0.0704737443187441,GPR
0.169286,0.8571,13.3333,20,SC,0.555513,0.638209,0.3665311724803841,0.0849447992251045,0.077014574771215,GPR
0.18,0.8571,13.3333,20,SC,0.54877,0.625756,0.3933488582912199,0.0935262224977547,0.0839075324330423,GPR
0.03,1.0357,13.3333,20,SC,0.720561,0.58897,0.0665301360208154,0.0109701336217035,0.011967370308351,GPR
0.040714,1.0357,13.3333,20,SC,0.71715,0.535387,0.0871591469673739,0.0147691118431046,0.0158255560173288,GPR
0.051429,1.0357,13.3333,20,SC,0.716956,0.555738,0.1081048454087395,0.0188236042560309,0.0198265841754177,GPR
0.062143,1.0357,13.3333,20,SC,0.713444,0.626742,0.1293833589694963,0.023142101375831,0.0239770167693537,GPR
0.072857,1.0357,13.3333,20,SC,0.70513,0.724793,0.151019443555247,0.0277374565718414,0.0282872599342008,GPR
0.083571,1.0357,13.3333,20,SC,0.696017,0.815681,0.1730383892289127,0.0326253053024461,0.0327699652934809,GPR
0.094286,1.0357,13.3333,20,SC,0.688009,0.867594,0.1954697303026674,0.0378247459614652,0.0374406540757777,GPR
0.105,1.0357,13.3333,20,SC,0.680865,0.872667,0.218338456582856,0.0433560907810373,0.0423157014338971,GPR
0.115714,1.0357,13.3333,20,SC,0.673695,0.845627,0.2416771621073271,0.0492434037935011,0.0474146302078575,GPR
0.126429,1.0357,13.3333,20,SC,0.666223,0.805561,0.2655195274429045,0.0555127379871405,0.0527585182943906,GPR
0.137143,1.0357,13.3333,20,SC,0.658694,0.765074,0.2898929889554009,0.0621896940324536,0.0583679749887721,GPR
0.147857,1.0357,13.3333,20,SC,0.651408,0.729889,0.3148316088633973,0.0693023202596536,0.0642656499918911,GPR
0.158571,1.0357,13.3333,20,SC,0.644551,0.701678,0.3403667345946098,0.0768781438068387,0.0704737443187441,GPR
0.169286,1.0357,13.3333,20,SC,0.638202,0.680322,0.3665311724803841,0.0849447992251045,0.077014574771215,GPR
0.18,1.0357,13.3333,20,SC,0.632377,0.665127,0.3933488582912199,0.0935262224977547,0.0839075324330423,GPR
0.03,1.2143,13.3333,20,SC,0.674542,0.988661,0.0665301360208154,0.0109701336217035,0.011967370308351,GPR
0.040714,1.2143,13.3333,20,SC,0.685954,0.890607,0.0871591469673739,0.0147691118431046,0.0158255560173288,GPR
0.051429,1.2143,13.3333,20,SC,0.697108,0.747451,0.1081048454087395,0.0188236042560309,0.0198265841754177,GPR
0.062143,1.2143,13.3333,20,SC,0.700732,0.638659,0.1293833589694963,0.023142101375831,0.0239770167693537,GPR
0.072857,1.2143,13.3333,20,SC,0.699015,0.568919,0.151019443555247,0.0277374565718414,0.0282872599342008,GPR
0.083571,1.2143,13.3333,20,SC,0.695408,0.52764,0.1730383892289127,0.0326253053024461,0.0327699652934809,GPR
0.094286,1.2143,13.3333,20,SC,0.691677,0.505427,0.1954697303026674,0.0378247459614652,0.0374406540757777,GPR
0.105,1.2143,13.3333,20,SC,0.688468,0.495682,0.218338456582856,0.0433560907810373,0.0423157014338971,GPR
0.115714,1.2143,13.3333,20,SC,0.68576,0.493806,0.2416771621073271,0.0492434037935011,0.0474146302078575,GPR
0.126429,1.2143,13.3333,20,SC,0.683215,0.496475,0.2655195274429045,0.0555127379871405,0.0527585182943906,GPR
0.137143,1.2143,13.3333,20,SC,0.680506,0.501218,0.2898929889554009,0.0621896940324536,0.0583679749887721,GPR
0.147857,1.2143,13.3333,20,SC,0.677482,0.506202,0.3148316088633973,0.0693023202596536,0.0642656499918911,GPR
0.158571,1.2143,13.3333,20,SC,0.674152,0.510127,0.3403667345946098,0.0768781438068387,0.0704737443187441,GPR
0.169286,1.2143,13.3333,20,SC,0.670594,0.512153,0.3665311724803841,0.0849447992251045,0.077014574771215,GPR
0.18,1.2143,13.3333,20,SC,0.666891,0.511849,0.3933488582912199,0.0935262224977547,0.0839075324330423,GPR
0.03,1.3929,13.3333,20,SC,0.634105,0.572812,0.0665301360208154,0.0109701336217035,0.011967370308351,GPR
0.040714,1.3929,13.3333,20,SC,0.646427,0.717485,0.0871591469673739,0.0147691118431046,0.0158255560173288,GPR
0.051429,1.3929,13.3333,20,SC,0.651992,0.858843,0.1081048454087395,0.0188236042560309,0.0198265841754177,GPR
0.062143,1.3929,13.3333,20,SC,0.654839,0.956764,0.1293833589694963,0.023142101375831,0.0239770167693537,GPR
0.072857,1.3929,13.3333,20,SC,0.656975,0.991575,0.151019443555247,0.0277374565718414,0.0282872599342008,GPR
0.083571,1.3929,13.3333,20,SC,0.659302,0.974967,0.1730383892289127,0.0326253053024461,0.0327699652934809,GPR
0.094286,1.3929,13.3333,20,SC,0.661963,0.931702,0.1954697303026674,0.0378247459614652,0.0374406540757777,GPR
0.105,1.3929,13.3333,20,SC,0.664568,0.881546,0.218338456582856,0.0433560907810373,0.0423157014338971,GPR
0.115714,1.3929,13.3333,20,SC,0.666574,0.83509,0.2416771621073271,0.0492434037935011,0.0474146302078575,GPR
0.126429,1.3929,13.3333,20,SC,0.66765,0.796502,0.2655195274429045,0.0555127379871405,0.0527585182943906,GPR
0.137143,1.3929,13.3333,20,SC,0.667762,0.766718,0.2898929889554009,0.0621896940324536,0.0583679749887721,GPR
0.147857,1.3929,13.3333,20,SC,0.667045,0.745385,0.3148316088633973,0.0693023202596536,0.0642656499918911,GPR
0.158571,1.3929,13.3333,20,SC,0.665673,0.731802,0.3403667345946098,0.0768781438068387,0.0704737443187441,GPR
0.169286,1.3929,13.3333,20,SC,0.663792,0.725322,0.3665311724803841,0.0849447992251045,0.077014574771215,GPR
0.18,1.3929,13.3333,20,SC,0.6615,0.725485,0.3933488582912199,0.0935262224977547,0.0839075324330423,GPR
0.03,1.5714,13.3333,20,SC,0.564125,0.357456,0.0665301360208154,0.0109701336217035,0.011967370308351,GPR
0.040714,1.5714,13.3333,20,SC,0.581065,0.389515,0.0871591469673739,0.0147691118431046,0.0158255560173288,GPR
0.051429,1.5714,13.3333,20,SC,0.597734,0.430806,0.1081048454087395,0.0188236042560309,0.0198265841754177,GPR
0.062143,1.5714,13.3333,20,SC,0.611881,0.479198,0.1293833589694963,0.023142101375831,0.0239770167693537,GPR
0.072857,1.5714,13.3333,20,SC,0.622036,0.531892,0.151019443555247,0.0277374565718414,0.0282872599342008,GPR
0.083571,1.5714,13.3333,20,SC,0.628637,0.585594,0.1730383892289127,0.0326253053024461,0.0327699652934809,GPR
0.094286,1.5714,13.3333,20,SC,0.632737,0.636956,0.1954697303026674,0.0378247459614652,0.0374406540757777,GPR
0.105,1.5714,13.3333,20,SC,0.635205,0.683086,0.218338456582856,0.0433560907810373,0.0423157014338971,GPR
0.115714,1.5714,13.3333,20,SC,0.63662,0.721924,0.2416771621073271,0.0492434037935011,0.0474146302078575,GPR
0.126429,1.5714,13.3333,20,SC,0.637351,0.752332,0.2655195274429045,0.0555127379871405,0.0527585182943906,GPR
0.137143,1.5714,13.3333,20,SC,0.637626,0.773943,0.2898929889554009,0.0621896940324536,0.0583679749887721,GPR
0.147857,1.5714,13.3333,20,SC,0.637595,0.786867,0.3148316088633973,0.0693023202596536,0.0642656499918911,GPR
0.158571,1.5714,13.3333,20,SC,0.637354,0.791427,0.3403667345946098,0.0768781438068387,0.0704737443187441,GPR
0.169286,1.5714,13.3333,20,SC,0.636969,0.787972,0.3665311724803841,0.0849447992251045,0.077014574771215,GPR
0.18,1.5714,13.3333,20,SC,0.636479,0.776832,0.3933488582912199,0.0935262224977547,0.0839075324330423,GPR
0.03,1.75,13.3333,20,SC,0.520262,0.325317,0.0665301360208154,0.0109701336217035,0.011967370308351,GPR
0.040714,1.75,13.3333,20,SC,0.533176,0.324692,0.0871591469673739,0.0147691118431046,0.0158255560173288,GPR
0.051429,1.75,13.3333,20,SC,0.543415,0.327936,0.1081048454087395,0.0188236042560309,0.0198265841754177,GPR
0.062143,1.75,13.3333,20,SC,0.551914,0.333926,0.1293833589694963,0.023142101375831,0.0239770167693537,GPR
0.072857,1.75,13.3333,20,SC,0.559234,0.341637,0.151019443555247,0.0277374565718414,0.0282872599342008,GPR
0.083571,1.75,13.3333,20,SC,0.565668,0.350146,0.1730383892289127,0.0326253053024461,0.0327699652934809,GPR
0.094286,1.75,13.3333,20,SC,0.57133,0.358628,0.1954697303026674,0.0378247459614652,0.0374406540757777,GPR
0.105,1.75,13.3333,20,SC,0.576227,0.366384,0.218338456582856,0.0433560907810373,0.0423157014338971,GPR
0.115714,1.75,13.3333,20,SC,0.58033,0.372849,0.2416771621073271,0.0492434037935011,0.0474146302078575,GPR
0.126429,1.75,13.3333,20,SC,0.583621,0.37762,0.2655195274429045,0.0555127379871405,0.0527585182943906,GPR
0.137143,1.75,13.3333,20,SC,0.586115,0.380454,0.2898929889554009,0.0621896940324536,0.0583679749887721,GPR
0.147857,1.75,13.3333,20,SC,0.587863,0.381277,0.3148316088633973,0.0693023202596536,0.0642656499918911,GPR
0.158571,1.75,13.3333,20,SC,0.588951,0.380166,0.3403667345946098,0.0768781438068387,0.0704737443187441,GPR
0.169286,1.75,13.3333,20,SC,0.589492,0.377335,0.3665311724803841,0.0849447992251045,0.077014574771215,GPR
0.18,1.75,13.3333,20,SC,0.589628,0.373109,0.3933488582912199,0.0935262224977547,0.0839075324330423,GPR
0.03,1.9286,13.3333,20,SC,0.473219,0.356252,0.0665301360208154,0.0109701336217035,0.011967370308351,GPR
0.040714,1.9286,13.3333,20,SC,0.489988,0.346051,0.0871591469673739,0.0147691118431046,0.0158255560173288,GPR
0.051429,1.9286,13.3333,20,SC,0.503157,0.338691,0.1081048454087395,0.0188236042560309,0.0198265841754177,GPR
0.062143,1.9286,13.3333,20,SC,0.513686,0.333665,0.1293833589694963,0.023142101375831,0.0239770167693537,GPR
0.072857,1.9286,13.3333,20,SC,0.52226,0.330459,0.151019443555247,0.0277374565718414,0.0282872599342008,GPR
0.083571,1.9286,13.3333,20,SC,0.529364,0.328621,0.1730383892289127,0.0326253053024461,0.0327699652934809,GPR
0.094286,1.9286,13.3333,20,SC,0.535343,0.327783,0.1954697303026674,0.0378247459614652,0.0374406540757777,GPR
0.105,1.9286,13.3333,20,SC,0.540449,0.327668,0.218338456582856,0.0433560907810373,0.0423157014338971,GPR
0.115714,1.9286,13.3333,20,SC,0.544866,0.328087,0.2416771621073271,0.0492434037935011,0.0474146302078575,GPR
0.126429,1.9286,13.3333,20,SC,0.548736,0.328932,0.2655195274429045,0.0555127379871405,0.0527585182943906,GPR
0.137143,1.9286,13.3333,20,SC,0.552169,0.330177,0.2898929889554009,0.0621896940324536,0.0583679749887721,GPR
0.147857,1.9286,13.3333,20,SC,0.555251,0.331865,0.3148316088633973,0.0693023202596536,0.0642656499918911,GPR
0.158571,1.9286,13.3333,20,SC,0.55805,0.334106,0.3403667345946098,0.0768781438068387,0.0704737443187441,GPR
0.169286,1.9286,13.3333,20,SC,0.560612,0.337069,0.3665311724803841,0.0849447992251045,0.077014574771215,GPR
0.18,1.9286,13.3333,20,SC,0.562965,0.340983,0.3933488582912199,0.0935262224977547,0.0839075324330423,GPR
0.03,2.1071,13.3333,20,SC,0.414822,0.412766,0.0665301360208154,0.0109701336217035,0.011967370308351,GPR
0.040714,2.1071,13.3333,20,SC,0.433015,0.40395,0.0871591469673739,0.0147691118431046,0.0158255560173288,GPR
0.051429,2.1071,13.3333,20,SC,0.448714,0.396377,0.1081048454087395,0.0188236042560309,0.0198265841754177,GPR
0.062143,2.1071,13.3333,20,SC,0.462034,0.390437,0.1293833589694963,0.023142101375831,0.0239770167693537,GPR
0.072857,2.1071,13.3333,20,SC,0.47325,0.386228,0.151019443555247,0.0277374565718414,0.0282872599342008,GPR
0.083571,2.1071,13.3333,20,SC,0.482678,0.383726,0.1730383892289127,0.0326253053024461,0.0327699652934809,GPR
0.094286,2.1071,13.3333,20,SC,0.490608,0.382876,0.1954697303026674,0.0378247459614652,0.0374406540757777,GPR
0.105,2.1071,13.3333,20,SC,0.497279,0.383638,0.218338456582856,0.0433560907810373,0.0423157014338971,GPR
0.115714,2.1071,13.3333,20,SC,0.502869,0.386012,0.2416771621073271,0.0492434037935011,0.0474146302078575,GPR
0.126429,2.1071,13.3333,20,SC,0.507506,0.39005,0.2655195274429045,0.0555127379871405,0.0527585182943906,GPR
0.137143,2.1071,13.3333,20,SC,0.511266,0.395857,0.2898929889554009,0.0621896940324536,0.0583679749887721,GPR
0.147857,2.1071,13.3333,20,SC,0.514184,0.403603,0.3148316088633973,0.0693023202596536,0.0642656499918911,GPR
0.158571,2.1071,13.3333,20,SC,0.516252,0.413522,0.3403667345946098,0.0768781438068387,0.0704737443187441,GPR
0.169286,2.1071,13.3333,20,SC,0.517435,0.425914,0.3665311724803841,0.0849447992251045,0.077014574771215,GPR
0.18,2.1071,13.3333,20,SC,0.517682,0.441155,0.3933488582912199,0.0935262224977547,0.0839075324330423,GPR
0.03,0.5,16.6667,20,SC,0.319614,0.454425,0.0665301360208154,0.0109701336217035,0.011967370308351,GPR
0.040714,0.5,16.6667,20,SC,0.271645,0.399602,0.0871591469673739,0.0147691118431046,0.0158255560173288,GPR
0.051429,0.5,16.6667,20,SC,0.236762,0.352325,0.1081048454087395,0.0188236042560309,0.0198265841754177,GPR
0.062143,0.5,16.6667,20,SC,0.210415,0.311115,0.1293833589694963,0.023142101375831,0.0239770167693537,GPR
0.072857,0.5,16.6667,20,SC,0.189926,0.275197,0.151019443555247,0.0277374565718414,0.0282872599342008,GPR
0.083571,0.5,16.6667,20,SC,0.173627,0.244203,0.1730383892289127,0.0326253053024461,0.0327699652934809,GPR
0.094286,0.5,16.6667,20,SC,0.160428,0.217906,0.1954697303026674,0.0378247459614652,0.0374406540757777,GPR
0.105,0.5,16.6667,20,SC,0.149586,0.196013,0.218338456582856,0.0433560907810373,0.0423157014338971,GPR
0.115714,0.5,16.6667,20,SC,0.140579,0.178066,0.2416771621073271,0.0492434037935011,0.0474146302078575,GPR
0.126429,0.5,16.6667,20,SC,0.13303,0.16349,0.2655195274429045,0.0555127379871405,0.0527585182943906,GPR
0.137143,0.5,16.6667,20,SC,0.126658,0.151687,0.2898929889554009,0.0621896940324536,0.0583679749887721,GPR
0.147857,0.5,16.6667,20,SC,0.121252,0.142122,0.3148316088633973,0.0693023202596536,0.0642656499918911,GPR
0.158571,0.5,16.6667,20,SC,0.11665,0.134349,0.3403667345946098,0.0768781438068387,0.0704737443187441,GPR
0.169286,0.5,16.6667,20,SC,0.112727,0.128017,0.3665311724803841,0.0849447992251045,0.077014574771215,GPR
0.18,0.5,16.6667,20,SC,0.109382,0.122853,0.3933488582912199,0.0935262224977547,0.0839075324330423,GPR
0.03,0.6786,16.6667,20,SC,0.494296,0.606568,0.0665301360208154,0.0109701336217035,0.011967370308351,GPR
0.040714,0.6786,16.6667,20,SC,0.438128,0.555393,0.0871591469673739,0.0147691118431046,0.0158255560173288,GPR
0.051429,0.6786,16.6667,20,SC,0.394225,0.527416,0.1081048454087395,0.0188236042560309,0.0198265841754177,GPR
0.062143,0.6786,16.6667,20,SC,0.359054,0.494609,0.1293833589694963,0.023142101375831,0.0239770167693537,GPR
0.072857,0.6786,16.6667,20,SC,0.330554,0.470717,0.151019443555247,0.0277374565718414,0.0282872599342008,GPR
0.083571,0.6786,16.6667,20,SC,0.307254,0.446586,0.1730383892289127,0.0326253053024461,0.0327699652934809,GPR
0.094286,0.6786,16.6667,20,SC,0.287988,0.425945,0.1954697303026674,0.0378247459614652,0.0374406540757777,GPR
0.105,0.6786,16.6667,20,SC,0.271871,0.407848,0.218338456582856,0.0433560907810373,0.0423157014338971,GPR
0.115714,0.6786,16.6667,20,SC,0.258259,0.391258,0.2416771621073271,0.0492434037935011,0.0474146302078575,GPR
0.126429,0.6786,16.6667,20,SC,0.246681,0.376441,0.2655195274429045,0.0555127379871405,0.0527585182943906,GPR
0.137143,0.6786,16.6667,20,SC,0.236788,0.363362,0.2898929889554009,0.0621896940324536,0.0583679749887721,GPR
0.147857,0.6786,16.6667,20,SC,0.228311,0.35177,0.3148316088633973,0.0693023202596536,0.0642656499918911,GPR
0.158571,0.6786,16.6667,20,SC,0.221039,0.341492,0.3403667345946098,0.0768781438068387,0.0704737443187441,GPR
0.169286,0.6786,16.6667,20,SC,0.214806,0.332431,0.3665311724803841,0.0849447992251045,0.077014574771215,GPR
0.18,0.6786,16.6667,20,SC,0.209474,0.324505,0.3933488582912199,0.0935262224977547,0.0839075324330423,GPR
0.03,0.8571,16.6667,20,SC,0.629769,0.710074,0.0665301360208154,0.0109701336217035,0.011967370308351,GPR
0.040714,0.8571,16.6667,20,SC,0.589801,0.669786,0.0871591469673739,0.0147691118431046,0.0158255560173288,GPR
0.051429,0.8571,16.6667,20,SC,0.549866,0.592994,0.1081048454087395,0.0188236042560309,0.0198265841754177,GPR
0.062143,0.8571,16.6667,20,SC,0.512853,0.610531,0.1293833589694963,0.023142101375831,0.0239770167693537,GPR
0.072857,0.8571,16.6667,20,SC,0.480969,0.604424,0.151019443555247,0.0277374565718414,0.0282872599342008,GPR
0.083571,0.8571,16.6667,20,SC,0.454082,0.562573,0.1730383892289127,0.0326253053024461,0.0327699652934809,GPR
0.094286,0.8571,16.6667,20,SC,0.431323,0.53479,0.1954697303026674,0.0378247459614652,0.0374406540757777,GPR
0.105,0.8571,16.6667,20,SC,0.411894,0.526439,0.218338456582856,0.0433560907810373,0.0423157014338971,GPR
0.115714,0.8571,16.6667,20,SC,0.395187,0.522878,0.2416771621073271,0.0492434037935011,0.0474146302078575,GPR
0.126429,0.8571,16.6667,20,SC,0.380748,0.514855,0.2655195274429045,0.0555127379871405,0.0527585182943906,GPR
0.137143,0.8571,16.6667,20,SC,0.36824,0.502361,0.2898929889554009,0.0621896940324536,0.0583679749887721,GPR
0.147857,0.8571,16.6667,20,SC,0.357398,0.488756,0.3148316088633973,0.0693023202596536,0.0642656499918911,GPR
0.158571,0.8571,16.6667,20,SC,0.348015,0.476408,0.3403667345946098,0.0768781438068387,0.0704737443187441,GPR
0.169286,0.8571,16.6667,20,SC,0.339918,0.466062,0.3665311724803841,0.0849447992251045,0.077014574771215,GPR
0.18,0.8571,16.6667,20,SC,0.332965,0.457565,0.3933488582912199,0.0935262224977547,0.0839075324330423,GPR
0.03,1.0357,16.6667,20,SC,0.68828,0.869457,0.0665301360208154,0.0109701336217035,0.011967370308351,GPR
0.040714,1.0357,16.6667,20,SC,0.666948,0.660839,0.0871591469673739,0.0147691118431046,0.0158255560173288,GPR
0.051429,1.0357,16.6667,20,SC,0.64573,0.59192,0.1081048454087395,0.0188236042560309,0.0198265841754177,GPR
0.062143,1.0357,16.6667,20,SC,0.624856,0.651909,0.1293833589694963,0.023142101375831,0.0239770167693537,GPR
0.072857,1.0357,16.6667,20,SC,0.604577,0.724727,0.151019443555247,0.0277374565718414,0.0282872599342008,GPR
0.083571,1.0357,16.6667,20,SC,0.584943,0.71103,0.1730383892289127,0.0326253053024461,0.0327699652934809,GPR
0.094286,1.0357,16.6667,20,SC,0.56614,0.645306,0.1954697303026674,0.0378247459614652,0.0374406540757777,GPR
0.105,1.0357,16.6667,20,SC,0.54839,0.589076,0.218338456582856,0.0433560907810373,0.0423157014338971,GPR
0.115714,1.0357,16.6667,20,SC,0.531912,0.558235,0.2416771621073271,0.0492434037935011,0.0474146302078575,GPR
0.126429,1.0357,16.6667,20,SC,0.516888,0.547524,0.2655195274429045,0.0555127379871405,0.0527585182943906,GPR
0.137143,1.0357,16.6667,20,SC,0.503419,0.548369,0.2898929889554009,0.0621896940324536,0.0583679749887721,GPR
0.147857,1.0357,16.6667,20,SC,0.491506,0.553733,0.3148316088633973,0.0693023202596536,0.0642656499918911,GPR
0.158571,1.0357,16.6667,20,SC,0.481076,0.559102,0.3403667345946098,0.0768781438068387,0.0704737443187441,GPR
0.169286,1.0357,16.6667,20,SC,0.47202,0.562318,0.3665311724803841,0.0849447992251045,0.077014574771215,GPR
0.18,1.0357,16.6667,20,SC,0.46422,0.562868,0.3933488582912199,0.0935262224977547,0.0839075324330423,GPR
0.03,1.2143,16.6667,20,SC,0.715865,0.541997,0.0665301360208154,0.0109701336217035,0.011967370308351,GPR
0.040714,1.2143,16.6667,20,SC,0.699935,0.638635,0.0871591469673739,0.0147691118431046,0.0158255560173288,GPR
0.051429,1.2143,16.6667,20,SC,0.687637,0.825829,0.1081048454087395,0.0188236042560309,0.0198265841754177,GPR
0.062143,1.2143,16.6667,20,SC,0.673507,0.891459,0.1293833589694963,0.023142101375831,0.0239770167693537,GPR
0.072857,1.2143,16.6667,20,SC,0.661112,0.786511,0.151019443555247,0.0277374565718414,0.0282872599342008,GPR
0.083571,1.2143,16.6667,20,SC,0.649298,0.666146,0.1730383892289127,0.0326253053024461,0.0327699652934809,GPR
0.094286,1.2143,16.6667,20,SC,0.637538,0.590956,0.1954697303026674,0.0378247459614652,0.0374406540757777,GPR
0.105,1.2143,16.6667,20,SC,0.626801,0.556092,0.218338456582856,0.0433560907810373,0.0423157014338971,GPR
0.115714,1.2143,16.6667,20,SC,0.616688,0.548055,0.2416771621073271,0.0492434037935011,0.0474146302078575,GPR
0.126429,1.2143,16.6667,20,SC,0.607053,0.555924,0.2655195274429045,0.0555127379871405,0.0527585182943906,GPR
0.137143,1.2143,16.6667,20,SC,0.598082,0.571523,0.2898929889554009,0.0621896940324536,0.0583679749887721,GPR
0.147857,1.2143,16.6667,20,SC,0.58983,0.588884,0.3148316088633973,0.0693023202596536,0.0642656499918911,GPR
0.158571,1.2143,16.6667,20,SC,0.582261,0.604075,0.3403667345946098,0.0768781438068387,0.0704737443187441,GPR
0.169286,1.2143,16.6667,20,SC,0.575341,0.614998,0.3665311724803841,0.0849447992251045,0.077014574771215,GPR
0.18,1.2143,16.6667,20,SC,0.569053,0.620935,0.3933488582912199,0.0935262224977547,0.0839075324330423,GPR
0.03,1.3929,16.6667,20,SC,0.71317,0.875109,0.0665301360208154,0.0109701336217035,0.011967370308351,GPR
0.040714,1.3929,16.6667,20,SC,0.708987,0.655336,0.0871591469673739,0.0147691118431046,0.0158255560173288,GPR
0.051429,1.3929,16.6667,20,SC,0.703953,0.54338,0.1081048454087395,0.0188236042560309,0.0198265841754177,GPR
0.062143,1.3929,16.6667,20,SC,0.699094,0.513019,0.1293833589694963,0.023142101375831,0.0239770167693537,GPR
0.072857,1.3929,16.6667,20,SC,0.689357,0.53548,0.151019443555247,0.0277374565718414,0.0282872599342008,GPR
0.083571,1.3929,16.6667,20,SC,0.679326,0.59445,0.1730383892289127,0.0326253053024461,0.0327699652934809,GPR
0.094286,1.3929,16.6667,20,SC,0.671398,0.674867,0.1954697303026674,0.0378247459614652,0.0374406540757777,GPR
0.105,1.3929,16.6667,20,SC,0.664472,0.757747,0.218338456582856,0.0433560907810373,0.0423157014338971,GPR
0.115714,1.3929,16.6667,20,SC,0.657259,0.824078,0.2416771621073271,0.0492434037935011,0.0474146302078575,GPR
0.126429,1.3929,16.6667,20,SC,0.649913,0.863402,0.2655195274429045,0.0555127379871405,0.0527585182943906,GPR
0.137143,1.3929,16.6667,20,SC,0.642892,0.877072,0.2898929889554009,0.0621896940324536,0.0583679749887721,GPR
0.147857,1.3929,16.6667,20,SC,0.636406,0.873468,0.3148316088633973,0.0693023202596536,0.0642656499918911,GPR
0.158571,1.3929,16.6667,20,SC,0.630469,0.86163,0.3403667345946098,0.0768781438068387,0.0704737443187441,GPR
0.169286,1.3929,16.6667,20,SC,0.62502,0.848091,0.3665311724803841,0.0849447992251045,0.077014574771215,GPR
0.18,1.3929,16.6667,20,SC,0.619995,0.836565,0.3933488582912199,0.0935262224977547,0.0839075324330423,GPR
0.03,1.5714,16.6667,20,SC,0.677685,0.721669,0.0665301360208154,0.0109701336217035,0.011967370308351,GPR
0.040714,1.5714,16.6667,20,SC,0.68396,0.940552,0.0871591469673739,0.0147691118431046,0.0158255560173288,GPR
0.051429,1.5714,16.6667,20,SC,0.693196,0.990873,0.1081048454087395,0.0188236042560309,0.0198265841754177,GPR
0.062143,1.5714,16.6667,20,SC,0.697794,0.880458,0.1293833589694963,0.023142101375831,0.0239770167693537,GPR
0.072857,1.5714,16.6667,20,SC,0.695427,0.745068,0.151019443555247,0.0277374565718414,0.0282872599342008,GPR
0.083571,1.5714,16.6667,20,SC,0.690554,0.64229,0.1730383892289127,0.0326253053024461,0.0327699652934809,GPR
0.094286,1.5714,16.6667,20,SC,0.685777,0.574221,0.1954697303026674,0.0378247459614652,0.0374406540757777,GPR
0.105,1.5714,16.6667,20,SC,0.681912,0.531438,0.218338456582856,0.0433560907810373,0.0423157014338971,GPR
0.115714,1.5714,16.6667,20,SC,0.678562,0.505495,0.2416771621073271,0.0492434037935011,0.0474146302078575,GPR
0.126429,1.5714,16.6667,20,SC,0.675014,0.490377,0.2655195274429045,0.0555127379871405,0.0527585182943906,GPR
0.137143,1.5714,16.6667,20,SC,0.671035,0.481943,0.2898929889554009,0.0621896940324536,0.0583679749887721,GPR
0.147857,1.5714,16.6667,20,SC,0.666799,0.477346,0.3148316088633973,0.0693023202596536,0.0642656499918911,GPR
0.158571,1.5714,16.6667,20,SC,0.662554,0.474657,0.3403667345946098,0.0768781438068387,0.0704737443187441,GPR
0.169286,1.5714,16.6667,20,SC,0.658478,0.472648,0.3665311724803841,0.0849447992251045,0.077014574771215,GPR
0.18,1.5714,16.6667,20,SC,0.654667,0.470656,0.3933488582912199,0.0935262224977547,0.0839075324330423,GPR
0.03,1.75,16.6667,20,SC,0.631114,0.406983,0.0665301360208154,0.0109701336217035,0.011967370308351,GPR
0.040714,1.75,16.6667,20,SC,0.652358,0.469102,0.0871591469673739,0.0147691118431046,0.0158255560173288,GPR
0.051429,1.75,16.6667,20,SC,0.662162,0.565984,0.1081048454087395,0.0188236042560309,0.0198265841754177,GPR
0.062143,1.75,16.6667,20,SC,0.66586,0.688912,0.1293833589694963,0.023142101375831,0.0239770167693537,GPR
0.072857,1.75,16.6667,20,SC,0.66759,0.816903,0.151019443555247,0.0277374565718414,0.0282872599342008,GPR
0.083571,1.75,16.6667,20,SC,0.669285,0.92128,0.1730383892289127,0.0326253053024461,0.0327699652934809,GPR
0.094286,1.75,16.6667,20,SC,0.671536,0.982211,0.1954697303026674,0.0378247459614652,0.0374406540757777,GPR
0.105,1.75,16.6667,20,SC,0.673826,0.999924,0.218338456582856,0.0433560907810373,0.0423157014338971,GPR
0.115714,1.75,16.6667,20,SC,0.675256,0.988647,0.2416771621073271,0.0492434037935011,0.0474146302078575,GPR
0.126429,1.75,16.6667,20,SC,0.67545,0.964313,0.2655195274429045,0.0555127379871405,0.0527585182943906,GPR
0.137143,1.75,16.6667,20,SC,0.67459,0.938163,0.2898929889554009,0.0621896940324536,0.0583679749887721,GPR
0.147857,1.75,16.6667,20,SC,0.673026,0.91637,0.3148316088633973,0.0693023202596536,0.0642656499918911,GPR
0.158571,1.75,16.6667,20,SC,0.671047,0.901731,0.3403667345946098,0.0768781438068387,0.0704737443187441,GPR
0.169286,1.75,16.6667,20,SC,0.668843,0.895196,0.3665311724803841,0.0849447992251045,0.077014574771215,GPR
0.18,1.75,16.6667,20,SC,0.666512,0.896767,0.3933488582912199,0.0935262224977547,0.0839075324330423,GPR
0.03,1.9286,16.6667,20,SC,0.583351,0.390022,0.0665301360208154,0.0109701336217035,0.011967370308351,GPR
0.040714,1.9286,16.6667,20,SC,0.596007,0.374854,0.0871591469673739,0.0147691118431046,0.0158255560173288,GPR
0.051429,1.9286,16.6667,20,SC,0.608154,0.376499,0.1081048454087395,0.0188236042560309,0.0198265841754177,GPR
0.062143,1.9286,16.6667,20,SC,0.621155,0.390391,0.1293833589694963,0.023142101375831,0.0239770167693537,GPR
0.072857,1.9286,16.6667,20,SC,0.633238,0.413189,0.151019443555247,0.0277374565718414,0.0282872599342008,GPR
0.083571,1.9286,16.6667,20,SC,0.641937,0.441972,0.1730383892289127,0.0326253053024461,0.0327699652934809,GPR
0.094286,1.9286,16.6667,20,SC,0.647163,0.473882,0.1954697303026674,0.0378247459614652,0.0374406540757777,GPR
0.105,1.9286,16.6667,20,SC,0.649995,0.506083,0.218338456582856,0.0433560907810373,0.0423157014338971,GPR
0.115714,1.9286,16.6667,20,SC,0.65136,0.535927,0.2416771621073271,0.0492434037935011,0.0474146302078575,GPR
0.126429,1.9286,16.6667,20,SC,0.651839,0.561176,0.2655195274429045,0.0555127379871405,0.0527585182943906,GPR
0.137143,1.9286,16.6667,20,SC,0.651769,0.580172,0.2898929889554009,0.0621896940324536,0.0583679749887721,GPR
0.147857,1.9286,16.6667,20,SC,0.65135,0.591894,0.3148316088633973,0.0693023202596536,0.0642656499918911,GPR
0.158571,1.9286,16.6667,20,SC,0.650699,0.595925,0.3403667345946098,0.0768781438068387,0.0704737443187441,GPR
0.169286,1.9286,16.6667,20,SC,0.64989,0.592366,0.3665311724803841,0.0849447992251045,0.077014574771215,GPR
0.18,1.9286,16.6667,20,SC,0.648963,0.581766,0.3933488582912199,0.0935262224977547,0.0839075324330423,GPR
0.03,2.1071,16.6667,20,SC,0.541277,0.499261,0.0665301360208154,0.0109701336217035,0.011967370308351,GPR
0.040714,2.1071,16.6667,20,SC,0.558914,0.448997,0.0871591469673739,0.0147691118431046,0.0158255560173288,GPR
0.051429,2.1071,16.6667,20,SC,0.570789,0.414735,0.1081048454087395,0.0188236042560309,0.0198265841754177,GPR
0.062143,2.1071,16.6667,20,SC,0.579365,0.392579,0.1293833589694963,0.023142101375831,0.0239770167693537,GPR
0.072857,2.1071,16.6667,20,SC,0.586,0.379008,0.151019443555247,0.0277374565718414,0.0282872599342008,GPR
0.083571,2.1071,16.6667,20,SC,0.591429,0.371334,0.1730383892289127,0.0326253053024461,0.0327699652934809,GPR
0.094286,2.1071,16.6667,20,SC,0.596036,0.367561,0.1954697303026674,0.0378247459614652,0.0374406540757777,GPR
0.105,2.1071,16.6667,20,SC,0.599981,0.366205,0.218338456582856,0.0433560907810373,0.0423157014338971,GPR
0.115714,2.1071,16.6667,20,SC,0.603294,0.36617,0.2416771621073271,0.0492434037935011,0.0474146302078575,GPR
0.126429,2.1071,16.6667,20,SC,0.605948,0.366671,0.2655195274429045,0.0555127379871405,0.0527585182943906,GPR
0.137143,2.1071,16.6667,20,SC,0.607913,0.367193,0.2898929889554009,0.0621896940324536,0.0583679749887721,GPR
0.147857,2.1071,16.6667,20,SC,0.609195,0.367458,0.3148316088633973,0.0693023202596536,0.0642656499918911,GPR
0.158571,2.1071,16.6667,20,SC,0.609841,0.367405,0.3403667345946098,0.0768781438068387,0.0704737443187441,GPR
0.169286,2.1071,16.6667,20,SC,0.609943,0.367156,0.3665311724803841,0.0849447992251045,0.077014574771215,GPR
0.18,2.1071,16.6667,20,SC,0.609627,0.366996,0.3933488582912199,0.0935262224977547,0.0839075324330423,GPR
0.03,2.2857,16.6667,20,SC,0.48348,0.654126,0.0665301360208154,0.0109701336217035,0.011967370308351,GPR
0.040714,2.2857,16.6667,20,SC,0.503822,0.612773,0.0871591469673739,0.0147691118431046,0.0158255560173288,GPR
0.051429,2.2857,16.6667,20,SC,0.522305,0.569491,0.1081048454087395,0.0188236042560309,0.0198265841754177,GPR
0.062143,2.2857,16.6667,20,SC,0.537309,0.532091,0.1293833589694963,0.023142101375831,0.0239770167693537,GPR
0.072857,2.2857,16.6667,20,SC,0.548737,0.502402,0.151019443555247,0.0277374565718414,0.0282872599342008,GPR
0.083571,2.2857,16.6667,20,SC,0.557357,0.479946,0.1730383892289127,0.0326253053024461,0.0327699652934809,GPR
0.094286,2.2857,16.6667,20,SC,0.563953,0.463635,0.1954697303026674,0.0378247459614652,0.0374406540757777,GPR
0.105,2.2857,16.6667,20,SC,0.569093,0.452401,0.218338456582856,0.0433560907810373,0.0423157014338971,GPR
0.115714,2.2857,16.6667,20,SC,0.573159,0.445394,0.2416771621073271,0.0492434037935011,0.0474146302078575,GPR
0.126429,2.2857,16.6667,20,SC,0.576407,0.442023,0.2655195274429045,0.0555127379871405,0.0527585182943906,GPR
0.137143,2.2857,16.6667,20,SC,0.579006,0.441942,0.2898929889554009,0.0621896940324536,0.0583679749887721,GPR
0.147857,2.2857,16.6667,20,SC,0.581069,0.445028,0.3148316088633973,0.0693023202596536,0.0642656499918911,GPR
0.158571,2.2857,16.6667,20,SC,0.582664,0.451367,0.3403667345946098,0.0768781438068387,0.0704737443187441,GPR
0.169286,2.2857,16.6667,20,SC,0.583823,0.461243,0.3665311724803841,0.0849447992251045,0.077014574771215,GPR
0.18,2.2857,16.6667,20,SC,0.584535,0.475136,0.3933488582912199,0.0935262224977547,0.0839075324330423,GPR
0.03,2.4643,16.6667,20,SC,0.444405,0.653711,0.0665301360208154,0.0109701336217035,0.011967370308351,GPR
0.040714,2.4643,16.6667,20,SC,0.458309,0.689874,0.0871591469673739,0.0147691118431046,0.0158255560173288,GPR
0.051429,2.4643,16.6667,20,SC,0.470688,0.703294,0.1081048454087395,0.0188236042560309,0.0198265841754177,GPR
0.062143,2.4643,16.6667,20,SC,0.481893,0.702123,0.1293833589694963,0.023142101375831,0.0239770167693537,GPR
0.072857,2.4643,16.6667,20,SC,0.492041,0.693971,0.151019443555247,0.0277374565718414,0.0282872599342008,GPR
0.083571,2.4643,16.6667,20,SC,0.5011,0.684215,0.1730383892289127,0.0326253053024461,0.0327699652934809,GPR
0.094286,2.4643,16.6667,20,SC,0.508977,0.676108,0.1954697303026674,0.0378247459614652,0.0374406540757777,GPR
0.105,2.4643,16.6667,20,SC,0.515607,0.671443,0.218338456582856,0.0433560907810373,0.0423157014338971,GPR
0.115714,2.4643,16.6667,20,SC,0.520982,0.67116,0.2416771621073271,0.0492434037935011,0.0474146302078575,GPR
0.126429,2.4643,16.6667,20,SC,0.52515,0.675755,0.2655195274429045,0.0555127379871405,0.0527585182943906,GPR
0.137143,2.4643,16.6667,20,SC,0.528196,0.6855,0.2898929889554009,0.0621896940324536,0.0583679749887721,GPR
0.147857,2.4643,16.6667,20,SC,0.530231,0.700532,0.3148316088633973,0.0693023202596536,0.0642656499918911,GPR
0.158571,2.4643,16.6667,20,SC,0.531394,0.720841,0.3403667345946098,0.0768781438068387,0.0704737443187441,GPR
0.169286,2.4643,16.6667,20,SC,0.53186,0.746147,0.3665311724803841,0.0849447992251045,0.077014574771215,GPR
0.18,2.4643,16.6667,20,SC,0.531843,0.775669,0.3933488582912199,0.0935262224977547,0.0839075324330423,GPR
0.03,2.6429,16.6667,20,SC,0.413531,0.487995,0.0665301360208154,0.0109701336217035,0.011967370308351,GPR
0.040714,2.6429,16.6667,20,SC,0.426778,0.545268,0.0871591469673739,0.0147691118431046,0.0158255560173288,GPR
0.051429,2.6429,16.6667,20,SC,0.438034,0.595143,0.1081048454087395,0.0188236042560309,0.0198265841754177,GPR
0.062143,2.6429,16.6667,20,SC,0.44772,0.636471,0.1293833589694963,0.023142101375831,0.0239770167693537,GPR
0.072857,2.6429,16.6667,20,SC,0.456126,0.669558,0.151019443555247,0.0277374565718414,0.0282872599342008,GPR
0.083571,2.6429,16.6667,20,SC,0.463458,0.695596,0.1730383892289127,0.0326253053024461,0.0327699652934809,GPR
0.094286,2.6429,16.6667,20,SC,0.469867,0.716061,0.1954697303026674,0.0378247459614652,0.0374406540757777,GPR
0.105,2.6429,16.6667,20,SC,0.475469,0.732237,0.218338456582856,0.0433560907810373,0.0423157014338971,GPR
0.115714,2.6429,16.6667,20,SC,0.480367,0.744954,0.2416771621073271,0.0492434037935011,0.0474146302078575,GPR
0.126429,2.6429,16.6667,20,SC,0.484651,0.754461,0.2655195274429045,0.0555127379871405,0.0527585182943906,GPR
0.137143,2.6429,16.6667,20,SC,0.488412,0.760404,0.2898929889554009,0.0621896940324536,0.0583679749887721,GPR
0.147857,2.6429,16.6667,20,SC,0.491734,0.761876,0.3148316088633973,0.0693023202596536,0.0642656499918911,GPR
0.158571,2.6429,16.6667,20,SC,0.494697,0.75756,0.3403667345946098,0.0768781438068387,0.0704737443187441,GPR
0.169286,2.6429,16.6667,20,SC,0.497368,0.745979,0.3665311724803841,0.0849447992251045,0.077014574771215,GPR
0.18,2.6429,16.6667,20,SC,0.499796,0.725885,0.3933488582912199,0.0935262224977547,0.0839075324330423,GPR
0.03,0.5,20.0,20,SC,0.183723,0.24353,0.0665301360208154,0.0109701336217035,0.011967370308351,GPR
0.040714,0.5,20.0,20,SC,0.150604,0.172106,0.0871591469673739,0.0147691118431046,0.0158255560173288,GPR
0.051429,0.5,20.0,20,SC,0.127592,0.132565,0.1081048454087395,0.0188236042560309,0.0198265841754177,GPR
0.062143,0.5,20.0,20,SC,0.110824,0.109277,0.1293833589694963,0.023142101375831,0.0239770167693537,GPR
0.072857,0.5,20.0,20,SC,0.09817,0.094078,0.151019443555247,0.0277374565718414,0.0282872599342008,GPR
0.083571,0.5,20.0,20,SC,0.08836,0.083374,0.1730383892289127,0.0326253053024461,0.0327699652934809,GPR
0.094286,0.5,20.0,20,SC,0.080592,0.075428,0.1954697303026674,0.0378247459614652,0.0374406540757777,GPR
0.105,0.5,20.0,20,SC,0.074335,0.069305,0.218338456582856,0.0433560907810373,0.0423157014338971,GPR
0.115714,0.5,20.0,20,SC,0.069228,0.064455,0.2416771621073271,0.0492434037935011,0.0474146302078575,GPR
0.126429,0.5,20.0,20,SC,0.065011,0.060536,0.2655195274429045,0.0555127379871405,0.0527585182943906,GPR
0.137143,0.5,20.0,20,SC,0.0615,0.057319,0.2898929889554009,0.0621896940324536,0.0583679749887721,GPR
0.147857,0.5,20.0,20,SC,0.058557,0.054647,0.3148316088633973,0.0693023202596536,0.0642656499918911,GPR
0.158571,0.5,20.0,20,SC,0.056078,0.05241,0.3403667345946098,0.0768781438068387,0.0704737443187441,GPR
0.169286,0.5,20.0,20,SC,0.053983,0.050527,0.3665311724803841,0.0849447992251045,0.077014574771215,GPR
0.18,0.5,20.0,20,SC,0.052211,0.048935,0.3933488582912199,0.0935262224977547,0.0839075324330423,GPR
0.03,0.6786,20.0,20,SC,0.302327,0.467852,0.0665301360208154,0.0109701336217035,0.011967370308351,GPR
0.040714,0.6786,20.0,20,SC,0.257952,0.407837,0.0871591469673739,0.0147691118431046,0.0158255560173288,GPR
0.051429,0.6786,20.0,20,SC,0.225288,0.353256,0.1081048454087395,0.0188236042560309,0.0198265841754177,GPR
0.062143,0.6786,20.0,20,SC,0.200408,0.303362,0.1293833589694963,0.023142101375831,0.0239770167693537,GPR
0.072857,0.6786,20.0,20,SC,0.180891,0.258242,0.151019443555247,0.0277374565718414,0.0282872599342008,GPR
0.083571,0.6786,20.0,20,SC,0.165287,0.218892,0.1730383892289127,0.0326253053024461,0.0327699652934809,GPR
0.094286,0.6786,20.0,20,SC,0.152615,0.186546,0.1954697303026674,0.0378247459614652,0.0374406540757777,GPR
0.105,0.6786,20.0,20,SC,0.142186,0.161461,0.218338456582856,0.0433560907810373,0.0423157014338971,GPR
0.115714,0.6786,20.0,20,SC,0.133512,0.142614,0.2416771621073271,0.0492434037935011,0.0474146302078575,GPR
0.126429,0.6786,20.0,20,SC,0.126242,0.128499,0.2655195274429045,0.0555127379871405,0.0527585182943906,GPR
0.137143,0.6786,20.0,20,SC,0.120112,0.117798,0.2898929889554009,0.0621896940324536,0.0583679749887721,GPR
0.147857,0.6786,20.0,20,SC,0.114923,0.109548,0.3148316088633973,0.0693023202596536,0.0642656499918911,GPR
0.158571,0.6786,20.0,20,SC,0.110521,0.103092,0.3403667345946098,0.0768781438068387,0.0704737443187441,GPR
0.169286,0.6786,20.0,20,SC,0.106784,0.097981,0.3665311724803841,0.0849447992251045,0.077014574771215,GPR
0.18,0.6786,20.0,20,SC,0.103617,0.09391,0.3933488582912199,0.0935262224977547,0.0839075324330423,GPR
0.03,0.8571,20.0,20,SC,0.427214,0.578869,0.0665301360208154,0.0109701336217035,0.011967370308351,GPR
0.040714,0.8571,20.0,20,SC,0.375619,0.554354,0.0871591469673739,0.0147691118431046,0.0158255560173288,GPR
0.051429,0.8571,20.0,20,SC,0.336248,0.507444,0.1081048454087395,0.0188236042560309,0.0198265841754177,GPR
0.062143,0.8571,20.0,20,SC,0.305676,0.477782,0.1293833589694963,0.023142101375831,0.0239770167693537,GPR
0.072857,0.8571,20.0,20,SC,0.280999,0.445982,0.151019443555247,0.0277374565718414,0.0282872599342008,GPR
0.083571,0.8571,20.0,20,SC,0.260614,0.419875,0.1730383892289127,0.0326253053024461,0.0327699652934809,GPR
0.094286,0.8571,20.0,20,SC,0.243647,0.394615,0.1954697303026674,0.0378247459614652,0.0374406540757777,GPR
0.105,0.8571,20.0,20,SC,0.229479,0.372824,0.218338456582856,0.0433560907810373,0.0423157014338971,GPR
0.115714,0.8571,20.0,20,SC,0.217589,0.352797,0.2416771621073271,0.0492434037935011,0.0474146302078575,GPR
0.126429,0.8571,20.0,20,SC,0.207543,0.334842,0.2655195274429045,0.0555127379871405,0.0527585182943906,GPR
0.137143,0.8571,20.0,20,SC,0.199007,0.318955,0.2898929889554009,0.0621896940324536,0.0583679749887721,GPR
0.147857,0.8571,20.0,20,SC,0.191724,0.304884,0.3148316088633973,0.0693023202596536,0.0642656499918911,GPR
0.158571,0.8571,20.0,20,SC,0.1855,0.292542,0.3403667345946098,0.0768781438068387,0.0704737443187441,GPR
0.169286,0.8571,20.0,20,SC,0.180187,0.281868,0.3665311724803841,0.0849447992251045,0.077014574771215,GPR
0.18,0.8571,20.0,20,SC,0.175665,0.272771,0.3933488582912199,0.0935262224977547,0.0839075324330423,GPR
0.03,1.0357,20.0,20,SC,0.542856,0.699158,0.0665301360208154,0.0109701336217035,0.011967370308351,GPR
0.040714,1.0357,20.0,20,SC,0.492277,0.597209,0.0871591469673739,0.0147691118431046,0.0158255560173288,GPR
0.051429,1.0357,20.0,20,SC,0.451711,0.637588,0.1081048454087395,0.0188236042560309,0.0198265841754177,GPR
0.062143,1.0357,20.0,20,SC,0.417828,0.565568,0.1293833589694963,0.023142101375831,0.0239770167693537,GPR
0.072857,1.0357,20.0,20,SC,0.38903,0.547606,0.151019443555247,0.0277374565718414,0.0282872599342008,GPR
0.083571,1.0357,20.0,20,SC,0.364692,0.548366,0.1730383892289127,0.0326253053024461,0.0327699652934809,GPR
0.094286,1.0357,20.0,20,SC,0.344336,0.517525,0.1954697303026674,0.0378247459614652,0.0374406540757777,GPR
0.105,1.0357,20.0,20,SC,0.327322,0.490764,0.218338456582856,0.0433560907810373,0.0423157014338971,GPR
0.115714,1.0357,20.0,20,SC,0.312998,0.47976,0.2416771621073271,0.0492434037935011,0.0474146302078575,GPR
0.126429,1.0357,20.0,20,SC,0.300836,0.472391,0.2655195274429045,0.0555127379871405,0.0527585182943906,GPR
0.137143,1.0357,20.0,20,SC,0.290437,0.461372,0.2898929889554009,0.0621896940324536,0.0583679749887721,GPR
0.147857,1.0357,20.0,20,SC,0.28151,0.448045,0.3148316088633973,0.0693023202596536,0.0642656499918911,GPR
0.158571,1.0357,20.0,20,SC,0.273839,0.435453,0.3403667345946098,0.0768781438068387,0.0704737443187441,GPR
0.169286,1.0357,20.0,20,SC,0.26726,0.424917,0.3665311724803841,0.0849447992251045,0.077014574771215,GPR
0.18,1.0357,20.0,20,SC,0.261641,0.416393,0.3933488582912199,0.0935262224977547,0.0839075324330423,GPR
0.03,1.2143,20.0,20,SC,0.641359,0.644902,0.0665301360208154,0.0109701336217035,0.011967370308351,GPR
0.040714,1.2143,20.0,20,SC,0.59823,0.620995,0.0871591469673739,0.0147691118431046,0.0158255560173288,GPR
0.051429,1.2143,20.0,20,SC,0.556991,0.753042,0.1081048454087395,0.0188236042560309,0.0198265841754177,GPR
0.062143,1.2143,20.0,20,SC,0.522479,0.665849,0.1293833589694963,0.023142101375831,0.0239770167693537,GPR
0.072857,1.2143,20.0,20,SC,0.493844,0.5728,0.151019443555247,0.0277374565718414,0.0282872599342008,GPR
0.083571,1.2143,20.0,20,SC,0.469691,0.577075,0.1730383892289127,0.0326253053024461,0.0327699652934809,GPR
0.094286,1.2143,20.0,20,SC,0.449008,0.618494,0.1954697303026674,0.0378247459614652,0.0374406540757777,GPR
0.105,1.2143,20.0,20,SC,0.431107,0.626541,0.218338456582856,0.0433560907810373,0.0423157014338971,GPR
0.115714,1.2143,20.0,20,SC,0.415511,0.593993,0.2416771621073271,0.0492434037935011,0.0474146302078575,GPR
0.126429,1.2143,20.0,20,SC,0.401886,0.554253,0.2655195274429045,0.0555127379871405,0.0527585182943906,GPR
0.137143,1.2143,20.0,20,SC,0.389989,0.525791,0.2898929889554009,0.0621896940324536,0.0583679749887721,GPR
0.147857,1.2143,20.0,20,SC,0.379634,0.509917,0.3148316088633973,0.0693023202596536,0.0642656499918911,GPR
0.158571,1.2143,20.0,20,SC,0.370667,0.502399,0.3403667345946098,0.0768781438068387,0.0704737443187441,GPR
0.169286,1.2143,20.0,20,SC,0.362957,0.498964,0.3665311724803841,0.0849447992251045,0.077014574771215,GPR
0.18,1.2143,20.0,20,SC,0.356387,0.496744,0.3933488582912199,0.0935262224977547,0.0839075324330423,GPR
0.03,1.3929,20.0,20,SC,0.683655,0.672164,0.0665301360208154,0.0109701336217035,0.011967370308351,GPR
0.040714,1.3929,20.0,20,SC,0.664772,0.901014,0.0871591469673739,0.0147691118431046,0.0158255560173288,GPR
0.051429,1.3929,20.0,20,SC,0.642395,0.731895,0.1081048454087395,0.0188236042560309,0.0198265841754177,GPR
0.062143,1.3929,20.0,20,SC,0.617716,0.58156,0.1293833589694963,0.023142101375831,0.0239770167693537,GPR
0.072857,1.3929,20.0,20,SC,0.592127,0.5682,0.151019443555247,0.0277374565718414,0.0282872599342008,GPR
0.083571,1.3929,20.0,20,SC,0.567647,0.639377,0.1730383892289127,0.0326253053024461,0.0327699652934809,GPR
0.094286,1.3929,20.0,20,SC,0.545818,0.723474,0.1954697303026674,0.0378247459614652,0.0374406540757777,GPR
0.105,1.3929,20.0,20,SC,0.526894,0.746236,0.218338456582856,0.0433560907810373,0.0423157014338971,GPR
0.115714,1.3929,20.0,20,SC,0.510585,0.705476,0.2416771621073271,0.0492434037935011,0.0474146302078575,GPR
0.126429,1.3929,20.0,20,SC,0.496517,0.646469,0.2655195274429045,0.0555127379871405,0.0527585182943906,GPR
0.137143,1.3929,20.0,20,SC,0.484361,0.596913,0.2898929889554009,0.0621896940324536,0.0583679749887721,GPR
0.147857,1.3929,20.0,20,SC,0.473855,0.562443,0.3148316088633973,0.0693023202596536,0.0642656499918911,GPR
0.158571,1.3929,20.0,20,SC,0.464789,0.540352,0.3403667345946098,0.0768781438068387,0.0704737443187441,GPR
0.169286,1.3929,20.0,20,SC,0.456995,0.526586,0.3665311724803841,0.0849447992251045,0.077014574771215,GPR
0.18,1.3929,20.0,20,SC,0.450341,0.517808,0.3933488582912199,0.0935262224977547,0.0839075324330423,GPR
0.03,1.5714,20.0,20,SC,0.692154,0.639456,0.0665301360208154,0.0109701336217035,0.011967370308351,GPR
0.040714,1.5714,20.0,20,SC,0.684427,0.523345,0.0871591469673739,0.0147691118431046,0.0158255560173288,GPR
0.051429,1.5714,20.0,20,SC,0.675117,0.576677,0.1081048454087395,0.0188236042560309,0.0198265841754177,GPR
0.062143,1.5714,20.0,20,SC,0.663902,0.742373,0.1293833589694963,0.023142101375831,0.0239770167693537,GPR
0.072857,1.5714,20.0,20,SC,0.651267,0.889093,0.151019443555247,0.0277374565718414,0.0282872599342008,GPR
0.083571,1.5714,20.0,20,SC,0.638343,0.865486,0.1730383892289127,0.0326253053024461,0.0327699652934809,GPR
0.094286,1.5714,20.0,20,SC,0.625093,0.746831,0.1954697303026674,0.0378247459614652,0.0374406540757777,GPR
0.105,1.5714,20.0,20,SC,0.612075,0.64277,0.218338456582856,0.0433560907810373,0.0423157014338971,GPR
0.115714,1.5714,20.0,20,SC,0.599487,0.576826,0.2416771621073271,0.0492434037935011,0.0474146302078575,GPR
0.126429,1.5714,20.0,20,SC,0.587606,0.540867,0.2655195274429045,0.0555127379871405,0.0527585182943906,GPR
0.137143,1.5714,20.0,20,SC,0.576626,0.524224,0.2898929889554009,0.0621896940324536,0.0583679749887721,GPR
0.147857,1.5714,20.0,20,SC,0.566687,0.518779,0.3148316088633973,0.0693023202596536,0.0642656499918911,GPR
0.158571,1.5714,20.0,20,SC,0.557866,0.518826,0.3403667345946098,0.0768781438068387,0.0704737443187441,GPR
0.169286,1.5714,20.0,20,SC,0.550183,0.520495,0.3665311724803841,0.0849447992251045,0.077014574771215,GPR
0.18,1.5714,20.0,20,SC,0.543611,0.521344,0.3933488582912199,0.0935262224977547,0.0839075324330423,GPR
0.03,1.75,20.0,20,SC,0.682858,0.946878,0.0665301360208154,0.0109701336217035,0.011967370308351,GPR
0.040714,1.75,20.0,20,SC,0.680071,0.930345,0.0871591469673739,0.0147691118431046,0.0158255560173288,GPR
0.051429,1.75,20.0,20,SC,0.680199,0.699735,0.1081048454087395,0.0188236042560309,0.0198265841754177,GPR
0.062143,1.75,20.0,20,SC,0.674955,0.558204,0.1293833589694963,0.023142101375831,0.0239770167693537,GPR
0.072857,1.75,20.0,20,SC,0.669026,0.503731,0.151019443555247,0.0277374565718414,0.0282872599342008,GPR
0.083571,1.75,20.0,20,SC,0.663574,0.503661,0.1730383892289127,0.0326253053024461,0.0327699652934809,GPR
0.094286,1.75,20.0,20,SC,0.656241,0.539395,0.1954697303026674,0.0378247459614652,0.0374406540757777,GPR
0.105,1.75,20.0,20,SC,0.648931,0.598213,0.218338456582856,0.0433560907810373,0.0423157014338971,GPR
0.115714,1.75,20.0,20,SC,0.642182,0.667321,0.2416771621073271,0.0492434037935011,0.0474146302078575,GPR
0.126429,1.75,20.0,20,SC,0.635451,0.733439,0.2655195274429045,0.0555127379871405,0.0527585182943906,GPR
0.137143,1.75,20.0,20,SC,0.628777,0.786274,0.2898929889554009,0.0621896940324536,0.0583679749887721,GPR
0.147857,1.75,20.0,20,SC,0.622443,0.821631,0.3148316088633973,0.0693023202596536,0.0642656499918911,GPR
0.158571,1.75,20.0,20,SC,0.616581,0.841008,0.3403667345946098,0.0768781438068387,0.0704737443187441,GPR
0.169286,1.75,20.0,20,SC,0.61121,0.8486,0.3665311724803841,0.0849447992251045,0.077014574771215,GPR
0.18,1.75,20.0,20,SC,0.606321,0.848466,0.3933488582912199,0.0935262224977547,0.0839075324330423,GPR
0.03,1.9286,20.0,20,SC,0.661416,0.475654,0.0665301360208154,0.0109701336217035,0.011967370308351,GPR
0.040714,1.9286,20.0,20,SC,0.663967,0.634884,0.0871591469673739,0.0147691118431046,0.0158255560173288,GPR
0.051429,1.9286,20.0,20,SC,0.670475,0.857758,0.1081048454087395,0.0188236042560309,0.0198265841754177,GPR
0.062143,1.9286,20.0,20,SC,0.669499,0.99554,0.1293833589694963,0.023142101375831,0.0239770167693537,GPR
0.072857,1.9286,20.0,20,SC,0.665965,0.949562,0.151019443555247,0.0277374565718414,0.0282872599342008,GPR
0.083571,1.9286,20.0,20,SC,0.664286,0.819935,0.1730383892289127,0.0326253053024461,0.0327699652934809,GPR
0.094286,1.9286,20.0,20,SC,0.66284,0.702216,0.1954697303026674,0.0378247459614652,0.0374406540757777,GPR
0.105,1.9286,20.0,20,SC,0.659369,0.618464,0.218338456582856,0.0433560907810373,0.0423157014338971,GPR
0.115714,1.9286,20.0,20,SC,0.654783,0.563283,0.2416771621073271,0.0492434037935011,0.0474146302078575,GPR
0.126429,1.9286,20.0,20,SC,0.650115,0.527954,0.2655195274429045,0.0555127379871405,0.0527585182943906,GPR
0.137143,1.9286,20.0,20,SC,0.645745,0.505676,0.2898929889554009,0.0621896940324536,0.0583679749887721,GPR
0.147857,1.9286,20.0,20,SC,0.641684,0.491785,0.3148316088633973,0.0693023202596536,0.0642656499918911,GPR
0.158571,1.9286,20.0,20,SC,0.637825,0.483226,0.3403667345946098,0.0768781438068387,0.0704737443187441,GPR
0.169286,1.9286,20.0,20,SC,0.634093,0.478108,0.3665311724803841,0.0849447992251045,0.077014574771215,GPR
0.18,1.9286,20.0,20,SC,0.630466,0.475422,0.3933488582912199,0.0935262224977547,0.0839075324330423,GPR
0.03,2.1071,20.0,20,SC,0.631349,0.418263,0.0665301360208154,0.0109701336217035,0.011967370308351,GPR
0.040714,2.1071,20.0,20,SC,0.647589,0.405565,0.0871591469673739,0.0147691118431046,0.0158255560173288,GPR
0.051429,2.1071,20.0,20,SC,0.652119,0.434858,0.1081048454087395,0.0188236042560309,0.0198265841754177,GPR
0.062143,2.1071,20.0,20,SC,0.651717,0.499055,0.1293833589694963,0.023142101375831,0.0239770167693537,GPR
0.072857,2.1071,20.0,20,SC,0.652103,0.592505,0.151019443555247,0.0277374565718414,0.0282872599342008,GPR
0.083571,2.1071,20.0,20,SC,0.654577,0.704026,0.1730383892289127,0.0326253053024461,0.0327699652934809,GPR
0.094286,2.1071,20.0,20,SC,0.656201,0.814743,0.1954697303026674,0.0378247459614652,0.0374406540757777,GPR
0.105,2.1071,20.0,20,SC,0.655344,0.904363,0.218338456582856,0.0433560907810373,0.0423157014338971,GPR
0.115714,2.1071,20.0,20,SC,0.652986,0.961764,0.2416771621073271,0.0492434037935011,0.0474146302078575,GPR
0.126429,2.1071,20.0,20,SC,0.650085,0.988962,0.2655195274429045,0.0555127379871405,0.0527585182943906,GPR
0.137143,2.1071,20.0,20,SC,0.6471,0.995794,0.2898929889554009,0.0621896940324536,0.0583679749887721,GPR
0.147857,2.1071,20.0,20,SC,0.644197,0.992764,0.3148316088633973,0.0693023202596536,0.0642656499918911,GPR
0.158571,2.1071,20.0,20,SC,0.641411,0.987396,0.3403667345946098,0.0768781438068387,0.0704737443187441,GPR
0.169286,2.1071,20.0,20,SC,0.638739,0.983728,0.3665311724803841,0.0849447992251045,0.077014574771215,GPR
0.18,2.1071,20.0,20,SC,0.636183,0.982915,0.3933488582912199,0.0935262224977547,0.0839075324330423,GPR
0.03,2.2857,20.0,20,SC,0.60323,0.582203,0.0665301360208154,0.0109701336217035,0.011967370308351,GPR
0.040714,2.2857,20.0,20,SC,0.612469,0.483291,0.0871591469673739,0.0147691118431046,0.0158255560173288,GPR
0.051429,2.2857,20.0,20,SC,0.620397,0.427989,0.1081048454087395,0.0188236042560309,0.0198265841754177,GPR
0.062143,2.2857,20.0,20,SC,0.630242,0.401805,0.1293833589694963,0.023142101375831,0.0239770167693537,GPR
0.072857,2.2857,20.0,20,SC,0.638632,0.394448,0.151019443555247,0.0277374565718414,0.0282872599342008,GPR
0.083571,2.2857,20.0,20,SC,0.642276,0.399407,0.1730383892289127,0.0326253053024461,0.0327699652934809,GPR
0.094286,2.2857,20.0,20,SC,0.642797,0.412173,0.1954697303026674,0.0378247459614652,0.0374406540757777,GPR
0.105,2.2857,20.0,20,SC,0.641967,0.429206,0.218338456582856,0.0433560907810373,0.0423157014338971,GPR
0.115714,2.2857,20.0,20,SC,0.640672,0.447488,0.2416771621073271,0.0492434037935011,0.0474146302078575,GPR
0.126429,2.2857,20.0,20,SC,0.639279,0.464443,0.2655195274429045,0.0555127379871405,0.0527585182943906,GPR
0.137143,2.2857,20.0,20,SC,0.637903,0.478012,0.2898929889554009,0.0621896940324536,0.0583679749887721,GPR
0.147857,2.2857,20.0,20,SC,0.636553,0.486754,0.3148316088633973,0.0693023202596536,0.0642656499918911,GPR
0.158571,2.2857,20.0,20,SC,0.635211,0.489899,0.3403667345946098,0.0768781438068387,0.0704737443187441,GPR
0.169286,2.2857,20.0,20,SC,0.63388,0.48734,0.3665311724803841,0.0849447992251045,0.077014574771215,GPR
0.18,2.2857,20.0,20,SC,0.632597,0.479564,0.3933488582912199,0.0935262224977547,0.0839075324330423,GPR
0.03,2.4643,20.0,20,SC,0.561456,0.810529,0.0665301360208154,0.0109701336217035,0.011967370308351,GPR
0.040714,2.4643,20.0,20,SC,0.583529,0.736957,0.0871591469673739,0.0147691118431046,0.0158255560173288,GPR
0.051429,2.4643,20.0,20,SC,0.596224,0.640452,0.1081048454087395,0.0188236042560309,0.0198265841754177,GPR
0.062143,2.4643,20.0,20,SC,0.603375,0.561107,0.1293833589694963,0.023142101375831,0.0239770167693537,GPR
0.072857,2.4643,20.0,20,SC,0.607969,0.504257,0.151019443555247,0.0277374565718414,0.0282872599342008,GPR
0.083571,2.4643,20.0,20,SC,0.611469,0.465461,0.1730383892289127,0.0326253053024461,0.0327699652934809,GPR
0.094286,2.4643,20.0,20,SC,0.614578,0.439574,0.1954697303026674,0.0378247459614652,0.0374406540757777,GPR
0.105,2.4643,20.0,20,SC,0.617522,0.422607,0.218338456582856,0.0433560907810373,0.0423157014338971,GPR
0.115714,2.4643,20.0,20,SC,0.620197,0.41174,0.2416771621073271,0.0492434037935011,0.0474146302078575,GPR
0.126429,2.4643,20.0,20,SC,0.622372,0.405055,0.2655195274429045,0.0555127379871405,0.0527585182943906,GPR
0.137143,2.4643,20.0,20,SC,0.623879,0.401299,0.2898929889554009,0.0621896940324536,0.0583679749887721,GPR
0.147857,2.4643,20.0,20,SC,0.624683,0.399731,0.3148316088633973,0.0693023202596536,0.0642656499918911,GPR
0.158571,2.4643,20.0,20,SC,0.624835,0.400019,0.3403667345946098,0.0768781438068387,0.0704737443187441,GPR
0.169286,2.4643,20.0,20,SC,0.624425,0.402179,0.3665311724803841,0.0849447992251045,0.077014574771215,GPR
0.18,2.4643,20.0,20,SC,0.623561,0.406527,0.3933488582912199,0.0935262224977547,0.0839075324330423,GPR
0.03,2.6429,20.0,20,SC,0.520302,0.661352,0.0665301360208154,0.0109701336217035,0.011967370308351,GPR
0.040714,2.6429,20.0,20,SC,0.535494,0.773476,0.0871591469673739,0.0147691118431046,0.0158255560173288,GPR
0.051429,2.6429,20.0,20,SC,0.550869,0.828101,0.1081048454087395,0.0188236042560309,0.0198265841754177,GPR
0.062143,2.6429,20.0,20,SC,0.566127,0.82685,0.1293833589694963,0.023142101375831,0.0239770167693537,GPR
0.072857,2.6429,20.0,20,SC,0.578767,0.793715,0.151019443555247,0.0277374565718414,0.0282872599342008,GPR
0.083571,2.6429,20.0,20,SC,0.587755,0.751157,0.1730383892289127,0.0326253053024461,0.0327699652934809,GPR
0.094286,2.6429,20.0,20,SC,0.593902,0.711644,0.1954697303026674,0.0378247459614652,0.0374406540757777,GPR
0.105,2.6429,20.0,20,SC,0.598196,0.680082,0.218338456582856,0.0433560907810373,0.0423157014338971,GPR
0.115714,2.6429,20.0,20,SC,0.601306,0.657647,0.2416771621073271,0.0492434037935011,0.0474146302078575,GPR
0.126429,2.6429,20.0,20,SC,0.603635,0.644131,0.2655195274429045,0.0555127379871405,0.0527585182943906,GPR
0.137143,2.6429,20.0,20,SC,0.605429,0.639043,0.2898929889554009,0.0621896940324536,0.0583679749887721,GPR
0.147857,2.6429,20.0,20,SC,0.606835,0.642043,0.3148316088633973,0.0693023202596536,0.0642656499918911,GPR
0.158571,2.6429,20.0,20,SC,0.607938,0.653083,0.3403667345946098,0.0768781438068387,0.0704737443187441,GPR
0.169286,2.6429,20.0,20,SC,0.60878,0.672408,0.3665311724803841,0.0849447992251045,0.077014574771215,GPR
0.18,2.6429,20.0,20,SC,0.609354,0.700454,0.3933488582912199,0.0935262224977547,0.0839075324330423,GPR
0.03,2.8214,20.0,20,SC,0.490661,0.418345,0.0665301360208154,0.0109701336217035,0.011967370308351,GPR
0.040714,2.8214,20.0,20,SC,0.50507,0.499338,0.0871591469673739,0.0147691118431046,0.0158255560173288,GPR
0.051429,2.8214,20.0,20,SC,0.51653,0.584171,0.1081048454087395,0.0188236042560309,0.0198265841754177,GPR
0.062143,2.8214,20.0,20,SC,0.526154,0.664194,0.1293833589694963,0.023142101375831,0.0239770167693537,GPR
0.072857,2.8214,20.0,20,SC,0.534571,0.732084,0.151019443555247,0.0277374565718414,0.0282872599342008,GPR
0.083571,2.8214,20.0,20,SC,0.542101,0.784347,0.1730383892289127,0.0326253053024461,0.0327699652934809,GPR
0.094286,2.8214,20.0,20,SC,0.548835,0.821599,0.1954697303026674,0.0378247459614652,0.0374406540757777,GPR
0.105,2.8214,20.0,20,SC,0.554722,0.846986,0.218338456582856,0.0433560907810373,0.0423157014338971,GPR
0.115714,2.8214,20.0,20,SC,0.559669,0.864237,0.2416771621073271,0.0492434037935011,0.0474146302078575,GPR
0.126429,2.8214,20.0,20,SC,0.563618,0.876349,0.2655195274429045,0.0555127379871405,0.0527585182943906,GPR
0.137143,2.8214,20.0,20,SC,0.566578,0.884991,0.2898929889554009,0.0621896940324536,0.0583679749887721,GPR
0.147857,2.8214,20.0,20,SC,0.568623,0.890366,0.3148316088633973,0.0693023202596536,0.0642656499918911,GPR
0.158571,2.8214,20.0,20,SC,0.569881,0.891283,0.3403667345946098,0.0768781438068387,0.0704737443187441,GPR
0.169286,2.8214,20.0,20,SC,0.570528,0.885382,0.3665311724803841,0.0849447992251045,0.077014574771215,GPR
0.18,2.8214,20.0,20,SC,0.570775,0.869636,0.3933488582912199,0.0935262224977547,0.0839075324330423,GPR
0.03,3.0,20.0,20,SC,0.453741,0.297376,0.0665301360208154,0.0109701336217035,0.011967370308351,GPR
0.040714,3.0,20.0,20,SC,0.472563,0.330988,0.0871591469673739,0.0147691118431046,0.0158255560173288,GPR
0.051429,3.0,20.0,20,SC,0.486913,0.367526,0.1081048454087395,0.0188236042560309,0.0198265841754177,GPR
0.062143,3.0,20.0,20,SC,0.498097,0.404936,0.1293833589694963,0.023142101375831,0.0239770167693537,GPR
0.072857,3.0,20.0,20,SC,0.507095,0.440985,0.151019443555247,0.0277374565718414,0.0282872599342008,GPR
0.083571,3.0,20.0,20,SC,0.51452,0.473544,0.1730383892289127,0.0326253053024461,0.0327699652934809,GPR
0.094286,3.0,20.0,20,SC,0.520761,0.500828,0.1954697303026674,0.0378247459614652,0.0374406540757777,GPR
0.105,3.0,20.0,20,SC,0.526069,0.521533,0.218338456582856,0.0433560907810373,0.0423157014338971,GPR
0.115714,3.0,20.0,20,SC,0.530619,0.534847,0.2416771621073271,0.0492434037935011,0.0474146302078575,GPR
0.126429,3.0,20.0,20,SC,0.534535,0.540404,0.2655195274429045,0.0555127379871405,0.0527585182943906,GPR
0.137143,3.0,20.0,20,SC,0.537916,0.53823,0.2898929889554009,0.0621896940324536,0.0583679749887721,GPR
0.147857,3.0,20.0,20,SC,0.540838,0.528716,0.3148316088633973,0.0693023202596536,0.0642656499918911,GPR
0.158571,3.0,20.0,20,SC,0.543358,0.512625,0.3403667345946098,0.0768781438068387,0.0704737443187441,GPR
0.169286,3.0,20.0,20,SC,0.54551,0.491088,0.3665311724803841,0.0849447992251045,0.077014574771215,GPR
0.18,3.0,20.0,20,SC,0.547293,0.465553,0.3933488582912199,0.0935262224977547,0.0839075324330423,GPR
0.03,0.5,23.3333,20,SC,0.106637,0.098033,0.0665301360208154,0.0109701336217035,0.011967370308351,GPR
0.040714,0.5,23.3333,20,SC,0.084696,0.077054,0.0871591469673739,0.0147691118431046,0.0158255560173288,GPR
0.051429,0.5,23.3333,20,SC,0.070192,0.064389,0.1081048454087395,0.0188236042560309,0.0198265841754177,GPR
0.062143,0.5,23.3333,20,SC,0.060068,0.055833,0.1293833589694963,0.023142101375831,0.0239770167693537,GPR
0.072857,0.5,23.3333,20,SC,0.052706,0.04965,0.151019443555247,0.0277374565718414,0.0282872599342008,GPR
0.083571,0.5,23.3333,20,SC,0.047174,0.044974,0.1730383892289127,0.0326253053024461,0.0327699652934809,GPR
0.094286,0.5,23.3333,20,SC,0.042905,0.041323,0.1954697303026674,0.0378247459614652,0.0374406540757777,GPR
0.105,0.5,23.3333,20,SC,0.039535,0.0384,0.218338456582856,0.0433560907810373,0.0423157014338971,GPR
0.115714,0.5,23.3333,20,SC,0.036826,0.036018,0.2416771621073271,0.0492434037935011,0.0474146302078575,GPR
0.126429,0.5,23.3333,20,SC,0.034614,0.034046,0.2655195274429045,0.0555127379871405,0.0527585182943906,GPR
0.137143,0.5,23.3333,20,SC,0.032786,0.032397,0.2898929889554009,0.0621896940324536,0.0583679749887721,GPR
0.147857,0.5,23.3333,20,SC,0.031259,0.031005,0.3148316088633973,0.0693023202596536,0.0642656499918911,GPR
0.158571,0.5,23.3333,20,SC,0.029975,0.029823,0.3403667345946098,0.0768781438068387,0.0704737443187441,GPR
0.169286,0.5,23.3333,20,SC,0.028888,0.028813,0.3665311724803841,0.0849447992251045,0.077014574771215,GPR
0.18,0.5,23.3333,20,SC,0.027967,0.02795,0.3933488582912199,0.0935262224977547,0.0839075324330423,GPR
0.03,0.6786,23.3333,20,SC,0.183476,0.231793,0.0665301360208154,0.0109701336217035,0.011967370308351,GPR
0.040714,0.6786,23.3333,20,SC,0.151146,0.149809,0.0871591469673739,0.0147691118431046,0.0158255560173288,GPR
0.051429,0.6786,23.3333,20,SC,0.128208,0.111773,0.1081048454087395,0.0188236042560309,0.0198265841754177,GPR
0.062143,0.6786,23.3333,20,SC,0.111256,0.091268,0.1293833589694963,0.023142101375831,0.0239770167693537,GPR
0.072857,0.6786,23.3333,20,SC,0.098334,0.078354,0.151019443555247,0.0277374565718414,0.0282872599342008,GPR
0.083571,0.6786,23.3333,20,SC,0.088248,0.069407,0.1730383892289127,0.0326253053024461,0.0327699652934809,GPR
0.094286,0.6786,23.3333,20,SC,0.080225,0.062821,0.1954697303026674,0.0378247459614652,0.0374406540757777,GPR
0.105,0.6786,23.3333,20,SC,0.073748,0.05777,0.218338456582856,0.0433560907810373,0.0423157014338971,GPR
0.115714,0.6786,23.3333,20,SC,0.068456,0.053782,0.2416771621073271,0.0492434037935011,0.0474146302078575,GPR
0.126429,0.6786,23.3333,20,SC,0.064091,0.050566,0.2655195274429045,0.0555127379871405,0.0527585182943906,GPR
0.137143,0.6786,23.3333,20,SC,0.060463,0.04793,0.2898929889554009,0.0621896940324536,0.0583679749887721,GPR
0.147857,0.6786,23.3333,20,SC,0.057432,0.045745,0.3148316088633973,0.0693023202596536,0.0642656499918911,GPR
0.158571,0.6786,23.3333,20,SC,0.054891,0.043919,0.3403667345946098,0.0768781438068387,0.0704737443187441,GPR
0.169286,0.6786,23.3333,20,SC,0.052757,0.042385,0.3665311724803841,0.0849447992251045,0.077014574771215,GPR
0.18,0.6786,23.3333,20,SC,0.050967,0.041092,0.3933488582912199,0.0935262224977547,0.0839075324330423,GPR
0.03,0.8571,23.3333,20,SC,0.271013,0.448752,0.0665301360208154,0.0109701336217035,0.011967370308351,GPR
0.040714,0.8571,23.3333,20,SC,0.231486,0.375583,0.0871591469673739,0.0147691118431046,0.0158255560173288,GPR
0.051429,0.8571,23.3333,20,SC,0.20204,0.305276,0.1081048454087395,0.0188236042560309,0.0198265841754177,GPR
0.062143,0.8571,23.3333,20,SC,0.179352,0.238795,0.1293833589694963,0.023142101375831,0.0239770167693537,GPR
0.072857,0.8571,23.3333,20,SC,0.161616,0.183137,0.151019443555247,0.0277374565718414,0.0282872599342008,GPR
0.083571,0.8571,23.3333,20,SC,0.147393,0.144698,0.1730383892289127,0.0326253053024461,0.0327699652934809,GPR
0.094286,0.8571,23.3333,20,SC,0.135794,0.120333,0.1954697303026674,0.0378247459614652,0.0374406540757777,GPR
0.105,0.8571,23.3333,20,SC,0.126249,0.104384,0.218338456582856,0.0433560907810373,0.0423157014338971,GPR
0.115714,0.8571,23.3333,20,SC,0.118328,0.093311,0.2416771621073271,0.0492434037935011,0.0474146302078575,GPR
0.126429,0.8571,23.3333,20,SC,0.111701,0.085228,0.2655195274429045,0.0555127379871405,0.0527585182943906,GPR
0.137143,0.8571,23.3333,20,SC,0.106125,0.079104,0.2898929889554009,0.0621896940324536,0.0583679749887721,GPR
0.147857,0.8571,23.3333,20,SC,0.101415,0.074339,0.3148316088633973,0.0693023202596536,0.0642656499918911,GPR
0.158571,0.8571,23.3333,20,SC,0.097433,0.070563,0.3403667345946098,0.0768781438068387,0.0704737443187441,GPR
0.169286,0.8571,23.3333,20,SC,0.094069,0.067535,0.3665311724803841,0.0849447992251045,0.077014574771215,GPR
0.18,0.8571,23.3333,20,SC,0.091235,0.065093,0.3933488582912199,0.0935262224977547,0.0839075324330423,GPR
0.03,1.0357,23.3333,20,SC,0.360897,0.572255,0.0665301360208154,0.0109701336217035,0.011967370308351,GPR
0.040714,1.0357,23.3333,20,SC,0.317902,0.512408,0.0871591469673739,0.0147691118431046,0.0158255560173288,GPR
0.051429,1.0357,23.3333,20,SC,0.283657,0.471276,0.1081048454087395,0.0188236042560309,0.0198265841754177,GPR
0.062143,1.0357,23.3333,20,SC,0.256321,0.43265,0.1293833589694963,0.023142101375831,0.0239770167693537,GPR
0.072857,1.0357,23.3333,20,SC,0.234788,0.393102,0.151019443555247,0.0277374565718414,0.0282872599342008,GPR
0.083571,1.0357,23.3333,20,SC,0.217373,0.357855,0.1730383892289127,0.0326253053024461,0.0327699652934809,GPR
0.094286,1.0357,23.3333,20,SC,0.202874,0.324878,0.1954697303026674,0.0378247459614652,0.0374406540757777,GPR
0.105,1.0357,23.3333,20,SC,0.19064,0.294342,0.218338456582856,0.0433560907810373,0.0423157014338971,GPR
0.115714,1.0357,23.3333,20,SC,0.180299,0.266436,0.2416771621073271,0.0492434037935011,0.0474146302078575,GPR
0.126429,1.0357,23.3333,20,SC,0.171568,0.241315,0.2655195274429045,0.0555127379871405,0.0527585182943906,GPR
0.137143,1.0357,23.3333,20,SC,0.16419,0.219222,0.2898929889554009,0.0621896940324536,0.0583679749887721,GPR
0.147857,1.0357,23.3333,20,SC,0.157941,0.200318,0.3148316088633973,0.0693023202596536,0.0642656499918911,GPR
0.158571,1.0357,23.3333,20,SC,0.15264,0.184607,0.3403667345946098,0.0768781438068387,0.0704737443187441,GPR
0.169286,1.0357,23.3333,20,SC,0.148146,0.17191,0.3665311724803841,0.0849447992251045,0.077014574771215,GPR
0.18,1.0357,23.3333,20,SC,0.144346,0.161913,0.3933488582912199,0.0935262224977547,0.0839075324330423,GPR
0.03,1.2143,23.3333,20,SC,0.450833,0.590503,0.0665301360208154,0.0109701336217035,0.011967370308351,GPR
0.040714,1.2143,23.3333,20,SC,0.402974,0.633606,0.0871591469673739,0.0147691118431046,0.0158255560173288,GPR
0.051429,1.2143,23.3333,20,SC,0.365923,0.55112,0.1081048454087395,0.0188236042560309,0.0198265841754177,GPR
0.062143,1.2143,23.3333,20,SC,0.337176,0.556308,0.1293833589694963,0.023142101375831,0.0239770167693537,GPR
0.072857,1.2143,23.3333,20,SC,0.313689,0.501655,0.151019443555247,0.0277374565718414,0.0282872599342008,GPR
0.083571,1.2143,23.3333,20,SC,0.293766,0.49228,0.1730383892289127,0.0326253053024461,0.0327699652934809,GPR
0.094286,1.2143,23.3333,20,SC,0.276622,0.466041,0.1954697303026674,0.0378247459614652,0.0374406540757777,GPR
0.105,1.2143,23.3333,20,SC,0.26194,0.439522,0.218338456582856,0.0433560907810373,0.0423157014338971,GPR
0.115714,1.2143,23.3333,20,SC,0.249497,0.425245,0.2416771621073271,0.0492434037935011,0.0474146302078575,GPR
0.126429,1.2143,23.3333,20,SC,0.239002,0.409368,0.2655195274429045,0.0555127379871405,0.0527585182943906,GPR
0.137143,1.2143,23.3333,20,SC,0.230136,0.391943,0.2898929889554009,0.0621896940324536,0.0583679749887721,GPR
0.147857,1.2143,23.3333,20,SC,0.222621,0.377372,0.3148316088633973,0.0693023202596536,0.0642656499918911,GPR
0.158571,1.2143,23.3333,20,SC,0.216236,0.365864,0.3403667345946098,0.0768781438068387,0.0704737443187441,GPR
0.169286,1.2143,23.3333,20,SC,0.21081,0.35618,0.3665311724803841,0.0849447992251045,0.077014574771215,GPR
0.18,1.2143,23.3333,20,SC,0.206217,0.347702,0.3933488582912199,0.0935262224977547,0.0839075324330423,GPR
0.03,1.3929,23.3333,20,SC,0.528538,0.623867,0.0665301360208154,0.0109701336217035,0.011967370308351,GPR
0.040714,1.3929,23.3333,20,SC,0.486606,0.742171,0.0871591469673739,0.0147691118431046,0.0158255560173288,GPR
0.051429,1.3929,23.3333,20,SC,0.45051,0.573231,0.1081048454087395,0.0188236042560309,0.0198265841754177,GPR
0.062143,1.3929,23.3333,20,SC,0.418763,0.62207,0.1293833589694963,0.023142101375831,0.0239770167693537,GPR
0.072857,1.3929,23.3333,20,SC,0.391612,0.631022,0.151019443555247,0.0277374565718414,0.0282872599342008,GPR
0.083571,1.3929,23.3333,20,SC,0.369233,0.546681,0.1730383892289127,0.0326253053024461,0.0327699652934809,GPR
0.094286,1.3929,23.3333,20,SC,0.350849,0.528152,0.1954697303026674,0.0378247459614652,0.0374406540757777,GPR
0.105,1.3929,23.3333,20,SC,0.335515,0.547925,0.218338456582856,0.0433560907810373,0.0423157014338971,GPR
0.115714,1.3929,23.3333,20,SC,0.322521,0.543984,0.2416771621073271,0.0492434037935011,0.0474146302078575,GPR
0.126429,1.3929,23.3333,20,SC,0.311386,0.514357,0.2655195274429045,0.0555127379871405,0.0527585182943906,GPR
0.137143,1.3929,23.3333,20,SC,0.301784,0.485966,0.2898929889554009,0.0621896940324536,0.0583679749887721,GPR
0.147857,1.3929,23.3333,20,SC,0.293486,0.468946,0.3148316088633973,0.0693023202596536,0.0642656499918911,GPR
0.158571,1.3929,23.3333,20,SC,0.286326,0.460724,0.3403667345946098,0.0768781438068387,0.0704737443187441,GPR
0.169286,1.3929,23.3333,20,SC,0.280179,0.45653,0.3665311724803841,0.0849447992251045,0.077014574771215,GPR
0.18,1.3929,23.3333,20,SC,0.274944,0.453246,0.3933488582912199,0.0935262224977547,0.0839075324330423,GPR
0.03,1.5714,23.3333,20,SC,0.595386,0.897875,0.0665301360208154,0.0109701336217035,0.011967370308351,GPR
0.040714,1.5714,23.3333,20,SC,0.555397,0.620541,0.0871591469673739,0.0147691118431046,0.0158255560173288,GPR
0.051429,1.5714,23.3333,20,SC,0.522362,0.58368,0.1081048454087395,0.0188236042560309,0.0198265841754177,GPR
0.062143,1.5714,23.3333,20,SC,0.494324,0.739729,0.1293833589694963,0.023142101375831,0.0239770167693537,GPR
0.072857,1.5714,23.3333,20,SC,0.470004,0.720028,0.151019443555247,0.0277374565718414,0.0282872599342008,GPR
0.083571,1.5714,23.3333,20,SC,0.448574,0.589255,0.1730383892289127,0.0326253053024461,0.0327699652934809,GPR
0.094286,1.5714,23.3333,20,SC,0.429523,0.540642,0.1954697303026674,0.0378247459614652,0.0374406540757777,GPR
0.105,1.5714,23.3333,20,SC,0.4126,0.563324,0.218338456582856,0.0433560907810373,0.0423157014338971,GPR
0.115714,1.5714,23.3333,20,SC,0.397706,0.609299,0.2416771621073271,0.0492434037935011,0.0474146302078575,GPR
0.126429,1.5714,23.3333,20,SC,0.384761,0.63286,0.2655195274429045,0.0555127379871405,0.0527585182943906,GPR
0.137143,1.5714,23.3333,20,SC,0.373631,0.621457,0.2898929889554009,0.0621896940324536,0.0583679749887721,GPR
0.147857,1.5714,23.3333,20,SC,0.364129,0.592149,0.3148316088633973,0.0693023202596536,0.0642656499918911,GPR
0.158571,1.5714,23.3333,20,SC,0.356057,0.562033,0.3403667345946098,0.0768781438068387,0.0704737443187441,GPR
0.169286,1.5714,23.3333,20,SC,0.349237,0.538037,0.3665311724803841,0.0849447992251045,0.077014574771215,GPR
0.18,1.5714,23.3333,20,SC,0.343516,0.520881,0.3933488582912199,0.0935262224977547,0.0839075324330423,GPR
0.03,1.75,23.3333,20,SC,0.651202,0.526161,0.0665301360208154,0.0109701336217035,0.011967370308351,GPR
0.040714,1.75,23.3333,20,SC,0.618244,0.683271,0.0871591469673739,0.0147691118431046,0.0158255560173288,GPR
0.051429,1.75,23.3333,20,SC,0.585988,0.902696,0.1081048454087395,0.0188236042560309,0.0198265841754177,GPR
0.062143,1.75,23.3333,20,SC,0.558462,0.728215,0.1293833589694963,0.023142101375831,0.0239770167693537,GPR
0.072857,1.75,23.3333,20,SC,0.535086,0.568994,0.151019443555247,0.0277374565718414,0.0282872599342008,GPR
0.083571,1.75,23.3333,20,SC,0.514999,0.539065,0.1730383892289127,0.0326253053024461,0.0327699652934809,GPR
0.094286,1.75,23.3333,20,SC,0.497564,0.593358,0.1954697303026674,0.0378247459614652,0.0374406540757777,GPR
0.105,1.75,23.3333,20,SC,0.482334,0.682801,0.218338456582856,0.0433560907810373,0.0423157014338971,GPR
0.115714,1.75,23.3333,20,SC,0.468981,0.744781,0.2416771621073271,0.0492434037935011,0.0474146302078575,GPR
0.126429,1.75,23.3333,20,SC,0.457264,0.745622,0.2655195274429045,0.0555127379871405,0.0527585182943906,GPR
0.137143,1.75,23.3333,20,SC,0.446996,0.706037,0.2898929889554009,0.0621896940324536,0.0583679749887721,GPR
0.147857,1.75,23.3333,20,SC,0.438035,0.658199,0.3148316088633973,0.0693023202596536,0.0642656499918911,GPR
0.158571,1.75,23.3333,20,SC,0.430265,0.617952,0.3403667345946098,0.0768781438068387,0.0704737443187441,GPR
0.169286,1.75,23.3333,20,SC,0.42359,0.588654,0.3665311724803841,0.0849447992251045,0.077014574771215,GPR
0.18,1.75,23.3333,20,SC,0.417926,0.569077,0.3933488582912199,0.0935262224977547,0.0839075324330423,GPR
0.03,1.9286,23.3333,20,SC,0.671852,0.916621,0.0665301360208154,0.0109701336217035,0.011967370308351,GPR
0.040714,1.9286,23.3333,20,SC,0.658924,0.604746,0.0871591469673739,0.0147691118431046,0.0158255560173288,GPR
0.051429,1.9286,23.3333,20,SC,0.640414,0.507895,0.1081048454087395,0.0188236042560309,0.0198265841754177,GPR
0.062143,1.9286,23.3333,20,SC,0.618423,0.566947,0.1293833589694963,0.023142101375831,0.0239770167693537,GPR
0.072857,1.9286,23.3333,20,SC,0.59615,0.73192,0.151019443555247,0.0277374565718414,0.0282872599342008,GPR
0.083571,1.9286,23.3333,20,SC,0.5761,0.882337,0.1730383892289127,0.0326253053024461,0.0327699652934809,GPR
0.094286,1.9286,23.3333,20,SC,0.558654,0.870419,0.1954697303026674,0.0378247459614652,0.0374406540757777,GPR
0.105,1.9286,23.3333,20,SC,0.543541,0.757552,0.218338456582856,0.0433560907810373,0.0423157014338971,GPR
0.115714,1.9286,23.3333,20,SC,0.530427,0.652138,0.2416771621073271,0.0492434037935011,0.0474146302078575,GPR
0.126429,1.9286,23.3333,20,SC,0.519031,0.581772,0.2655195274429045,0.0555127379871405,0.0527585182943906,GPR
0.137143,1.9286,23.3333,20,SC,0.50913,0.540137,0.2898929889554009,0.0621896940324536,0.0583679749887721,GPR
0.147857,1.9286,23.3333,20,SC,0.50055,0.517159,0.3148316088633973,0.0693023202596536,0.0642656499918911,GPR
0.158571,1.9286,23.3333,20,SC,0.493151,0.505111,0.3403667345946098,0.0768781438068387,0.0704737443187441,GPR
0.169286,1.9286,23.3333,20,SC,0.486819,0.49878,0.3665311724803841,0.0849447992251045,0.077014574771215,GPR
0.18,1.9286,23.3333,20,SC,0.481463,0.494906,0.3933488582912199,0.0935262224977547,0.0839075324330423,GPR
0.03,2.1071,23.3333,20,SC,0.666941,0.636722,0.0665301360208154,0.0109701336217035,0.011967370308351,GPR
0.040714,2.1071,23.3333,20,SC,0.667117,0.95284,0.0871591469673739,0.0147691118431046,0.0158255560173288,GPR
0.051429,2.1071,23.3333,20,SC,0.661201,0.919713,0.1081048454087395,0.0188236042560309,0.0198265841754177,GPR
0.062143,2.1071,23.3333,20,SC,0.652166,0.68659,0.1293833589694963,0.023142101375831,0.0239770167693537,GPR
0.072857,2.1071,23.3333,20,SC,0.641254,0.546768,0.151019443555247,0.0277374565718414,0.0282872599342008,GPR
0.083571,2.1071,23.3333,20,SC,0.628801,0.49294,0.1730383892289127,0.0326253053024461,0.0327699652934809,GPR
0.094286,2.1071,23.3333,20,SC,0.615743,0.491464,0.1954697303026674,0.0378247459614652,0.0374406540757777,GPR
0.105,2.1071,23.3333,20,SC,0.602765,0.523212,0.218338456582856,0.0433560907810373,0.0423157014338971,GPR
0.115714,2.1071,23.3333,20,SC,0.590552,0.575269,0.2416771621073271,0.0492434037935011,0.0474146302078575,GPR
0.126429,2.1071,23.3333,20,SC,0.579544,0.635596,0.2655195274429045,0.0555127379871405,0.0527585182943906,GPR
0.137143,2.1071,23.3333,20,SC,0.569865,0.692769,0.2898929889554009,0.0621896940324536,0.0583679749887721,GPR
0.147857,2.1071,23.3333,20,SC,0.561483,0.738458,0.3148316088633973,0.0693023202596536,0.0642656499918911,GPR
0.158571,2.1071,23.3333,20,SC,0.554319,0.769174,0.3403667345946098,0.0768781438068387,0.0704737443187441,GPR
0.169286,2.1071,23.3333,20,SC,0.548283,0.785413,0.3665311724803841,0.0849447992251045,0.077014574771215,GPR
0.18,2.1071,23.3333,20,SC,0.543296,0.789316,0.3933488582912199,0.0935262224977547,0.0839075324330423,GPR
0.03,2.2857,23.3333,20,SC,0.648888,0.425285,0.0665301360208154,0.0109701336217035,0.011967370308351,GPR
0.040714,2.2857,23.3333,20,SC,0.657938,0.470571,0.0871591469673739,0.0147691118431046,0.0158255560173288,GPR
0.051429,2.2857,23.3333,20,SC,0.657372,0.616166,0.1081048454087395,0.0188236042560309,0.0198265841754177,GPR
0.062143,2.2857,23.3333,20,SC,0.6576,0.83406,0.1293833589694963,0.023142101375831,0.0239770167693537,GPR
0.072857,2.2857,23.3333,20,SC,0.653388,0.9869,0.151019443555247,0.0277374565718414,0.0282872599342008,GPR
0.083571,2.2857,23.3333,20,SC,0.648683,0.958345,0.1730383892289127,0.0326253053024461,0.0327699652934809,GPR
0.094286,2.2857,23.3333,20,SC,0.643177,0.833868,0.1954697303026674,0.0378247459614652,0.0374406540757777,GPR
0.105,2.2857,23.3333,20,SC,0.636653,0.715409,0.218338456582856,0.0433560907810373,0.0423157014338971,GPR
0.115714,2.2857,23.3333,20,SC,0.630298,0.630095,0.2416771621073271,0.0492434037935011,0.0474146302078575,GPR
0.126429,2.2857,23.3333,20,SC,0.62402,0.57374,0.2655195274429045,0.0555127379871405,0.0527585182943906,GPR
0.137143,2.2857,23.3333,20,SC,0.617918,0.537697,0.2898929889554009,0.0621896940324536,0.0583679749887721,GPR
0.147857,2.2857,23.3333,20,SC,0.612252,0.515135,0.3148316088633973,0.0693023202596536,0.0642656499918911,GPR
0.158571,2.2857,23.3333,20,SC,0.607142,0.501498,0.3403667345946098,0.0768781438068387,0.0704737443187441,GPR
0.169286,2.2857,23.3333,20,SC,0.602633,0.494003,0.3665311724803841,0.0849447992251045,0.077014574771215,GPR
0.18,2.2857,23.3333,20,SC,0.598743,0.491193,0.3933488582912199,0.0935262224977547,0.0839075324330423,GPR
0.03,2.4643,23.3333,20,SC,0.627239,0.568048,0.0665301360208154,0.0109701336217035,0.011967370308351,GPR
0.040714,2.4643,23.3333,20,SC,0.637351,0.452676,0.0871591469673739,0.0147691118431046,0.0158255560173288,GPR
0.051429,2.4643,23.3333,20,SC,0.640924,0.416126,0.1081048454087395,0.0188236042560309,0.0198265841754177,GPR
0.062143,2.4643,23.3333,20,SC,0.647094,0.428936,0.1293833589694963,0.023142101375831,0.0239770167693537,GPR
0.072857,2.4643,23.3333,20,SC,0.648005,0.478508,0.151019443555247,0.0277374565718414,0.0282872599342008,GPR
0.083571,2.4643,23.3333,20,SC,0.64608,0.55754,0.1730383892289127,0.0326253053024461,0.0327699652934809,GPR
0.094286,2.4643,23.3333,20,SC,0.644857,0.656087,0.1954697303026674,0.0378247459614652,0.0374406540757777,GPR
0.105,2.4643,23.3333,20,SC,0.643531,0.758529,0.218338456582856,0.0433560907810373,0.0423157014338971,GPR
0.115714,2.4643,23.3333,20,SC,0.640791,0.847411,0.2416771621073271,0.0492434037935011,0.0474146302078575,GPR
0.126429,2.4643,23.3333,20,SC,0.63731,0.911461,0.2655195274429045,0.0555127379871405,0.0527585182943906,GPR
0.137143,2.4643,23.3333,20,SC,0.633756,0.949678,0.2898929889554009,0.0621896940324536,0.0583679749887721,GPR
0.147857,2.4643,23.3333,20,SC,0.630368,0.968196,0.3148316088633973,0.0693023202596536,0.0642656499918911,GPR
0.158571,2.4643,23.3333,20,SC,0.627173,0.974584,0.3403667345946098,0.0768781438068387,0.0704737443187441,GPR
0.169286,2.4643,23.3333,20,SC,0.624153,0.974176,0.3665311724803841,0.0849447992251045,0.077014574771215,GPR
0.18,2.4643,23.3333,20,SC,0.621304,0.968933,0.3933488582912199,0.0935262224977547,0.0839075324330423,GPR
0.03,2.6429,23.3333,20,SC,0.598601,0.881206,0.0665301360208154,0.0109701336217035,0.011967370308351,GPR
0.040714,2.6429,23.3333,20,SC,0.60772,0.728529,0.0871591469673739,0.0147691118431046,0.0158255560173288,GPR
0.051429,2.6429,23.3333,20,SC,0.620767,0.577938,0.1081048454087395,0.0188236042560309,0.0198265841754177,GPR
0.062143,2.6429,23.3333,20,SC,0.628605,0.485071,0.1293833589694963,0.023142101375831,0.0239770167693537,GPR
0.072857,2.6429,23.3333,20,SC,0.630484,0.435082,0.151019443555247,0.0277374565718414,0.0282872599342008,GPR
0.083571,2.6429,23.3333,20,SC,0.631344,0.411776,0.1730383892289127,0.0326253053024461,0.0327699652934809,GPR
0.094286,2.6429,23.3333,20,SC,0.633111,0.404856,0.1954697303026674,0.0378247459614652,0.0374406540757777,GPR
0.105,2.6429,23.3333,20,SC,0.634981,0.407774,0.218338456582856,0.0433560907810373,0.0423157014338971,GPR
0.115714,2.6429,23.3333,20,SC,0.635375,0.415943,0.2416771621073271,0.0492434037935011,0.0474146302078575,GPR
0.126429,2.6429,23.3333,20,SC,0.634406,0.425889,0.2655195274429045,0.0555127379871405,0.0527585182943906,GPR
0.137143,2.6429,23.3333,20,SC,0.632738,0.43495,0.2898929889554009,0.0621896940324536,0.0583679749887721,GPR
0.147857,2.6429,23.3333,20,SC,0.630793,0.441232,0.3148316088633973,0.0693023202596536,0.0642656499918911,GPR
0.158571,2.6429,23.3333,20,SC,0.628769,0.44363,0.3403667345946098,0.0768781438068387,0.0704737443187441,GPR
0.169286,2.6429,23.3333,20,SC,0.626754,0.441825,0.3665311724803841,0.0849447992251045,0.077014574771215,GPR
0.18,2.6429,23.3333,20,SC,0.624787,0.436209,0.3933488582912199,0.0935262224977547,0.0839075324330423,GPR
0.03,2.8214,23.3333,20,SC,0.567528,0.681536,0.0665301360208154,0.0109701336217035,0.011967370308351,GPR
0.040714,2.8214,23.3333,20,SC,0.586249,0.856839,0.0871591469673739,0.0147691118431046,0.0158255560173288,GPR
0.051429,2.8214,23.3333,20,SC,0.594595,0.8992,0.1081048454087395,0.0188236042560309,0.0198265841754177,GPR
0.062143,2.8214,23.3333,20,SC,0.599603,0.823564,0.1293833589694963,0.023142101375831,0.0239770167693537,GPR
0.072857,2.8214,23.3333,20,SC,0.60497,0.718833,0.151019443555247,0.0277374565718414,0.0282872599342008,GPR
0.083571,2.8214,23.3333,20,SC,0.611657,0.630785,0.1730383892289127,0.0326253053024461,0.0327699652934809,GPR
0.094286,2.8214,23.3333,20,SC,0.617192,0.566964,0.1954697303026674,0.0378247459614652,0.0374406540757777,GPR
0.105,2.8214,23.3333,20,SC,0.619998,0.523153,0.218338456582856,0.0433560907810373,0.0423157014338971,GPR
0.115714,2.8214,23.3333,20,SC,0.620916,0.493956,0.2416771621073271,0.0492434037935011,0.0474146302078575,GPR
0.126429,2.8214,23.3333,20,SC,0.620865,0.47519,0.2655195274429045,0.0555127379871405,0.0527585182943906,GPR
0.137143,2.8214,23.3333,20,SC,0.620333,0.464031,0.2898929889554009,0.0621896940324536,0.0583679749887721,GPR
0.147857,2.8214,23.3333,20,SC,0.619549,0.458751,0.3148316088633973,0.0693023202596536,0.0642656499918911,GPR
0.158571,2.8214,23.3333,20,SC,0.618623,0.458468,0.3403667345946098,0.0768781438068387,0.0704737443187441,GPR
0.169286,2.8214,23.3333,20,SC,0.617613,0.46299,0.3665311724803841,0.0849447992251045,0.077014574771215,GPR
0.18,2.8214,23.3333,20,SC,0.616556,0.472722,0.3933488582912199,0.0935262224977547,0.0839075324330423,GPR
0.03,3.0,23.3333,20,SC,0.537341,0.406106,0.0665301360208154,0.0109701336217035,0.011967370308351,GPR
0.040714,3.0,23.3333,20,SC,0.549333,0.512241,0.0871591469673739,0.0147691118431046,0.0158255560173288,GPR
0.051429,3.0,23.3333,20,SC,0.563558,0.641834,0.1081048454087395,0.0188236042560309,0.0198265841754177,GPR
0.062143,3.0,23.3333,20,SC,0.577434,0.770197,0.1293833589694963,0.023142101375831,0.0239770167693537,GPR
0.072857,3.0,23.3333,20,SC,0.585891,0.866458,0.151019443555247,0.0277374565718414,0.0282872599342008,GPR
0.083571,3.0,23.3333,20,SC,0.590501,0.91495,0.1730383892289127,0.0326253053024461,0.0327699652934809,GPR
0.094286,3.0,23.3333,20,SC,0.59328,0.92314,0.1954697303026674,0.0378247459614652,0.0374406540757777,GPR
0.105,3.0,23.3333,20,SC,0.595181,0.909249,0.218338456582856,0.0433560907810373,0.0423157014338971,GPR
0.115714,3.0,23.3333,20,SC,0.596602,0.889116,0.2416771621073271,0.0492434037935011,0.0474146302078575,GPR
0.126429,3.0,23.3333,20,SC,0.597682,0.872279,0.2655195274429045,0.0555127379871405,0.0527585182943906,GPR
0.137143,3.0,23.3333,20,SC,0.59844,0.863355,0.2898929889554009,0.0621896940324536,0.0583679749887721,GPR
0.147857,3.0,23.3333,20,SC,0.598872,0.864147,0.3148316088633973,0.0693023202596536,0.0642656499918911,GPR
0.158571,3.0,23.3333,20,SC,0.598999,0.874939,0.3403667345946098,0.0768781438068387,0.0704737443187441,GPR
0.169286,3.0,23.3333,20,SC,0.598884,0.894909,0.3665311724803841,0.0849447992251045,0.077014574771215,GPR
0.18,3.0,23.3333,20,SC,0.59863,0.92181,0.3933488582912199,0.0935262224977547,0.0839075324330423,GPR
0.03,0.5,26.6667,20,SC,0.063347,0.058202,0.0665301360208154,0.0109701336217035,0.011967370308351,GPR
0.040714,0.5,26.6667,20,SC,0.04979,0.047382,0.0871591469673739,0.0147691118431046,0.0158255560173288,GPR
0.051429,0.5,26.6667,20,SC,0.041335,0.040315,0.1081048454087395,0.0188236042560309,0.0198265841754177,GPR
0.062143,0.5,26.6667,20,SC,0.035632,0.035333,0.1293833589694963,0.023142101375831,0.0239770167693537,GPR
0.072857,0.5,26.6667,20,SC,0.031543,0.031637,0.151019443555247,0.0277374565718414,0.0282872599342008,GPR
0.083571,0.5,26.6667,20,SC,0.028476,0.028793,0.1730383892289127,0.0326253053024461,0.0327699652934809,GPR
0.094286,0.5,26.6667,20,SC,0.026095,0.026544,0.1954697303026674,0.0378247459614652,0.0374406540757777,GPR
0.105,0.5,26.6667,20,SC,0.024198,0.024727,0.218338456582856,0.0433560907810373,0.0423157014338971,GPR
0.115714,0.5,26.6667,20,SC,0.022658,0.023234,0.2416771621073271,0.0492434037935011,0.0474146302078575,GPR
0.126429,0.5,26.6667,20,SC,0.021387,0.021992,0.2655195274429045,0.0555127379871405,0.0527585182943906,GPR
0.137143,0.5,26.6667,20,SC,0.020325,0.020947,0.2898929889554009,0.0621896940324536,0.0583679749887721,GPR
0.147857,0.5,26.6667,20,SC,0.019431,0.020061,0.3148316088633973,0.0693023202596536,0.0642656499918911,GPR
0.158571,0.5,26.6667,20,SC,0.018672,0.019305,0.3403667345946098,0.0768781438068387,0.0704737443187441,GPR
0.169286,0.5,26.6667,20,SC,0.018024,0.018657,0.3665311724803841,0.0849447992251045,0.077014574771215,GPR
0.18,0.5,26.6667,20,SC,0.01747,0.0181,0.3933488582912199,0.0935262224977547,0.0839075324330423,GPR
0.03,0.6786,26.6667,20,SC,0.110514,0.084943,0.0665301360208154,0.0109701336217035,0.011967370308351,GPR
0.040714,0.6786,26.6667,20,SC,0.087665,0.066866,0.0871591469673739,0.0147691118431046,0.0158255560173288,GPR
0.051429,0.6786,26.6667,20,SC,0.072185,0.056055,0.1081048454087395,0.0188236042560309,0.0198265841754177,GPR
0.062143,0.6786,26.6667,20,SC,0.061211,0.048763,0.1293833589694963,0.023142101375831,0.0239770167693537,GPR
0.072857,0.6786,26.6667,20,SC,0.053163,0.043487,0.151019443555247,0.0277374565718414,0.0282872599342008,GPR
0.083571,0.6786,26.6667,20,SC,0.047105,0.039492,0.1730383892289127,0.0326253053024461,0.0327699652934809,GPR
0.094286,0.6786,26.6667,20,SC,0.042445,0.036365,0.1954697303026674,0.0378247459614652,0.0374406540757777,GPR
0.105,0.6786,26.6667,20,SC,0.038796,0.03386,0.218338456582856,0.0433560907810373,0.0423157014338971,GPR
0.115714,0.6786,26.6667,20,SC,0.035892,0.031814,0.2416771621073271,0.0492434037935011,0.0474146302078575,GPR
0.126429,0.6786,26.6667,20,SC,0.03355,0.03012,0.2655195274429045,0.0555127379871405,0.0527585182943906,GPR
0.137143,0.6786,26.6667,20,SC,0.031638,0.028702,0.2898929889554009,0.0621896940324536,0.0583679749887721,GPR
0.147857,0.6786,26.6667,20,SC,0.030063,0.027505,0.3148316088633973,0.0693023202596536,0.0642656499918911,GPR
0.158571,0.6786,26.6667,20,SC,0.028754,0.026488,0.3403667345946098,0.0768781438068387,0.0704737443187441,GPR
0.169286,0.6786,26.6667,20,SC,0.027662,0.025621,0.3665311724803841,0.0849447992251045,0.077014574771215,GPR
0.18,0.6786,26.6667,20,SC,0.026746,0.024879,0.3933488582912199,0.0935262224977547,0.0839075324330423,GPR
0.03,0.8571,26.6667,20,SC,0.171141,0.169407,0.0665301360208154,0.0109701336217035,0.011967370308351,GPR
0.040714,0.8571,26.6667,20,SC,0.141017,0.109428,0.0871591469673739,0.0147691118431046,0.0158255560173288,GPR
0.051429,0.8571,26.6667,20,SC,0.119448,0.084428,0.1081048454087395,0.0188236042560309,0.0198265841754177,GPR
0.062143,0.8571,26.6667,20,SC,0.103361,0.070427,0.1293833589694963,0.023142101375831,0.0239770167693537,GPR
0.072857,0.8571,26.6667,20,SC,0.091047,0.0613,0.151019443555247,0.0277374565718414,0.0282872599342008,GPR
0.083571,0.8571,26.6667,20,SC,0.081402,0.05482,0.1730383892289127,0.0326253053024461,0.0327699652934809,GPR
0.094286,0.8571,26.6667,20,SC,0.073722,0.049966,0.1954697303026674,0.0378247459614652,0.0374406540757777,GPR
0.105,0.8571,26.6667,20,SC,0.067522,0.046195,0.218338456582856,0.0433560907810373,0.0423157014338971,GPR
0.115714,0.8571,26.6667,20,SC,0.062461,0.043189,0.2416771621073271,0.0492434037935011,0.0474146302078575,GPR
0.126429,0.8571,26.6667,20,SC,0.058295,0.040746,0.2655195274429045,0.0555127379871405,0.0527585182943906,GPR
0.137143,0.8571,26.6667,20,SC,0.054843,0.038732,0.2898929889554009,0.0621896940324536,0.0583679749887721,GPR
0.147857,0.8571,26.6667,20,SC,0.05197,0.037055,0.3148316088633973,0.0693023202596536,0.0642656499918911,GPR
0.158571,0.8571,26.6667,20,SC,0.049573,0.035648,0.3403667345946098,0.0768781438068387,0.0704737443187441,GPR
0.169286,0.8571,26.6667,20,SC,0.047572,0.034463,0.3665311724803841,0.0849447992251045,0.077014574771215,GPR
0.18,0.8571,26.6667,20,SC,0.045905,0.033463,0.3933488582912199,0.0935262224977547,0.0839075324330423,GPR
0.03,1.0357,26.6667,20,SC,0.237768,0.394006,0.0665301360208154,0.0109701336217035,0.011967370308351,GPR
0.040714,1.0357,26.6667,20,SC,0.202234,0.293103,0.0871591469673739,0.0147691118431046,0.0158255560173288,GPR
0.051429,1.0357,26.6667,20,SC,0.176035,0.195558,0.1081048454087395,0.0188236042560309,0.0198265841754177,GPR
0.062143,1.0357,26.6667,20,SC,0.155881,0.134077,0.1293833589694963,0.023142101375831,0.0239770167693537,GPR
0.072857,1.0357,26.6667,20,SC,0.13987,0.103807,0.151019443555247,0.0277374565718414,0.0282872599342008,GPR
0.083571,1.0357,26.6667,20,SC,0.127128,0.086839,0.1730383892289127,0.0326253053024461,0.0327699652934809,GPR
0.094286,1.0357,26.6667,20,SC,0.116789,0.075949,0.1954697303026674,0.0378247459614652,0.0374406540757777,GPR
0.105,1.0357,26.6667,20,SC,0.108252,0.068326,0.218338456582856,0.0433560907810373,0.0423157014338971,GPR
0.115714,1.0357,26.6667,20,SC,0.101161,0.062683,0.2416771621073271,0.0492434037935011,0.0474146302078575,GPR
0.126429,1.0357,26.6667,20,SC,0.095249,0.058343,0.2655195274429045,0.0555127379871405,0.0527585182943906,GPR
0.137143,1.0357,26.6667,20,SC,0.090299,0.054919,0.2898929889554009,0.0621896940324536,0.0583679749887721,GPR
0.147857,1.0357,26.6667,20,SC,0.086137,0.052167,0.3148316088633973,0.0693023202596536,0.0642656499918911,GPR
0.158571,1.0357,26.6667,20,SC,0.082632,0.049929,0.3403667345946098,0.0768781438068387,0.0704737443187441,GPR
0.169286,1.0357,26.6667,20,SC,0.079684,0.048094,0.3665311724803841,0.0849447992251045,0.077014574771215,GPR
0.18,1.0357,26.6667,20,SC,0.077216,0.046588,0.3933488582912199,0.0935262224977547,0.0839075324330423,GPR
0.03,1.2143,26.6667,20,SC,0.305644,0.514807,0.0665301360208154,0.0109701336217035,0.011967370308351,GPR
0.040714,1.2143,26.6667,20,SC,0.26644,0.459783,0.0871591469673739,0.0147691118431046,0.0158255560173288,GPR
0.051429,1.2143,26.6667,20,SC,0.237591,0.40285,0.1081048454087395,0.0188236042560309,0.0198265841754177,GPR
0.062143,1.2143,26.6667,20,SC,0.214285,0.345206,0.1293833589694963,0.023142101375831,0.0239770167693537,GPR
0.072857,1.2143,26.6667,20,SC,0.195083,0.287564,0.151019443555247,0.0277374565718414,0.0282872599342008,GPR
0.083571,1.2143,26.6667,20,SC,0.179674,0.231634,0.1730383892289127,0.0326253053024461,0.0327699652934809,GPR
0.094286,1.2143,26.6667,20,SC,0.167187,0.182542,0.1954697303026674,0.0378247459614652,0.0374406540757777,GPR
0.105,1.2143,26.6667,20,SC,0.156779,0.146317,0.218338456582856,0.0433560907810373,0.0423157014338971,GPR
0.115714,1.2143,26.6667,20,SC,0.147952,0.122502,0.2416771621073271,0.0492434037935011,0.0474146302078575,GPR
0.126429,1.2143,26.6667,20,SC,0.140439,0.106862,0.2655195274429045,0.0555127379871405,0.0527585182943906,GPR
0.137143,1.2143,26.6667,20,SC,0.134067,0.096123,0.2898929889554009,0.0621896940324536,0.0583679749887721,GPR
0.147857,1.2143,26.6667,20,SC,0.128682,0.088417,0.3148316088633973,0.0693023202596536,0.0642656499918911,GPR
0.158571,1.2143,26.6667,20,SC,0.124141,0.082701,0.3403667345946098,0.0768781438068387,0.0704737443187441,GPR
0.169286,1.2143,26.6667,20,SC,0.12032,0.078372,0.3665311724803841,0.0849447992251045,0.077014574771215,GPR
0.18,1.2143,26.6667,20,SC,0.117118,0.075058,0.3933488582912199,0.0935262224977547,0.0839075324330423,GPR
0.03,1.3929,26.6667,20,SC,0.370986,0.643173,0.0665301360208154,0.0109701336217035,0.011967370308351,GPR
0.040714,1.3929,26.6667,20,SC,0.333008,0.560914,0.0871591469673739,0.0147691118431046,0.0158255560173288,GPR
0.051429,1.3929,26.6667,20,SC,0.300702,0.507327,0.1081048454087395,0.0188236042560309,0.0198265841754177,GPR
0.062143,1.3929,26.6667,20,SC,0.274098,0.488384,0.1293833589694963,0.023142101375831,0.0239770167693537,GPR
0.072857,1.3929,26.6667,20,SC,0.253305,0.439871,0.151019443555247,0.0277374565718414,0.0282872599342008,GPR
0.083571,1.3929,26.6667,20,SC,0.236582,0.411624,0.1730383892289127,0.0326253053024461,0.0327699652934809,GPR
0.094286,1.3929,26.6667,20,SC,0.222546,0.376975,0.1954697303026674,0.0378247459614652,0.0374406540757777,GPR
0.105,1.3929,26.6667,20,SC,0.210458,0.348741,0.218338456582856,0.0433560907810373,0.0423157014338971,GPR
0.115714,1.3929,26.6667,20,SC,0.19999,0.320484,0.2416771621073271,0.0492434037935011,0.0474146302078575,GPR
0.126429,1.3929,26.6667,20,SC,0.190996,0.295664,0.2655195274429045,0.0555127379871405,0.0527585182943906,GPR
0.137143,1.3929,26.6667,20,SC,0.183348,0.272869,0.2898929889554009,0.0621896940324536,0.0583679749887721,GPR
0.147857,1.3929,26.6667,20,SC,0.176888,0.252728,0.3148316088633973,0.0693023202596536,0.0642656499918911,GPR
0.158571,1.3929,26.6667,20,SC,0.171444,0.235368,0.3403667345946098,0.0768781438068387,0.0704737443187441,GPR
0.169286,1.3929,26.6667,20,SC,0.166867,0.220781,0.3665311724803841,0.0849447992251045,0.077014574771215,GPR
0.18,1.3929,26.6667,20,SC,0.163033,0.208958,0.3933488582912199,0.0935262224977547,0.0839075324330423,GPR
0.03,1.5714,26.6667,20,SC,0.432315,0.735442,0.0665301360208154,0.0109701336217035,0.011967370308351,GPR
0.040714,1.5714,26.6667,20,SC,0.392179,0.574294,0.0871591469673739,0.0147691118431046,0.0158255560173288,GPR
0.051429,1.5714,26.6667,20,SC,0.361627,0.636157,0.1081048454087395,0.0188236042560309,0.0198265841754177,GPR
0.062143,1.5714,26.6667,20,SC,0.336566,0.529574,0.1293833589694963,0.023142101375831,0.0239770167693537,GPR
0.072857,1.5714,26.6667,20,SC,0.314883,0.562776,0.151019443555247,0.0277374565718414,0.0282872599342008,GPR
0.083571,1.5714,26.6667,20,SC,0.295726,0.505325,0.1730383892289127,0.0326253053024461,0.0327699652934809,GPR
0.094286,1.5714,26.6667,20,SC,0.279119,0.478774,0.1954697303026674,0.0378247459614652,0.0374406540757777,GPR
0.105,1.5714,26.6667,20,SC,0.265174,0.478529,0.218338456582856,0.0433560907810373,0.0423157014338971,GPR
0.115714,1.5714,26.6667,20,SC,0.253599,0.450332,0.2416771621073271,0.0492434037935011,0.0474146302078575,GPR
0.126429,1.5714,26.6667,20,SC,0.243936,0.424237,0.2655195274429045,0.0555127379871405,0.0527585182943906,GPR
0.137143,1.5714,26.6667,20,SC,0.235789,0.412262,0.2898929889554009,0.0621896940324536,0.0583679749887721,GPR
0.147857,1.5714,26.6667,20,SC,0.228869,0.403694,0.3148316088633973,0.0693023202596536,0.0642656499918911,GPR
0.158571,1.5714,26.6667,20,SC,0.222973,0.392792,0.3403667345946098,0.0768781438068387,0.0704737443187441,GPR
0.169286,1.5714,26.6667,20,SC,0.217958,0.380978,0.3665311724803841,0.0849447992251045,0.077014574771215,GPR
0.18,1.5714,26.6667,20,SC,0.213716,0.37047,0.3933488582912199,0.0935262224977547,0.0839075324330423,GPR
0.03,1.75,26.6667,20,SC,0.491809,0.597897,0.0665301360208154,0.0109701336217035,0.011967370308351,GPR
0.040714,1.75,26.6667,20,SC,0.453226,0.670482,0.0871591469673739,0.0147691118431046,0.0158255560173288,GPR
0.051429,1.75,26.6667,20,SC,0.419198,0.702841,0.1081048454087395,0.0188236042560309,0.0198265841754177,GPR
0.062143,1.75,26.6667,20,SC,0.391946,0.54566,0.1293833589694963,0.023142101375831,0.0239770167693537,GPR
0.072857,1.75,26.6667,20,SC,0.370164,0.614857,0.151019443555247,0.0277374565718414,0.0282872599342008,GPR
0.083571,1.75,26.6667,20,SC,0.352125,0.635973,0.1730383892289127,0.0326253053024461,0.0327699652934809,GPR
0.094286,1.75,26.6667,20,SC,0.336757,0.541528,0.1954697303026674,0.0378247459614652,0.0374406540757777,GPR
0.105,1.75,26.6667,20,SC,0.323424,0.506144,0.218338456582856,0.0433560907810373,0.0423157014338971,GPR
0.115714,1.75,26.6667,20,SC,0.311732,0.52594,0.2416771621073271,0.0492434037935011,0.0474146302078575,GPR
0.126429,1.75,26.6667,20,SC,0.301442,0.544066,0.2655195274429045,0.0555127379871405,0.0527585182943906,GPR
0.137143,1.75,26.6667,20,SC,0.292409,0.531853,0.2898929889554009,0.0621896940324536,0.0583679749887721,GPR
0.147857,1.75,26.6667,20,SC,0.284539,0.503877,0.3148316088633973,0.0693023202596536,0.0642656499918911,GPR
0.158571,1.75,26.6667,20,SC,0.277753,0.478261,0.3403667345946098,0.0768781438068387,0.0704737443187441,GPR
0.169286,1.75,26.6667,20,SC,0.271977,0.460367,0.3665311724803841,0.0849447992251045,0.077014574771215,GPR
0.18,1.75,26.6667,20,SC,0.267132,0.448892,0.3933488582912199,0.0935262224977547,0.0839075324330423,GPR
0.03,1.9286,26.6667,20,SC,0.537174,0.717281,0.0665301360208154,0.0109701336217035,0.011967370308351,GPR
0.040714,1.9286,26.6667,20,SC,0.505663,0.81388,0.0871591469673739,0.0147691118431046,0.0158255560173288,GPR
0.051429,1.9286,26.6667,20,SC,0.47715,0.554212,0.1081048454087395,0.0188236042560309,0.0198265841754177,GPR
0.062143,1.9286,26.6667,20,SC,0.45085,0.600964,0.1293833589694963,0.023142101375831,0.0239770167693537,GPR
0.072857,1.9286,26.6667,20,SC,0.427019,0.761466,0.151019443555247,0.0277374565718414,0.0282872599342008,GPR
0.083571,1.9286,26.6667,20,SC,0.406508,0.685893,0.1730383892289127,0.0326253053024461,0.0327699652934809,GPR
0.094286,1.9286,26.6667,20,SC,0.389416,0.557869,0.1954697303026674,0.0378247459614652,0.0374406540757777,GPR
0.105,1.9286,26.6667,20,SC,0.375172,0.519791,0.218338456582856,0.0433560907810373,0.0423157014338971,GPR
0.115714,1.9286,26.6667,20,SC,0.363163,0.546605,0.2416771621073271,0.0492434037935011,0.0474146302078575,GPR
0.126429,1.9286,26.6667,20,SC,0.352933,0.595304,0.2655195274429045,0.0555127379871405,0.0527585182943906,GPR
0.137143,1.9286,26.6667,20,SC,0.344163,0.626309,0.2898929889554009,0.0621896940324536,0.0583679749887721,GPR
0.147857,1.9286,26.6667,20,SC,0.336627,0.62596,0.3148316088633973,0.0693023202596536,0.0642656499918911,GPR
0.158571,1.9286,26.6667,20,SC,0.330161,0.606252,0.3403667345946098,0.0768781438068387,0.0704737443187441,GPR
0.169286,1.9286,26.6667,20,SC,0.324643,0.582429,0.3665311724803841,0.0849447992251045,0.077014574771215,GPR
0.18,1.9286,26.6667,20,SC,0.319974,0.562425,0.3933488582912199,0.0935262224977547,0.0839075324330423,GPR
0.03,2.1071,26.6667,20,SC,0.574419,0.588369,0.0665301360208154,0.0109701336217035,0.011967370308351,GPR
0.040714,2.1071,26.6667,20,SC,0.546513,0.533607,0.0871591469673739,0.0147691118431046,0.0158255560173288,GPR
0.051429,2.1071,26.6667,20,SC,0.521952,0.782648,0.1081048454087395,0.0188236042560309,0.0198265841754177,GPR
0.062143,2.1071,26.6667,20,SC,0.500092,0.862535,0.1293833589694963,0.023142101375831,0.0239770167693537,GPR
0.072857,2.1071,26.6667,20,SC,0.480429,0.637014,0.151019443555247,0.0277374565718414,0.0282872599342008,GPR
0.083571,2.1071,26.6667,20,SC,0.462592,0.527066,0.1730383892289127,0.0326253053024461,0.0327699652934809,GPR
0.094286,2.1071,26.6667,20,SC,0.44637,0.533492,0.1954697303026674,0.0378247459614652,0.0374406540757777,GPR
0.105,2.1071,26.6667,20,SC,0.431719,0.609435,0.218338456582856,0.0433560907810373,0.0423157014338971,GPR
0.115714,2.1071,26.6667,20,SC,0.418689,0.70127,0.2416771621073271,0.0492434037935011,0.0474146302078575,GPR
0.126429,2.1071,26.6667,20,SC,0.407308,0.748517,0.2655195274429045,0.0555127379871405,0.0527585182943906,GPR
0.137143,2.1071,26.6667,20,SC,0.397513,0.736189,0.2898929889554009,0.0621896940324536,0.0583679749887721,GPR
0.147857,2.1071,26.6667,20,SC,0.389174,0.694432,0.3148316088633973,0.0693023202596536,0.0642656499918911,GPR
0.158571,2.1071,26.6667,20,SC,0.382134,0.651201,0.3403667345946098,0.0768781438068387,0.0704737443187441,GPR
0.169286,2.1071,26.6667,20,SC,0.376245,0.61755,0.3665311724803841,0.0849447992251045,0.077014574771215,GPR
0.18,2.1071,26.6667,20,SC,0.371385,0.595097,0.3933488582912199,0.0935262224977547,0.0839075324330423,GPR
0.03,2.2857,26.6667,20,SC,0.606858,0.958533,0.0665301360208154,0.0109701336217035,0.011967370308351,GPR
0.040714,2.2857,26.6667,20,SC,0.581455,0.782123,0.0871591469673739,0.0147691118431046,0.0158255560173288,GPR
0.051429,2.2857,26.6667,20,SC,0.559095,0.534474,0.1081048454087395,0.0188236042560309,0.0198265841754177,GPR
0.062143,2.2857,26.6667,20,SC,0.539404,0.503372,0.1293833589694963,0.023142101375831,0.0239770167693537,GPR
0.072857,2.2857,26.6667,20,SC,0.52197,0.614484,0.151019443555247,0.0277374565718414,0.0282872599342008,GPR
0.083571,2.2857,26.6667,20,SC,0.506474,0.802681,0.1730383892289127,0.0326253053024461,0.0327699652934809,GPR
0.094286,2.2857,26.6667,20,SC,0.492671,0.891169,0.1954697303026674,0.0378247459614652,0.0374406540757777,GPR
0.105,2.2857,26.6667,20,SC,0.48037,0.808762,0.218338456582856,0.0433560907810373,0.0423157014338971,GPR
0.115714,2.2857,26.6667,20,SC,0.469425,0.686662,0.2416771621073271,0.0492434037935011,0.0474146302078575,GPR
0.126429,2.2857,26.6667,20,SC,0.459726,0.59718,0.2655195274429045,0.0555127379871405,0.0527585182943906,GPR
0.137143,2.2857,26.6667,20,SC,0.451185,0.543064,0.2898929889554009,0.0621896940324536,0.0583679749887721,GPR
0.147857,2.2857,26.6667,20,SC,0.443733,0.512892,0.3148316088633973,0.0693023202596536,0.0642656499918911,GPR
0.158571,2.2857,26.6667,20,SC,0.437311,0.496892,0.3403667345946098,0.0768781438068387,0.0704737443187441,GPR
0.169286,2.2857,26.6667,20,SC,0.431864,0.488493,0.3665311724803841,0.0849447992251045,0.077014574771215,GPR
0.18,2.2857,26.6667,20,SC,0.427337,0.483694,0.3933488582912199,0.0935262224977547,0.0839075324330423,GPR
0.03,2.4643,26.6667,20,SC,0.630724,0.47722,0.0665301360208154,0.0109701336217035,0.011967370308351,GPR
0.040714,2.4643,26.6667,20,SC,0.612273,0.724259,0.0871591469673739,0.0147691118431046,0.0158255560173288,GPR
0.051429,2.4643,26.6667,20,SC,0.5921,0.990775,0.1081048454087395,0.0188236042560309,0.0198265841754177,GPR
0.062143,2.4643,26.6667,20,SC,0.57387,0.827102,0.1293833589694963,0.023142101375831,0.0239770167693537,GPR
0.072857,2.4643,26.6667,20,SC,0.557751,0.609843,0.151019443555247,0.0277374565718414,0.0282872599342008,GPR
0.083571,2.4643,26.6667,20,SC,0.543504,0.506057,0.1730383892289127,0.0326253053024461,0.0327699652934809,GPR
0.094286,2.4643,26.6667,20,SC,0.530897,0.477956,0.1954697303026674,0.0378247459614652,0.0374406540757777,GPR
0.105,2.4643,26.6667,20,SC,0.51974,0.495258,0.218338456582856,0.0433560907810373,0.0423157014338971,GPR
0.115714,2.4643,26.6667,20,SC,0.509883,0.540773,0.2416771621073271,0.0492434037935011,0.0474146302078575,GPR
0.126429,2.4643,26.6667,20,SC,0.501204,0.600652,0.2655195274429045,0.0555127379871405,0.0527585182943906,GPR
0.137143,2.4643,26.6667,20,SC,0.493602,0.661375,0.2898929889554009,0.0621896940324536,0.0583679749887721,GPR
0.147857,2.4643,26.6667,20,SC,0.486991,0.711916,0.3148316088633973,0.0693023202596536,0.0642656499918911,GPR
0.158571,2.4643,26.6667,20,SC,0.481299,0.746573,0.3403667345946098,0.0768781438068387,0.0704737443187441,GPR
0.169286,2.4643,26.6667,20,SC,0.476462,0.764811,0.3665311724803841,0.0849447992251045,0.077014574771215,GPR
0.18,2.4643,26.6667,20,SC,0.472424,0.768584,0.3933488582912199,0.0935262224977547,0.0839075324330423,GPR
0.03,2.6429,26.6667,20,SC,0.634441,0.488501,0.0665301360208154,0.0109701336217035,0.011967370308351,GPR
0.040714,2.6429,26.6667,20,SC,0.629705,0.430368,0.0871591469673739,0.0147691118431046,0.0158255560173288,GPR
0.051429,2.6429,26.6667,20,SC,0.619145,0.493131,0.1081048454087395,0.0188236042560309,0.0198265841754177,GPR
0.062143,2.6429,26.6667,20,SC,0.604978,0.66339,0.1293833589694963,0.023142101375831,0.0239770167693537,GPR
0.072857,2.6429,26.6667,20,SC,0.590468,0.887673,0.151019443555247,0.0277374565718414,0.0282872599342008,GPR
0.083571,2.6429,26.6667,20,SC,0.577235,0.990357,0.1730383892289127,0.0326253053024461,0.0327699652934809,GPR
0.094286,2.6429,26.6667,20,SC,0.565473,0.909114,0.1954697303026674,0.0378247459614652,0.0374406540757777,GPR
0.105,2.6429,26.6667,20,SC,0.55509,0.774181,0.218338456582856,0.0433560907810373,0.0423157014338971,GPR
0.115714,2.6429,26.6667,20,SC,0.54596,0.66577,0.2416771621073271,0.0492434037935011,0.0474146302078575,GPR
0.126429,2.6429,26.6667,20,SC,0.537964,0.593232,0.2655195274429045,0.0555127379871405,0.0527585182943906,GPR
0.137143,2.6429,26.6667,20,SC,0.531002,0.547485,0.2898929889554009,0.0621896940324536,0.0583679749887721,GPR
0.147857,2.6429,26.6667,20,SC,0.524992,0.5195,0.3148316088633973,0.0693023202596536,0.0642656499918911,GPR
0.158571,2.6429,26.6667,20,SC,0.519862,0.50309,0.3403667345946098,0.0768781438068387,0.0704737443187441,GPR
0.169286,2.6429,26.6667,20,SC,0.515555,0.494525,0.3665311724803841,0.0849447992251045,0.077014574771215,GPR
0.18,2.6429,26.6667,20,SC,0.51202,0.491913,0.3933488582912199,0.0935262224977547,0.0839075324330423,GPR
0.03,2.8214,26.6667,20,SC,0.62324,0.840619,0.0665301360208154,0.0109701336217035,0.011967370308351,GPR
0.040714,2.8214,26.6667,20,SC,0.628581,0.589626,0.0871591469673739,0.0147691118431046,0.0158255560173288,GPR
0.051429,2.8214,26.6667,20,SC,0.627416,0.460954,0.1081048454087395,0.0188236042560309,0.0198265841754177,GPR
0.062143,2.8214,26.6667,20,SC,0.622545,0.421403,0.1293833589694963,0.023142101375831,0.0239770167693537,GPR
0.072857,2.8214,26.6667,20,SC,0.615519,0.435546,0.151019443555247,0.0277374565718414,0.0282872599342008,GPR
0.083571,2.8214,26.6667,20,SC,0.60682,0.488445,0.1730383892289127,0.0326253053024461,0.0327699652934809,GPR
0.094286,2.8214,26.6667,20,SC,0.597465,0.570868,0.1954697303026674,0.0378247459614652,0.0374406540757777,GPR
0.105,2.8214,26.6667,20,SC,0.588411,0.670274,0.218338456582856,0.0433560907810373,0.0423157014338971,GPR
0.115714,2.8214,26.6667,20,SC,0.58019,0.768836,0.2416771621073271,0.0492434037935011,0.0474146302078575,GPR
0.126429,2.8214,26.6667,20,SC,0.572934,0.849436,0.2655195274429045,0.0555127379871405,0.0527585182943906,GPR
0.137143,2.8214,26.6667,20,SC,0.566643,0.903781,0.2898929889554009,0.0621896940324536,0.0583679749887721,GPR
0.147857,2.8214,26.6667,20,SC,0.561275,0.933803,0.3148316088633973,0.0693023202596536,0.0642656499918911,GPR
0.158571,2.8214,26.6667,20,SC,0.556783,0.946327,0.3403667345946098,0.0768781438068387,0.0704737443187441,GPR
0.169286,2.8214,26.6667,20,SC,0.553126,0.947376,0.3665311724803841,0.0849447992251045,0.077014574771215,GPR
0.18,2.8214,26.6667,20,SC,0.550267,0.939484,0.3933488582912199,0.0935262224977547,0.0839075324330423,GPR
0.03,3.0,26.6667,20,SC,0.605023,0.790092,0.0665301360208154,0.0109701336217035,0.011967370308351,GPR
0.040714,3.0,26.6667,20,SC,0.615321,0.944312,0.0871591469673739,0.0147691118431046,0.0158255560173288,GPR
0.051429,3.0,26.6667,20,SC,0.619301,0.804995,0.1081048454087395,0.0188236042560309,0.0198265841754177,GPR
0.062143,3.0,26.6667,20,SC,0.622095,0.626719,0.1293833589694963,0.023142101375831,0.0239770167693537,GPR
0.072857,3.0,26.6667,20,SC,0.620492,0.513429,0.151019443555247,0.0277374565718414,0.0282872599342008,GPR
0.083571,3.0,26.6667,20,SC,0.618691,0.452092,0.1730383892289127,0.0326253053024461,0.0327699652934809,GPR
0.094286,3.0,26.6667,20,SC,0.614893,0.422325,0.1954697303026674,0.0378247459614652,0.0374406540757777,GPR
0.105,3.0,26.6667,20,SC,0.610701,0.41116,0.218338456582856,0.0433560907810373,0.0423157014338971,GPR
0.115714,3.0,26.6667,20,SC,0.606323,0.410601,0.2416771621073271,0.0492434037935011,0.0474146302078575,GPR
0.126429,3.0,26.6667,20,SC,0.601874,0.415291,0.2655195274429045,0.0555127379871405,0.0527585182943906,GPR
0.137143,3.0,26.6667,20,SC,0.597709,0.421415,0.2898929889554009,0.0621896940324536,0.0583679749887721,GPR
0.147857,3.0,26.6667,20,SC,0.593982,0.426308,0.3148316088633973,0.0693023202596536,0.0642656499918911,GPR
0.158571,3.0,26.6667,20,SC,0.590783,0.428358,0.3403667345946098,0.0768781438068387,0.0704737443187441,GPR
0.169286,3.0,26.6667,20,SC,0.588171,0.426963,0.3665311724803841,0.0849447992251045,0.077014574771215,GPR
0.18,3.0,26.6667,20,SC,0.586163,0.422444,0.3933488582912199,0.0935262224977547,0.0839075324330423,GPR
0.03,0.5,30.0,20,SC,0.040475,0.03972,0.0665301360208154,0.0109701336217035,0.011967370308351,GPR
0.040714,0.5,30.0,20,SC,0.032398,0.032586,0.0871591469673739,0.0147691118431046,0.0158255560173288,GPR
0.051429,0.5,30.0,20,SC,0.027297,0.027832,0.1081048454087395,0.0188236042560309,0.0198265841754177,GPR
0.062143,0.5,30.0,20,SC,0.023774,0.024445,0.1293833589694963,0.023142101375831,0.0239770167693537,GPR
0.072857,0.5,30.0,20,SC,0.021193,0.021916,0.151019443555247,0.0277374565718414,0.0282872599342008,GPR
0.083571,0.5,30.0,20,SC,0.019225,0.019962,0.1730383892289127,0.0326253053024461,0.0327699652934809,GPR
0.094286,0.5,30.0,20,SC,0.017679,0.018412,0.1954697303026674,0.0378247459614652,0.0374406540757777,GPR
0.105,0.5,30.0,20,SC,0.016435,0.017156,0.218338456582856,0.0433560907810373,0.0423157014338971,GPR
0.115714,0.5,30.0,20,SC,0.015417,0.016123,0.2416771621073271,0.0492434037935011,0.0474146302078575,GPR
0.126429,0.5,30.0,20,SC,0.014573,0.015262,0.2655195274429045,0.0555127379871405,0.0527585182943906,GPR
0.137143,0.5,30.0,20,SC,0.013864,0.014537,0.2898929889554009,0.0621896940324536,0.0583679749887721,GPR
0.147857,0.5,30.0,20,SC,0.013264,0.013921,0.3148316088633973,0.0693023202596536,0.0642656499918911,GPR
0.158571,0.5,30.0,20,SC,0.012753,0.013394,0.3403667345946098,0.0768781438068387,0.0704737443187441,GPR
0.169286,0.5,30.0,20,SC,0.012315,0.012943,0.3665311724803841,0.0849447992251045,0.077014574771215,GPR
0.18,0.5,30.0,20,SC,0.011938,0.012554,0.3933488582912199,0.0935262224977547,0.0839075324330423,GPR
0.03,0.6786,30.0,20,SC,0.065946,0.051637,0.0665301360208154,0.0109701336217035,0.011967370308351,GPR
0.040714,0.6786,30.0,20,SC,0.050865,0.042437,0.0871591469673739,0.0147691118431046,0.0158255560173288,GPR
0.051429,0.6786,30.0,20,SC,0.0414,0.036363,0.1081048454087395,0.0188236042560309,0.0198265841754177,GPR
0.062143,0.6786,30.0,20,SC,0.035143,0.032042,0.1293833589694963,0.023142101375831,0.0239770167693537,GPR
0.072857,0.6786,30.0,20,SC,0.030794,0.028814,0.151019443555247,0.0277374565718414,0.0282872599342008,GPR
0.083571,0.6786,30.0,20,SC,0.027623,0.026315,0.1730383892289127,0.0326253053024461,0.0327699652934809,GPR
0.094286,0.6786,30.0,20,SC,0.025214,0.024329,0.1954697303026674,0.0378247459614652,0.0374406540757777,GPR
0.105,0.6786,30.0,20,SC,0.023326,0.022719,0.218338456582856,0.0433560907810373,0.0423157014338971,GPR
0.115714,0.6786,30.0,20,SC,0.02181,0.021393,0.2416771621073271,0.0492434037935011,0.0474146302078575,GPR
0.126429,0.6786,30.0,20,SC,0.02057,0.020286,0.2655195274429045,0.0555127379871405,0.0527585182943906,GPR
0.137143,0.6786,30.0,20,SC,0.019541,0.019354,0.2898929889554009,0.0621896940324536,0.0583679749887721,GPR
0.147857,0.6786,30.0,20,SC,0.01868,0.018562,0.3148316088633973,0.0693023202596536,0.0642656499918911,GPR
0.158571,0.6786,30.0,20,SC,0.017952,0.017887,0.3403667345946098,0.0768781438068387,0.0704737443187441,GPR
0.169286,0.6786,30.0,20,SC,0.017334,0.017307,0.3665311724803841,0.0849447992251045,0.077014574771215,GPR
0.18,0.6786,30.0,20,SC,0.016808,0.01681,0.3933488582912199,0.0935262224977547,0.0839075324330423,GPR
0.03,0.8571,30.0,20,SC,0.106076,0.069108,0.0665301360208154,0.0109701336217035,0.011967370308351,GPR
0.040714,0.8571,30.0,20,SC,0.083946,0.055377,0.0871591469673739,0.0147691118431046,0.0158255560173288,GPR
0.051429,0.8571,30.0,20,SC,0.06874,0.046923,0.1081048454087395,0.0188236042560309,0.0198265841754177,GPR
0.062143,0.8571,30.0,20,SC,0.057866,0.041119,0.1293833589694963,0.023142101375831,0.0239770167693537,GPR
0.072857,0.8571,30.0,20,SC,0.049857,0.036869,0.151019443555247,0.0277374565718414,0.0282872599342008,GPR
0.083571,0.8571,30.0,20,SC,0.043822,0.033622,0.1730383892289127,0.0326253053024461,0.0327699652934809,GPR
0.094286,0.8571,30.0,20,SC,0.03919,0.031064,0.1954697303026674,0.0378247459614652,0.0374406540757777,GPR
0.105,0.8571,30.0,20,SC,0.035581,0.029003,0.218338456582856,0.0433560907810373,0.0423157014338971,GPR
0.115714,0.8571,30.0,20,SC,0.032731,0.027314,0.2416771621073271,0.0492434037935011,0.0474146302078575,GPR
0.126429,0.8571,30.0,20,SC,0.030453,0.02591,0.2655195274429045,0.0555127379871405,0.0527585182943906,GPR
0.137143,0.8571,30.0,20,SC,0.028613,0.024733,0.2898929889554009,0.0621896940324536,0.0583679749887721,GPR
0.147857,0.8571,30.0,20,SC,0.027114,0.023737,0.3148316088633973,0.0693023202596536,0.0642656499918911,GPR
0.158571,0.8571,30.0,20,SC,0.025881,0.022889,0.3403667345946098,0.0768781438068387,0.0704737443187441,GPR
0.169286,0.8571,30.0,20,SC,0.024863,0.022166,0.3665311724803841,0.0849447992251045,0.077014574771215,GPR
0.18,0.8571,30.0,20,SC,0.024019,0.021548,0.3933488582912199,0.0935262224977547,0.0839075324330423,GPR
0.03,1.0357,30.0,20,SC,0.153923,0.108216,0.0665301360208154,0.0109701336217035,0.011967370308351,GPR
0.040714,1.0357,30.0,20,SC,0.12661,0.077971,0.0871591469673739,0.0147691118431046,0.0158255560173288,GPR
0.051429,1.0357,30.0,20,SC,0.106762,0.063194,0.1081048454087395,0.0188236042560309,0.0198265841754177,GPR
0.062143,1.0357,30.0,20,SC,0.091969,0.054111,0.1293833589694963,0.023142101375831,0.0239770167693537,GPR
0.072857,1.0357,30.0,20,SC,0.080598,0.047865,0.151019443555247,0.0277374565718414,0.0282872599342008,GPR
0.083571,1.0357,30.0,20,SC,0.071707,0.043278,0.1730383892289127,0.0326253053024461,0.0327699652934809,GPR
0.094286,1.0357,30.0,20,SC,0.064629,0.039762,0.1954697303026674,0.0378247459614652,0.0374406540757777,GPR
0.105,1.0357,30.0,20,SC,0.058928,0.036983,0.218338456582856,0.0433560907810373,0.0423157014338971,GPR
0.115714,1.0357,30.0,20,SC,0.054289,0.03474,0.2416771621073271,0.0492434037935011,0.0474146302078575,GPR
0.126429,1.0357,30.0,20,SC,0.050483,0.032899,0.2655195274429045,0.0555127379871405,0.0527585182943906,GPR
0.137143,1.0357,30.0,20,SC,0.047344,0.03137,0.2898929889554009,0.0621896940324536,0.0583679749887721,GPR
0.147857,1.0357,30.0,20,SC,0.044744,0.030088,0.3148316088633973,0.0693023202596536,0.0642656499918911,GPR
0.158571,1.0357,30.0,20,SC,0.042586,0.029008,0.3403667345946098,0.0768781438068387,0.0704737443187441,GPR
0.169286,1.0357,30.0,20,SC,0.040797,0.028094,0.3665311724803841,0.0849447992251045,0.077014574771215,GPR
0.18,1.0357,30.0,20,SC,0.039318,0.027319,0.3933488582912199,0.0935262224977547,0.0839075324330423,GPR
0.03,1.2143,30.0,20,SC,0.205088,0.280635,0.0665301360208154,0.0109701336217035,0.011967370308351,GPR
0.040714,1.2143,30.0,20,SC,0.174404,0.150503,0.0871591469673739,0.0147691118431046,0.0158255560173288,GPR
0.051429,1.2143,30.0,20,SC,0.15075,0.100123,0.1081048454087395,0.0188236042560309,0.0198265841754177,GPR
0.062143,1.2143,30.0,20,SC,0.13286,0.078694,0.1293833589694963,0.023142101375831,0.0239770167693537,GPR
0.072857,1.2143,30.0,20,SC,0.118748,0.066556,0.151019443555247,0.0277374565718414,0.0282872599342008,GPR
0.083571,1.2143,30.0,20,SC,0.107336,0.058588,0.1730383892289127,0.0326253053024461,0.0327699652934809,GPR
0.094286,1.2143,30.0,20,SC,0.098154,0.052904,0.1954697303026674,0.0378247459614652,0.0374406540757777,GPR
0.105,1.2143,30.0,20,SC,0.090643,0.048632,0.218338456582856,0.0433560907810373,0.0423157014338971,GPR
0.115714,1.2143,30.0,20,SC,0.084399,0.045306,0.2416771621073271,0.0492434037935011,0.0474146302078575,GPR
0.126429,1.2143,30.0,20,SC,0.07919,0.042653,0.2655195274429045,0.0555127379871405,0.0527585182943906,GPR
0.137143,1.2143,30.0,20,SC,0.074845,0.0405,0.2898929889554009,0.0621896940324536,0.0583679749887721,GPR
0.147857,1.2143,30.0,20,SC,0.071214,0.03873,0.3148316088633973,0.0693023202596536,0.0642656499918911,GPR
0.158571,1.2143,30.0,20,SC,0.068177,0.037263,0.3403667345946098,0.0768781438068387,0.0704737443187441,GPR
0.169286,1.2143,30.0,20,SC,0.065637,0.036044,0.3665311724803841,0.0849447992251045,0.077014574771215,GPR
0.18,1.2143,30.0,20,SC,0.063525,0.035028,0.3933488582912199,0.0935262224977547,0.0839075324330423,GPR
0.03,1.3929,30.0,20,SC,0.258075,0.450783,0.0665301360208154,0.0109701336217035,0.011967370308351,GPR
0.040714,1.3929,30.0,20,SC,0.224311,0.364224,0.0871591469673739,0.0147691118431046,0.0158255560173288,GPR
0.051429,1.3929,30.0,20,SC,0.197752,0.266796,0.1081048454087395,0.0188236042560309,0.0198265841754177,GPR
0.062143,1.3929,30.0,20,SC,0.177828,0.173507,0.1293833589694963,0.023142101375831,0.0239770167693537,GPR
0.072857,1.3929,30.0,20,SC,0.16153,0.120015,0.151019443555247,0.0277374565718414,0.0282872599342008,GPR
0.083571,1.3929,30.0,20,SC,0.147876,0.094476,0.1730383892289127,0.0326253053024461,0.0327699652934809,GPR
0.094286,1.3929,30.0,20,SC,0.136786,0.080069,0.1954697303026674,0.0378247459614652,0.0374406540757777,GPR
0.105,1.3929,30.0,20,SC,0.127765,0.070762,0.218338456582856,0.0433560907810373,0.0423157014338971,GPR
0.115714,1.3929,30.0,20,SC,0.120238,0.064224,0.2416771621073271,0.0492434037935011,0.0474146302078575,GPR
0.126429,1.3929,30.0,20,SC,0.113848,0.059379,0.2655195274429045,0.0555127379871405,0.0527585182943906,GPR
0.137143,1.3929,30.0,20,SC,0.108405,0.055661,0.2898929889554009,0.0621896940324536,0.0583679749887721,GPR
0.147857,1.3929,30.0,20,SC,0.103793,0.052739,0.3148316088633973,0.0693023202596536,0.0642656499918911,GPR
0.158571,1.3929,30.0,20,SC,0.09991,0.050409,0.3403667345946098,0.0768781438068387,0.0704737443187441,GPR
0.169286,1.3929,30.0,20,SC,0.09666,0.048536,0.3665311724803841,0.0849447992251045,0.077014574771215,GPR
0.18,1.3929,30.0,20,SC,0.093958,0.047026,0.3933488582912199,0.0935262224977547,0.0839075324330423,GPR
0.03,1.5714,30.0,20,SC,0.30827,0.553628,0.0665301360208154,0.0109701336217035,0.011967370308351,GPR
0.040714,1.5714,30.0,20,SC,0.273462,0.487214,0.0871591469673739,0.0147691118431046,0.0158255560173288,GPR
0.051429,1.5714,30.0,20,SC,0.247325,0.430489,0.1081048454087395,0.0188236042560309,0.0198265841754177,GPR
0.062143,1.5714,30.0,20,SC,0.225134,0.375478,0.1293833589694963,0.023142101375831,0.0239770167693537,GPR
0.072857,1.5714,30.0,20,SC,0.206167,0.318005,0.151019443555247,0.0277374565718414,0.0282872599342008,GPR
0.083571,1.5714,30.0,20,SC,0.191001,0.25874,0.1730383892289127,0.0326253053024461,0.0327699652934809,GPR
0.094286,1.5714,30.0,20,SC,0.178868,0.201753,0.1954697303026674,0.0378247459614652,0.0374406540757777,GPR
0.105,1.5714,30.0,20,SC,0.168776,0.155839,0.218338456582856,0.0433560907810373,0.0423157014338971,GPR
0.115714,1.5714,30.0,20,SC,0.160129,0.125727,0.2416771621073271,0.0492434037935011,0.0474146302078575,GPR
0.126429,1.5714,30.0,20,SC,0.152637,0.107059,0.2655195274429045,0.0555127379871405,0.0527585182943906,GPR
0.137143,1.5714,30.0,20,SC,0.146175,0.094939,0.2898929889554009,0.0621896940324536,0.0583679749887721,GPR
0.147857,1.5714,30.0,20,SC,0.140664,0.08661,0.3148316088633973,0.0693023202596536,0.0642656499918911,GPR
0.158571,1.5714,30.0,20,SC,0.136013,0.080636,0.3403667345946098,0.0768781438068387,0.0704737443187441,GPR
0.169286,1.5714,30.0,20,SC,0.13212,0.076239,0.3665311724803841,0.0849447992251045,0.077014574771215,GPR
0.18,1.5714,30.0,20,SC,0.128887,0.072966,0.3933488582912199,0.0935262224977547,0.0839075324330423,GPR
0.03,1.75,30.0,20,SC,0.359007,0.57603,0.0665301360208154,0.0109701336217035,0.011967370308351,GPR
0.040714,1.75,30.0,20,SC,0.323799,0.551439,0.0871591469673739,0.0147691118431046,0.0158255560173288,GPR
0.051429,1.75,30.0,20,SC,0.293618,0.558401,0.1081048454087395,0.0188236042560309,0.0198265841754177,GPR
0.062143,1.75,30.0,20,SC,0.270663,0.476091,0.1293833589694963,0.023142101375831,0.0239770167693537,GPR
0.072857,1.75,30.0,20,SC,0.252547,0.460141,0.151019443555247,0.0277374565718414,0.0282872599342008,GPR
0.083571,1.75,30.0,20,SC,0.237283,0.414424,0.1730383892289127,0.0326253053024461,0.0327699652934809,GPR
0.094286,1.75,30.0,20,SC,0.22389,0.384337,0.1954697303026674,0.0378247459614652,0.0374406540757777,GPR
0.105,1.75,30.0,20,SC,0.21204,0.349641,0.218338456582856,0.0433560907810373,0.0423157014338971,GPR
0.115714,1.75,30.0,20,SC,0.201776,0.320734,0.2416771621073271,0.0492434037935011,0.0474146302078575,GPR
0.126429,1.75,30.0,20,SC,0.193113,0.291729,0.2655195274429045,0.0555127379871405,0.0527585182943906,GPR
0.137143,1.75,30.0,20,SC,0.185885,0.266503,0.2898929889554009,0.0621896940324536,0.0583679749887721,GPR
0.147857,1.75,30.0,20,SC,0.179854,0.243744,0.3148316088633973,0.0693023202596536,0.0642656499918911,GPR
0.158571,1.75,30.0,20,SC,0.174804,0.224186,0.3403667345946098,0.0768781438068387,0.0704737443187441,GPR
0.169286,1.75,30.0,20,SC,0.170571,0.208088,0.3665311724803841,0.0849447992251045,0.077014574771215,GPR
0.18,1.75,30.0,20,SC,0.167036,0.195416,0.3933488582912199,0.0935262224977547,0.0839075324330423,GPR
0.03,1.9286,30.0,20,SC,0.400034,0.699395,0.0665301360208154,0.0109701336217035,0.011967370308351,GPR
0.040714,1.9286,30.0,20,SC,0.36934,0.574289,0.0871591469673739,0.0147691118431046,0.0158255560173288,GPR
0.051429,1.9286,30.0,20,SC,0.342945,0.628971,0.1081048454087395,0.0188236042560309,0.0198265841754177,GPR
0.062143,1.9286,30.0,20,SC,0.318896,0.551784,0.1293833589694963,0.023142101375831,0.0239770167693537,GPR
0.072857,1.9286,30.0,20,SC,0.297564,0.525516,0.151019443555247,0.0277374565718414,0.0282872599342008,GPR
0.083571,1.9286,30.0,20,SC,0.280101,0.53572,0.1730383892289127,0.0326253053024461,0.0327699652934809,GPR
0.094286,1.9286,30.0,20,SC,0.266068,0.46587,0.1954697303026674,0.0378247459614652,0.0374406540757777,GPR
0.105,1.9286,30.0,20,SC,0.254511,0.463627,0.218338456582856,0.0433560907810373,0.0423157014338971,GPR
0.115714,1.9286,30.0,20,SC,0.244751,0.454377,0.2416771621073271,0.0492434037935011,0.0474146302078575,GPR
0.126429,1.9286,30.0,20,SC,0.236374,0.419913,0.2655195274429045,0.0555127379871405,0.0527585182943906,GPR
0.137143,1.9286,30.0,20,SC,0.229125,0.398486,0.2898929889554009,0.0621896940324536,0.0583679749887721,GPR
0.147857,1.9286,30.0,20,SC,0.222843,0.3895,0.3148316088633973,0.0693023202596536,0.0642656499918911,GPR
0.158571,1.9286,30.0,20,SC,0.217421,0.381296,0.3403667345946098,0.0768781438068387,0.0704737443187441,GPR
0.169286,1.9286,30.0,20,SC,0.212784,0.370915,0.3665311724803841,0.0849447992251045,0.077014574771215,GPR
0.18,1.9286,30.0,20,SC,0.208872,0.360512,0.3933488582912199,0.0935262224977547,0.0839075324330423,GPR
0.03,2.1071,30.0,20,SC,0.439641,0.753261,0.0665301360208154,0.0109701336217035,0.011967370308351,GPR
0.040714,2.1071,30.0,20,SC,0.407936,0.551895,0.0871591469673739,0.0147691118431046,0.0158255560173288,GPR
0.051429,2.1071,30.0,20,SC,0.382969,0.765104,0.1081048454087395,0.0188236042560309,0.0198265841754177,GPR
0.062143,2.1071,30.0,20,SC,0.362065,0.562019,0.1293833589694963,0.023142101375831,0.0239770167693537,GPR
0.072857,2.1071,30.0,20,SC,0.34381,0.552736,0.151019443555247,0.0277374565718414,0.0282872599342008,GPR
0.083571,2.1071,30.0,20,SC,0.327403,0.645821,0.1730383892289127,0.0326253053024461,0.0327699652934809,GPR
0.094286,2.1071,30.0,20,SC,0.312488,0.559046,0.1954697303026674,0.0378247459614652,0.0374406540757777,GPR
0.105,2.1071,30.0,20,SC,0.299129,0.490339,0.218338456582856,0.0433560907810373,0.0423157014338971,GPR
0.115714,2.1071,30.0,20,SC,0.28754,0.5013,0.2416771621073271,0.0492434037935011,0.0474146302078575,GPR
0.126429,2.1071,30.0,20,SC,0.277736,0.530615,0.2655195274429045,0.0555127379871405,0.0527585182943906,GPR
0.137143,2.1071,30.0,20,SC,0.26952,0.526682,0.2898929889554009,0.0621896940324536,0.0583679749887721,GPR
0.147857,2.1071,30.0,20,SC,0.262639,0.497331,0.3148316088633973,0.0693023202596536,0.0642656499918911,GPR
0.158571,2.1071,30.0,20,SC,0.256869,0.467834,0.3403667345946098,0.0768781438068387,0.0704737443187441,GPR
0.169286,2.1071,30.0,20,SC,0.252039,0.447284,0.3665311724803841,0.0849447992251045,0.077014574771215,GPR
0.18,2.1071,30.0,20,SC,0.248021,0.434584,0.3933488582912199,0.0935262224977547,0.0839075324330423,GPR
0.03,2.2857,30.0,20,SC,0.479065,0.553819,0.0665301360208154,0.0109701336217035,0.011967370308351,GPR
0.040714,2.2857,30.0,20,SC,0.44749,0.889534,0.0871591469673739,0.0147691118431046,0.0158255560173288,GPR
0.051429,2.2857,30.0,20,SC,0.420606,0.595613,0.1081048454087395,0.0188236042560309,0.0198265841754177,GPR
0.062143,2.2857,30.0,20,SC,0.399097,0.539398,0.1293833589694963,0.023142101375831,0.0239770167693537,GPR
0.072857,2.2857,30.0,20,SC,0.381385,0.719348,0.151019443555247,0.0277374565718414,0.0282872599342008,GPR
0.083571,2.2857,30.0,20,SC,0.366332,0.711851,0.1730383892289127,0.0326253053024461,0.0327699652934809,GPR
0.094286,2.2857,30.0,20,SC,0.353282,0.557362,0.1954697303026674,0.0378247459614652,0.0374406540757777,GPR
0.105,2.2857,30.0,20,SC,0.341829,0.502547,0.218338456582856,0.0433560907810373,0.0423157014338971,GPR
0.115714,2.2857,30.0,20,SC,0.331713,0.530392,0.2416771621073271,0.0492434037935011,0.0474146302078575,GPR
0.126429,2.2857,30.0,20,SC,0.322765,0.587993,0.2655195274429045,0.0555127379871405,0.0527585182943906,GPR
0.137143,2.2857,30.0,20,SC,0.31488,0.622061,0.2898929889554009,0.0621896940324536,0.0583679749887721,GPR
0.147857,2.2857,30.0,20,SC,0.307988,0.615406,0.3148316088633973,0.0693023202596536,0.0642656499918911,GPR
0.158571,2.2857,30.0,20,SC,0.302039,0.587647,0.3403667345946098,0.0768781438068387,0.0704737443187441,GPR
0.169286,2.2857,30.0,20,SC,0.296987,0.558881,0.3665311724803841,0.0849447992251045,0.077014574771215,GPR
0.18,2.2857,30.0,20,SC,0.292784,0.537159,0.3933488582912199,0.0935262224977547,0.0839075324330423,GPR
0.03,2.4643,30.0,20,SC,0.508916,0.739438,0.0665301360208154,0.0109701336217035,0.011967370308351,GPR
0.040714,2.4643,30.0,20,SC,0.48424,0.499019,0.0871591469673739,0.0147691118431046,0.0158255560173288,GPR
0.051429,2.4643,30.0,20,SC,0.460119,0.661319,0.1081048454087395,0.0188236042560309,0.0198265841754177,GPR
0.062143,2.4643,30.0,20,SC,0.437652,0.887045,0.1293833589694963,0.023142101375831,0.0239770167693537,GPR
0.072857,2.4643,30.0,20,SC,0.418382,0.666746,0.151019443555247,0.0277374565718414,0.0282872599342008,GPR
0.083571,2.4643,30.0,20,SC,0.402401,0.518737,0.1730383892289127,0.0326253053024461,0.0327699652934809,GPR
0.094286,2.4643,30.0,20,SC,0.389032,0.516246,0.1954697303026674,0.0378247459614652,0.0374406540757777,GPR
0.105,2.4643,30.0,20,SC,0.37767,0.601917,0.218338456582856,0.0433560907810373,0.0423157014338971,GPR
0.115714,2.4643,30.0,20,SC,0.367907,0.705992,0.2416771621073271,0.0492434037935011,0.0474146302078575,GPR
0.126429,2.4643,30.0,20,SC,0.359467,0.744316,0.2655195274429045,0.0555127379871405,0.0527585182943906,GPR
0.137143,2.4643,30.0,20,SC,0.35216,0.709108,0.2898929889554009,0.0621896940324536,0.0583679749887721,GPR
0.147857,2.4643,30.0,20,SC,0.345849,0.650947,0.3148316088633973,0.0693023202596536,0.0642656499918911,GPR
0.158571,2.4643,30.0,20,SC,0.340428,0.601434,0.3403667345946098,0.0768781438068387,0.0704737443187441,GPR
0.169286,2.4643,30.0,20,SC,0.335815,0.56736,0.3665311724803841,0.0849447992251045,0.077014574771215,GPR
0.18,2.4643,30.0,20,SC,0.331942,0.546744,0.3933488582912199,0.0935262224977547,0.0839075324330423,GPR
0.03,2.6429,30.0,20,SC,0.531169,0.747467,0.0665301360208154,0.0109701336217035,0.011967370308351,GPR
0.040714,2.6429,30.0,20,SC,0.51121,0.928771,0.0871591469673739,0.0147691118431046,0.0158255560173288,GPR
0.051429,2.6429,30.0,20,SC,0.492286,0.583065,0.1081048454087395,0.0188236042560309,0.0198265841754177,GPR
0.062143,2.6429,30.0,20,SC,0.474296,0.485261,0.1293833589694963,0.023142101375831,0.0239770167693537,GPR
0.072857,2.6429,30.0,20,SC,0.457219,0.570684,0.151019443555247,0.0277374565718414,0.0282872599342008,GPR
0.083571,2.6429,30.0,20,SC,0.441339,0.772118,0.1730383892289127,0.0326253053024461,0.0327699652934809,GPR
0.094286,2.6429,30.0,20,SC,0.427121,0.880879,0.1954697303026674,0.0378247459614652,0.0374406540757777,GPR
0.105,2.6429,30.0,20,SC,0.414806,0.779755,0.218338456582856,0.0433560907810373,0.0423157014338971,GPR
0.115714,2.6429,30.0,20,SC,0.404312,0.643296,0.2416771621073271,0.0492434037935011,0.0474146302078575,GPR
0.126429,2.6429,30.0,20,SC,0.395401,0.554243,0.2655195274429045,0.0555127379871405,0.0527585182943906,GPR
0.137143,2.6429,30.0,20,SC,0.387837,0.506894,0.2898929889554009,0.0621896940324536,0.0583679749887721,GPR
0.147857,2.6429,30.0,20,SC,0.381422,0.484865,0.3148316088633973,0.0693023202596536,0.0642656499918911,GPR
0.158571,2.6429,30.0,20,SC,0.37601,0.476201,0.3403667345946098,0.0768781438068387,0.0704737443187441,GPR
0.169286,2.6429,30.0,20,SC,0.371486,0.473236,0.3665311724803841,0.0849447992251045,0.077014574771215,GPR
0.18,2.6429,30.0,20,SC,0.367767,0.471452,0.3933488582912199,0.0935262224977547,0.0839075324330423,GPR
0.03,2.8214,30.0,20,SC,0.548802,0.440066,0.0665301360208154,0.0109701336217035,0.011967370308351,GPR
0.040714,2.8214,30.0,20,SC,0.53202,0.572116,0.0871591469673739,0.0147691118431046,0.0158255560173288,GPR
0.051429,2.8214,30.0,20,SC,0.516235,0.913398,0.1081048454087395,0.0188236042560309,0.0198265841754177,GPR
0.062143,2.8214,30.0,20,SC,0.501533,0.90432,0.1293833589694963,0.023142101375831,0.0239770167693537,GPR
0.072857,2.8214,30.0,20,SC,0.487896,0.642727,0.151019443555247,0.0277374565718414,0.0282872599342008,GPR
0.083571,2.8214,30.0,20,SC,0.475281,0.506455,0.1730383892289127,0.0326253053024461,0.0327699652934809,GPR
0.094286,2.8214,30.0,20,SC,0.463656,0.469943,0.1954697303026674,0.0378247459614652,0.0374406540757777,GPR
0.105,2.8214,30.0,20,SC,0.453025,0.492021,0.218338456582856,0.0433560907810373,0.0423157014338971,GPR
0.115714,2.8214,30.0,20,SC,0.443424,0.550825,0.2416771621073271,0.0492434037935011,0.0474146302078575,GPR
0.126429,2.8214,30.0,20,SC,0.434892,0.627738,0.2655195274429045,0.0555127379871405,0.0527585182943906,GPR
0.137143,2.8214,30.0,20,SC,0.427448,0.702574,0.2898929889554009,0.0621896940324536,0.0583679749887721,GPR
0.147857,2.8214,30.0,20,SC,0.421076,0.759484,0.3148316088633973,0.0693023202596536,0.0642656499918911,GPR
0.158571,2.8214,30.0,20,SC,0.415736,0.793276,0.3403667345946098,0.0768781438068387,0.0704737443187441,GPR
0.169286,2.8214,30.0,20,SC,0.411371,0.807523,0.3665311724803841,0.0849447992251045,0.077014574771215,GPR
0.18,2.8214,30.0,20,SC,0.407925,0.807936,0.3933488582912199,0.0935262224977547,0.0839075324330423,GPR
0.03,3.0,30.0,20,SC,0.563109,0.636551,0.0665301360208154,0.0109701336217035,0.011967370308351,GPR
0.040714,3.0,30.0,20,SC,0.548906,0.450124,0.0871591469673739,0.0147691118431046,0.0158255560173288,GPR
0.051429,3.0,30.0,20,SC,0.535443,0.447422,0.1081048454087395,0.0188236042560309,0.0198265841754177,GPR
0.062143,3.0,30.0,20,SC,0.522902,0.575124,0.1293833589694963,0.023142101375831,0.0239770167693537,GPR
0.072857,3.0,30.0,20,SC,0.511337,0.809355,0.151019443555247,0.0277374565718414,0.0282872599342008,GPR
0.083571,3.0,30.0,20,SC,0.500752,0.977154,0.1730383892289127,0.0326253053024461,0.0327699652934809,GPR
0.094286,3.0,30.0,20,SC,0.491125,0.914058,0.1954697303026674,0.0378247459614652,0.0374406540757777,GPR
0.105,3.0,30.0,20,SC,0.482428,0.760997,0.218338456582856,0.0433560907810373,0.0423157014338971,GPR
0.115714,3.0,30.0,20,SC,0.474632,0.639405,0.2416771621073271,0.0492434037935011,0.0474146302078575,GPR
0.126429,3.0,30.0,20,SC,0.467712,0.562498,0.2655195274429045,0.0555127379871405,0.0527585182943906,GPR
0.137143,3.0,30.0,20,SC,0.461642,0.516974,0.2898929889554009,0.0621896940324536,0.0583679749887721,GPR
0.147857,3.0,30.0,20,SC,0.456398,0.490852,0.3148316088633973,0.0693023202596536,0.0642656499918911,GPR
0.158571,3.0,30.0,20,SC,0.451953,0.476394,0.3403667345946098,0.0768781438068387,0.0704737443187441,GPR
0.169286,3.0,30.0,20,SC,0.448275,0.46911,0.3665311724803841,0.0849447992251045,0.077014574771215,GPR
0.18,3.0,30.0,20,SC,0.44533,0.466827,0.3933488582912199,0.0935262224977547,0.0839075324330423,GPR
0.03,0.5,33.3333,20,SC,0.028425,0.028966,0.0665301360208154,0.0109701336217035,0.011967370308351,GPR
0.040714,0.5,33.3333,20,SC,0.023021,0.023769,0.0871591469673739,0.0147691118431046,0.0158255560173288,GPR
0.051429,0.5,33.3333,20,SC,0.019512,0.020296,0.1081048454087395,0.0188236042560309,0.0198265841754177,GPR
0.062143,0.5,33.3333,20,SC,0.017049,0.017818,0.1293833589694963,0.023142101375831,0.0239770167693537,GPR
0.072857,0.5,33.3333,20,SC,0.015229,0.015968,0.151019443555247,0.0277374565718414,0.0282872599342008,GPR
0.083571,0.5,33.3333,20,SC,0.013832,0.014538,0.1730383892289127,0.0326253053024461,0.0327699652934809,GPR
0.094286,0.5,33.3333,20,SC,0.01273,0.013403,0.1954697303026674,0.0378247459614652,0.0374406540757777,GPR
0.105,0.5,33.3333,20,SC,0.011841,0.012485,0.218338456582856,0.0433560907810373,0.0423157014338971,GPR
0.115714,0.5,33.3333,20,SC,0.011112,0.011729,0.2416771621073271,0.0492434037935011,0.0474146302078575,GPR
0.126429,0.5,33.3333,20,SC,0.010506,0.011099,0.2655195274429045,0.0555127379871405,0.0527585182943906,GPR
0.137143,0.5,33.3333,20,SC,0.009996,0.010568,0.2898929889554009,0.0621896940324536,0.0583679749887721,GPR
0.147857,0.5,33.3333,20,SC,0.009564,0.010117,0.3148316088633973,0.0693023202596536,0.0642656499918911,GPR
0.158571,0.5,33.3333,20,SC,0.009195,0.009731,0.3403667345946098,0.0768781438068387,0.0704737443187441,GPR
0.169286,0.5,33.3333,20,SC,0.008879,0.0094,0.3665311724803841,0.0849447992251045,0.077014574771215,GPR
0.18,0.5,33.3333,20,SC,0.008607,0.009115,0.3933488582912199,0.0935262224977547,0.0839075324330423,GPR
0.03,0.6786,33.3333,20,SC,0.040523,0.036158,0.0665301360208154,0.0109701336217035,0.011967370308351,GPR
0.040714,0.6786,33.3333,20,SC,0.031865,0.030033,0.0871591469673739,0.0147691118431046,0.0158255560173288,GPR
0.051429,0.6786,33.3333,20,SC,0.026674,0.025876,0.1081048454087395,0.0188236042560309,0.0198265841754177,GPR
0.062143,0.6786,33.3333,20,SC,0.023186,0.022874,0.1293833589694963,0.023142101375831,0.0239770167693537,GPR
0.072857,0.6786,33.3333,20,SC,0.020667,0.02061,0.151019443555247,0.0277374565718414,0.0282872599342008,GPR
0.083571,0.6786,33.3333,20,SC,0.018759,0.018847,0.1730383892289127,0.0326253053024461,0.0327699652934809,GPR
0.094286,0.6786,33.3333,20,SC,0.017264,0.01744,0.1954697303026674,0.0378247459614652,0.0374406540757777,GPR
0.105,0.6786,33.3333,20,SC,0.016065,0.016295,0.218338456582856,0.0433560907810373,0.0423157014338971,GPR
0.115714,0.6786,33.3333,20,SC,0.015086,0.015349,0.2416771621073271,0.0492434037935011,0.0474146302078575,GPR
0.126429,0.6786,33.3333,20,SC,0.014273,0.014558,0.2655195274429045,0.0555127379871405,0.0527585182943906,GPR
0.137143,0.6786,33.3333,20,SC,0.013592,0.01389,0.2898929889554009,0.0621896940324536,0.0583679749887721,GPR
0.147857,0.6786,33.3333,20,SC,0.013016,0.013322,0.3148316088633973,0.0693023202596536,0.0642656499918911,GPR
0.158571,0.6786,33.3333,20,SC,0.012525,0.012836,0.3403667345946098,0.0768781438068387,0.0704737443187441,GPR
0.169286,0.6786,33.3333,20,SC,0.012106,0.012419,0.3665311724803841,0.0849447992251045,0.077014574771215,GPR
0.18,0.6786,33.3333,20,SC,0.011746,0.01206,0.3933488582912199,0.0935262224977547,0.0839075324330423,GPR
0.03,0.8571,33.3333,20,SC,0.064124,0.044347,0.0665301360208154,0.0109701336217035,0.011967370308351,GPR
0.040714,0.8571,33.3333,20,SC,0.04886,0.036867,0.0871591469673739,0.0147691118431046,0.0158255560173288,GPR
0.051429,0.8571,33.3333,20,SC,0.03916,0.031839,0.1081048454087395,0.0188236042560309,0.0198265841754177,GPR
0.062143,0.8571,33.3333,20,SC,0.03278,0.028218,0.1293833589694963,0.023142101375831,0.0239770167693537,GPR
0.072857,0.8571,33.3333,20,SC,0.028439,0.025487,0.151019443555247,0.0277374565718414,0.0282872599342008,GPR
0.083571,0.8571,33.3333,20,SC,0.02536,0.023358,0.1730383892289127,0.0326253053024461,0.0327699652934809,GPR
0.094286,0.8571,33.3333,20,SC,0.023075,0.021658,0.1954697303026674,0.0378247459614652,0.0374406540757777,GPR
0.105,0.8571,33.3333,20,SC,0.021312,0.020273,0.218338456582856,0.0433560907810373,0.0423157014338971,GPR
0.115714,0.8571,33.3333,20,SC,0.019911,0.019128,0.2416771621073271,0.0492434037935011,0.0474146302078575,GPR
0.126429,0.8571,33.3333,20,SC,0.018775,0.01817,0.2655195274429045,0.0555127379871405,0.0527585182943906,GPR
0.137143,0.8571,33.3333,20,SC,0.017837,0.017361,0.2898929889554009,0.0621896940324536,0.0583679749887721,GPR
0.147857,0.8571,33.3333,20,SC,0.017055,0.016674,0.3148316088633973,0.0693023202596536,0.0642656499918911,GPR
0.158571,0.8571,33.3333,20,SC,0.016396,0.016086,0.3403667345946098,0.0768781438068387,0.0704737443187441,GPR
0.169286,0.8571,33.3333,20,SC,0.015839,0.015582,0.3665311724803841,0.0849447992251045,0.077014574771215,GPR
0.18,0.8571,33.3333,20,SC,0.015366,0.015149,0.3933488582912199,0.0935262224977547,0.0839075324330423,GPR
0.03,1.0357,33.3333,20,SC,0.097358,0.055407,0.0665301360208154,0.0109701336217035,0.011967370308351,GPR
0.040714,1.0357,33.3333,20,SC,0.076667,0.045405,0.0871591469673739,0.0147691118431046,0.0158255560173288,GPR
0.051429,1.0357,33.3333,20,SC,0.062344,0.038978,0.1081048454087395,0.0188236042560309,0.0198265841754177,GPR
0.062143,1.0357,33.3333,20,SC,0.052075,0.034454,0.1293833589694963,0.023142101375831,0.0239770167693537,GPR
0.072857,1.0357,33.3333,20,SC,0.044517,0.031086,0.151019443555247,0.0277374565718414,0.0282872599342008,GPR
0.083571,1.0357,33.3333,20,SC,0.038844,0.028482,0.1730383892289127,0.0326253053024461,0.0327699652934809,GPR
0.094286,1.0357,33.3333,20,SC,0.034518,0.026413,0.1954697303026674,0.0378247459614652,0.0374406540757777,GPR
0.105,1.0357,33.3333,20,SC,0.031177,0.024735,0.218338456582856,0.0433560907810373,0.0423157014338971,GPR
0.115714,1.0357,33.3333,20,SC,0.028566,0.023352,0.2416771621073271,0.0492434037935011,0.0474146302078575,GPR
0.126429,1.0357,33.3333,20,SC,0.026503,0.022199,0.2655195274429045,0.0555127379871405,0.0527585182943906,GPR
0.137143,1.0357,33.3333,20,SC,0.024857,0.021227,0.2898929889554009,0.0621896940324536,0.0583679749887721,GPR
0.147857,1.0357,33.3333,20,SC,0.023529,0.020403,0.3148316088633973,0.0693023202596536,0.0642656499918911,GPR
0.158571,1.0357,33.3333,20,SC,0.022448,0.019701,0.3403667345946098,0.0768781438068387,0.0704737443187441,GPR
0.169286,1.0357,33.3333,20,SC,0.021563,0.019101,0.3665311724803841,0.0849447992251045,0.077014574771215,GPR
0.18,1.0357,33.3333,20,SC,0.020834,0.018587,0.3933488582912199,0.0935262224977547,0.0839075324330423,GPR
0.03,1.2143,33.3333,20,SC,0.135645,0.07396,0.0665301360208154,0.0109701336217035,0.011967370308351,GPR
0.040714,1.2143,33.3333,20,SC,0.110765,0.057797,0.0871591469673739,0.0147691118431046,0.0158255560173288,GPR
0.051429,1.2143,33.3333,20,SC,0.092853,0.048567,0.1081048454087395,0.0188236042560309,0.0198265841754177,GPR
0.062143,1.2143,33.3333,20,SC,0.079433,0.042446,0.1293833589694963,0.023142101375831,0.0239770167693537,GPR
0.072857,1.2143,33.3333,20,SC,0.069146,0.038045,0.151019443555247,0.0277374565718414,0.0282872599342008,GPR
0.083571,1.2143,33.3333,20,SC,0.061114,0.034719,0.1730383892289127,0.0326253053024461,0.0327699652934809,GPR
0.094286,1.2143,33.3333,20,SC,0.05475,0.032116,0.1954697303026674,0.0378247459614652,0.0374406540757777,GPR
0.105,1.2143,33.3333,20,SC,0.049642,0.030029,0.218338456582856,0.0433560907810373,0.0423157014338971,GPR
0.115714,1.2143,33.3333,20,SC,0.04551,0.028325,0.2416771621073271,0.0492434037935011,0.0474146302078575,GPR
0.126429,1.2143,33.3333,20,SC,0.042139,0.026913,0.2655195274429045,0.0555127379871405,0.0527585182943906,GPR
0.137143,1.2143,33.3333,20,SC,0.039374,0.025732,0.2898929889554009,0.0621896940324536,0.0583679749887721,GPR
0.147857,1.2143,33.3333,20,SC,0.0371,0.024736,0.3148316088633973,0.0693023202596536,0.0642656499918911,GPR
0.158571,1.2143,33.3333,20,SC,0.035227,0.023893,0.3403667345946098,0.0768781438068387,0.0704737443187441,GPR
0.169286,1.2143,33.3333,20,SC,0.033685,0.023177,0.3665311724803841,0.0849447992251045,0.077014574771215,GPR
0.18,1.2143,33.3333,20,SC,0.03242,0.022568,0.3933488582912199,0.0935262224977547,0.0839075324330423,GPR
0.03,1.3929,33.3333,20,SC,0.176356,0.123642,0.0665301360208154,0.0109701336217035,0.011967370308351,GPR
0.040714,1.3929,33.3333,20,SC,0.148238,0.08119,0.0871591469673739,0.0147691118431046,0.0158255560173288,GPR
0.051429,1.3929,33.3333,20,SC,0.127752,0.064013,0.1081048454087395,0.0188236042560309,0.0198265841754177,GPR
0.062143,1.3929,33.3333,20,SC,0.111574,0.054221,0.1293833589694963,0.023142101375831,0.0239770167693537,GPR
0.072857,1.3929,33.3333,20,SC,0.099156,0.047738,0.151019443555247,0.0277374565718414,0.0282872599342008,GPR
0.083571,1.3929,33.3333,20,SC,0.089126,0.043081,0.1730383892289127,0.0326253053024461,0.0327699652934809,GPR
0.094286,1.3929,33.3333,20,SC,0.080977,0.03956,0.1954697303026674,0.0378247459614652,0.0374406540757777,GPR
0.105,1.3929,33.3333,20,SC,0.074386,0.036805,0.218338456582856,0.0433560907810373,0.0423157014338971,GPR
0.115714,1.3929,33.3333,20,SC,0.06895,0.034597,0.2416771621073271,0.0492434037935011,0.0474146302078575,GPR
0.126429,1.3929,33.3333,20,SC,0.064421,0.032795,0.2655195274429045,0.0555127379871405,0.0527585182943906,GPR
0.137143,1.3929,33.3333,20,SC,0.060653,0.031307,0.2898929889554009,0.0621896940324536,0.0583679749887721,GPR
0.147857,1.3929,33.3333,20,SC,0.057522,0.030066,0.3148316088633973,0.0693023202596536,0.0642656499918911,GPR
0.158571,1.3929,33.3333,20,SC,0.05492,0.029026,0.3403667345946098,0.0768781438068387,0.0704737443187441,GPR
0.169286,1.3929,33.3333,20,SC,0.052761,0.028152,0.3665311724803841,0.0849447992251045,0.077014574771215,GPR
0.18,1.3929,33.3333,20,SC,0.050979,0.027417,0.3933488582912199,0.0935262224977547,0.0839075324330423,GPR
0.03,1.5714,33.3333,20,SC,0.216603,0.319925,0.0665301360208154,0.0109701336217035,0.011967370308351,GPR
0.040714,1.5714,33.3333,20,SC,0.188014,0.166732,0.0871591469673739,0.0147691118431046,0.0158255560173288,GPR
0.051429,1.5714,33.3333,20,SC,0.164885,0.100614,0.1081048454087395,0.0188236042560309,0.0198265841754177,GPR
0.062143,1.5714,33.3333,20,SC,0.146601,0.076734,0.1293833589694963,0.023142101375831,0.0239770167693537,GPR
0.072857,1.5714,33.3333,20,SC,0.132613,0.06418,0.151019443555247,0.0277374565718414,0.0282872599342008,GPR
0.083571,1.5714,33.3333,20,SC,0.120964,0.056236,0.1730383892289127,0.0326253053024461,0.0327699652934809,GPR
0.094286,1.5714,33.3333,20,SC,0.111171,0.050686,0.1954697303026674,0.0378247459614652,0.0374406540757777,GPR
0.105,1.5714,33.3333,20,SC,0.103211,0.046572,0.218338456582856,0.0433560907810373,0.0423157014338971,GPR
0.115714,1.5714,33.3333,20,SC,0.096705,0.0434,0.2416771621073271,0.0492434037935011,0.0474146302078575,GPR
0.126429,1.5714,33.3333,20,SC,0.091255,0.040889,0.2655195274429045,0.0555127379871405,0.0527585182943906,GPR
0.137143,1.5714,33.3333,20,SC,0.086629,0.038864,0.2898929889554009,0.0621896940324536,0.0583679749887721,GPR
0.147857,1.5714,33.3333,20,SC,0.082707,0.03721,0.3148316088633973,0.0693023202596536,0.0642656499918911,GPR
0.158571,1.5714,33.3333,20,SC,0.079409,0.035849,0.3403667345946098,0.0768781438068387,0.0704737443187441,GPR
0.169286,1.5714,33.3333,20,SC,0.076661,0.034725,0.3665311724803841,0.0849447992251045,0.077014574771215,GPR
0.18,1.5714,33.3333,20,SC,0.074393,0.033798,0.3933488582912199,0.0935262224977547,0.0839075324330423,GPR
0.03,1.75,33.3333,20,SC,0.259015,0.468318,0.0665301360208154,0.0109701336217035,0.011967370308351,GPR
0.040714,1.75,33.3333,20,SC,0.227016,0.373597,0.0871591469673739,0.0147691118431046,0.0158255560173288,GPR
0.051429,1.75,33.3333,20,SC,0.202489,0.26624,0.1081048454087395,0.0188236042560309,0.0198265841754177,GPR
0.062143,1.75,33.3333,20,SC,0.184055,0.161378,0.1293833589694963,0.023142101375831,0.0239770167693537,GPR
0.072857,1.75,33.3333,20,SC,0.168366,0.108272,0.151019443555247,0.0277374565718414,0.0282872599342008,GPR
0.083571,1.75,33.3333,20,SC,0.154775,0.08508,0.1730383892289127,0.0326253053024461,0.0327699652934809,GPR
0.094286,1.75,33.3333,20,SC,0.143766,0.072282,0.1954697303026674,0.0378247459614652,0.0374406540757777,GPR
0.105,1.75,33.3333,20,SC,0.134944,0.064069,0.218338456582856,0.0433560907810373,0.0423157014338971,GPR
0.115714,1.75,33.3333,20,SC,0.127624,0.058317,0.2416771621073271,0.0492434037935011,0.0474146302078575,GPR
0.126429,1.75,33.3333,20,SC,0.121372,0.054064,0.2655195274429045,0.0555127379871405,0.0527585182943906,GPR
0.137143,1.75,33.3333,20,SC,0.115974,0.050806,0.2898929889554009,0.0621896940324536,0.0583679749887721,GPR
0.147857,1.75,33.3333,20,SC,0.111339,0.048254,0.3148316088633973,0.0693023202596536,0.0642656499918911,GPR
0.158571,1.75,33.3333,20,SC,0.107408,0.046227,0.3403667345946098,0.0768781438068387,0.0704737443187441,GPR
0.169286,1.75,33.3333,20,SC,0.104119,0.044606,0.3665311724803841,0.0849447992251045,0.077014574771215,GPR
0.18,1.75,33.3333,20,SC,0.1014,0.043311,0.3933488582912199,0.0935262224977547,0.0839075324330423,GPR
0.03,1.9286,33.3333,20,SC,0.295131,0.516112,0.0665301360208154,0.0109701336217035,0.011967370308351,GPR
0.040714,1.9286,33.3333,20,SC,0.266676,0.478122,0.0871591469673739,0.0147691118431046,0.0158255560173288,GPR
0.051429,1.9286,33.3333,20,SC,0.242415,0.425591,0.1081048454087395,0.0188236042560309,0.0198265841754177,GPR
0.062143,1.9286,33.3333,20,SC,0.220646,0.361682,0.1293833589694963,0.023142101375831,0.0239770167693537,GPR
0.072857,1.9286,33.3333,20,SC,0.203377,0.291662,0.151019443555247,0.0277374565718414,0.0282872599342008,GPR
0.083571,1.9286,33.3333,20,SC,0.189986,0.218837,0.1730383892289127,0.0326253053024461,0.0327699652934809,GPR
0.094286,1.9286,33.3333,20,SC,0.178935,0.156201,0.1954697303026674,0.0378247459614652,0.0374406540757777,GPR
0.105,1.9286,33.3333,20,SC,0.169359,0.118341,0.218338456582856,0.0433560907810373,0.0423157014338971,GPR
0.115714,1.9286,33.3333,20,SC,0.160894,0.097611,0.2416771621073271,0.0492434037935011,0.0474146302078575,GPR
0.126429,1.9286,33.3333,20,SC,0.153482,0.08513,0.2655195274429045,0.0555127379871405,0.0527585182943906,GPR
0.137143,1.9286,33.3333,20,SC,0.147148,0.076889,0.2898929889554009,0.0621896940324536,0.0583679749887721,GPR
0.147857,1.9286,33.3333,20,SC,0.14184,0.0711,0.3148316088633973,0.0693023202596536,0.0642656499918911,GPR
0.158571,1.9286,33.3333,20,SC,0.137433,0.066877,0.3403667345946098,0.0768781438068387,0.0704737443187441,GPR
0.169286,1.9286,33.3333,20,SC,0.133787,0.063732,0.3665311724803841,0.0849447992251045,0.077014574771215,GPR
0.18,1.9286,33.3333,20,SC,0.130785,0.061379,0.3933488582912199,0.0935262224977547,0.0839075324330423,GPR
0.03,2.1071,33.3333,20,SC,0.333229,0.535976,0.0665301360208154,0.0109701336217035,0.011967370308351,GPR
0.040714,2.1071,33.3333,20,SC,0.301141,0.59604,0.0871591469673739,0.0147691118431046,0.0158255560173288,GPR
0.051429,2.1071,33.3333,20,SC,0.277626,0.532439,0.1081048454087395,0.0188236042560309,0.0198265841754177,GPR
0.062143,2.1071,33.3333,20,SC,0.258649,0.456652,0.1293833589694963,0.023142101375831,0.0239770167693537,GPR
0.072857,2.1071,33.3333,20,SC,0.241954,0.442044,0.151019443555247,0.0277374565718414,0.0282872599342008,GPR
0.083571,2.1071,33.3333,20,SC,0.226701,0.387016,0.1730383892289127,0.0326253053024461,0.0327699652934809,GPR
0.094286,2.1071,33.3333,20,SC,0.21332,0.348232,0.1954697303026674,0.0378247459614652,0.0374406540757777,GPR
0.105,2.1071,33.3333,20,SC,0.202314,0.307924,0.218338456582856,0.0433560907810373,0.0423157014338971,GPR
0.115714,2.1071,33.3333,20,SC,0.193391,0.268561,0.2416771621073271,0.0492434037935011,0.0474146302078575,GPR
0.126429,2.1071,33.3333,20,SC,0.186033,0.232068,0.2655195274429045,0.0555127379871405,0.0527585182943906,GPR
0.137143,2.1071,33.3333,20,SC,0.179855,0.199383,0.2898929889554009,0.0621896940324536,0.0583679749887721,GPR
0.147857,2.1071,33.3333,20,SC,0.17461,0.172416,0.3148316088633973,0.0693023202596536,0.0642656499918911,GPR
0.158571,2.1071,33.3333,20,SC,0.170144,0.151973,0.3403667345946098,0.0768781438068387,0.0704737443187441,GPR
0.169286,2.1071,33.3333,20,SC,0.166355,0.137422,0.3665311724803841,0.0849447992251045,0.077014574771215,GPR
0.18,2.1071,33.3333,20,SC,0.163171,0.127483,0.3933488582912199,0.0935262224977547,0.0839075324330423,GPR
0.03,2.2857,33.3333,20,SC,0.367974,0.583132,0.0665301360208154,0.0109701336217035,0.011967370308351,GPR
0.040714,2.2857,33.3333,20,SC,0.339081,0.615219,0.0871591469673739,0.0147691118431046,0.0158255560173288,GPR
0.051429,2.2857,33.3333,20,SC,0.312334,0.582076,0.1081048454087395,0.0188236042560309,0.0198265841754177,GPR
0.062143,2.2857,33.3333,20,SC,0.291293,0.546823,0.1293833589694963,0.023142101375831,0.0239770167693537,GPR
0.072857,2.2857,33.3333,20,SC,0.27488,0.505026,0.151019443555247,0.0277374565718414,0.0282872599342008,GPR
0.083571,2.2857,33.3333,20,SC,0.261311,0.507311,0.1730383892289127,0.0326253053024461,0.0327699652934809,GPR
0.094286,2.2857,33.3333,20,SC,0.249609,0.438175,0.1954697303026674,0.0378247459614652,0.0374406540757777,GPR
0.105,2.2857,33.3333,20,SC,0.239248,0.443568,0.218338456582856,0.0433560907810373,0.0423157014338971,GPR
0.115714,2.2857,33.3333,20,SC,0.229961,0.409452,0.2416771621073271,0.0492434037935011,0.0474146302078575,GPR
0.126429,2.2857,33.3333,20,SC,0.221664,0.377248,0.2655195274429045,0.0555127379871405,0.0527585182943906,GPR
0.137143,2.2857,33.3333,20,SC,0.214376,0.365136,0.2898929889554009,0.0621896940324536,0.0583679749887721,GPR
0.147857,2.2857,33.3333,20,SC,0.208112,0.350459,0.3148316088633973,0.0693023202596536,0.0642656499918911,GPR
0.158571,2.2857,33.3333,20,SC,0.202832,0.332297,0.3403667345946098,0.0768781438068387,0.0704737443187441,GPR
0.169286,2.2857,33.3333,20,SC,0.198448,0.317125,0.3665311724803841,0.0849447992251045,0.077014574771215,GPR
0.18,2.2857,33.3333,20,SC,0.194859,0.306182,0.3933488582912199,0.0935262224977547,0.0839075324330423,GPR
0.03,2.4643,33.3333,20,SC,0.394598,0.847597,0.0665301360208154,0.0109701336217035,0.011967370308351,GPR
0.040714,2.4643,33.3333,20,SC,0.370672,0.518535,0.0871591469673739,0.0147691118431046,0.0158255560173288,GPR
0.051429,2.4643,33.3333,20,SC,0.348725,0.747824,0.1081048454087395,0.0188236042560309,0.0198265841754177,GPR
0.062143,2.4643,33.3333,20,SC,0.327783,0.546077,0.1293833589694963,0.023142101375831,0.0239770167693537,GPR
0.072857,2.4643,33.3333,20,SC,0.308804,0.544031,0.151019443555247,0.0277374565718414,0.0282872599342008,GPR
0.083571,2.4643,33.3333,20,SC,0.293198,0.624957,0.1730383892289127,0.0326253053024461,0.0327699652934809,GPR
0.094286,2.4643,33.3333,20,SC,0.280628,0.504428,0.1954697303026674,0.0378247459614652,0.0374406540757777,GPR
0.105,2.4643,33.3333,20,SC,0.270257,0.472057,0.218338456582856,0.0433560907810373,0.0423157014338971,GPR
0.115714,2.4643,33.3333,20,SC,0.2615,0.511146,0.2416771621073271,0.0492434037935011,0.0474146302078575,GPR
0.126429,2.4643,33.3333,20,SC,0.253997,0.509106,0.2655195274429045,0.0555127379871405,0.0527585182943906,GPR
0.137143,2.4643,33.3333,20,SC,0.247525,0.464726,0.2898929889554009,0.0621896940324536,0.0583679749887721,GPR
0.147857,2.4643,33.3333,20,SC,0.24194,0.429535,0.3148316088633973,0.0693023202596536,0.0642656499918911,GPR
0.158571,2.4643,33.3333,20,SC,0.237141,0.413385,0.3403667345946098,0.0768781438068387,0.0704737443187441,GPR
0.169286,2.4643,33.3333,20,SC,0.233056,0.407983,0.3665311724803841,0.0849447992251045,0.077014574771215,GPR
0.18,2.4643,33.3333,20,SC,0.229629,0.405778,0.3933488582912199,0.0935262224977547,0.0839075324330423,GPR
0.03,2.6429,33.3333,20,SC,0.418115,0.502479,0.0665301360208154,0.0109701336217035,0.011967370308351,GPR
0.040714,2.6429,33.3333,20,SC,0.395786,0.85596,0.0871591469673739,0.0147691118431046,0.0158255560173288,GPR
0.051429,2.6429,33.3333,20,SC,0.376631,0.598894,0.1081048454087395,0.0188236042560309,0.0198265841754177,GPR
0.062143,2.6429,33.3333,20,SC,0.359566,0.52496,0.1293833589694963,0.023142101375831,0.0239770167693537,GPR
0.072857,2.6429,33.3333,20,SC,0.343915,0.727141,0.151019443555247,0.0277374565718414,0.0282872599342008,GPR
0.083571,2.6429,33.3333,20,SC,0.329303,0.64689,0.1730383892289127,0.0326253053024461,0.0327699652934809,GPR
0.094286,2.6429,33.3333,20,SC,0.3158,0.502126,0.1954697303026674,0.0378247459614652,0.0374406540757777,GPR
0.105,2.6429,33.3333,20,SC,0.303824,0.500665,0.218338456582856,0.0433560907810373,0.0423157014338971,GPR
0.115714,2.6429,33.3333,20,SC,0.293631,0.573808,0.2416771621073271,0.0492434037935011,0.0474146302078575,GPR
0.126429,2.6429,33.3333,20,SC,0.285113,0.614227,0.2655195274429045,0.0555127379871405,0.0527585182943906,GPR
0.137143,2.6429,33.3333,20,SC,0.278004,0.581164,0.2898929889554009,0.0621896940324536,0.0583679749887721,GPR
0.147857,2.6429,33.3333,20,SC,0.272052,0.527313,0.3148316088633973,0.0693023202596536,0.0642656499918911,GPR
0.158571,2.6429,33.3333,20,SC,0.267067,0.486845,0.3403667345946098,0.0768781438068387,0.0704737443187441,GPR
0.169286,2.6429,33.3333,20,SC,0.262909,0.462632,0.3665311724803841,0.0849447992251045,0.077014574771215,GPR
0.18,2.6429,33.3333,20,SC,0.259477,0.449241,0.3933488582912199,0.0935262224977547,0.0839075324330423,GPR
0.03,2.8214,33.3333,20,SC,0.441374,0.863,0.0665301360208154,0.0109701336217035,0.011967370308351,GPR
0.040714,2.8214,33.3333,20,SC,0.418827,0.49511,0.0871591469673739,0.0147691118431046,0.0158255560173288,GPR
0.051429,2.8214,33.3333,20,SC,0.400351,0.623805,0.1081048454087395,0.0188236042560309,0.0198265841754177,GPR
0.062143,2.8214,33.3333,20,SC,0.384603,0.870638,0.1293833589694963,0.023142101375831,0.0239770167693537,GPR
0.072857,2.8214,33.3333,20,SC,0.370821,0.61296,0.151019443555247,0.0277374565718414,0.0282872599342008,GPR
0.083571,2.8214,33.3333,20,SC,0.358567,0.491018,0.1730383892289127,0.0326253053024461,0.0327699652934809,GPR
0.094286,2.8214,33.3333,20,SC,0.347563,0.540877,0.1954697303026674,0.0378247459614652,0.0374406540757777,GPR
0.105,2.8214,33.3333,20,SC,0.337629,0.674159,0.218338456582856,0.0433560907810373,0.0423157014338971,GPR
0.115714,2.8214,33.3333,20,SC,0.328665,0.733406,0.2416771621073271,0.0492434037935011,0.0474146302078575,GPR
0.126429,2.8214,33.3333,20,SC,0.320634,0.667035,0.2655195274429045,0.0555127379871405,0.0527585182943906,GPR
0.137143,2.8214,33.3333,20,SC,0.313536,0.579398,0.2898929889554009,0.0621896940324536,0.0583679749887721,GPR
0.147857,2.8214,33.3333,20,SC,0.307375,0.519742,0.3148316088633973,0.0693023202596536,0.0642656499918911,GPR
0.158571,2.8214,33.3333,20,SC,0.30214,0.486415,0.3403667345946098,0.0768781438068387,0.0704737443187441,GPR
0.169286,2.8214,33.3333,20,SC,0.297797,0.469255,0.3665311724803841,0.0849447992251045,0.077014574771215,GPR
0.18,2.8214,33.3333,20,SC,0.294297,0.460515,0.3933488582912199,0.0935262224977547,0.0839075324330423,GPR
0.03,3.0,33.3333,20,SC,0.464051,0.606288,0.0665301360208154,0.0109701336217035,0.011967370308351,GPR
0.040714,3.0,33.3333,20,SC,0.442248,0.968706,0.0871591469673739,0.0147691118431046,0.0158255560173288,GPR
0.051429,3.0,33.3333,20,SC,0.423264,0.596515,0.1081048454087395,0.0188236042560309,0.0198265841754177,GPR
0.062143,3.0,33.3333,20,SC,0.407507,0.475409,0.1293833589694963,0.023142101375831,0.0239770167693537,GPR
0.072857,3.0,33.3333,20,SC,0.394172,0.587575,0.151019443555247,0.0277374565718414,0.0282872599342008,GPR
0.083571,3.0,33.3333,20,SC,0.382647,0.820601,0.1730383892289127,0.0326253053024461,0.0327699652934809,GPR
0.094286,3.0,33.3333,20,SC,0.372564,0.826935,0.1954697303026674,0.0378247459614652,0.0374406540757777,GPR
0.105,3.0,33.3333,20,SC,0.36369,0.652165,0.218338456582856,0.0433560907810373,0.0423157014338971,GPR
0.115714,3.0,33.3333,20,SC,0.355868,0.532451,0.2416771621073271,0.0492434037935011,0.0474146302078575,GPR
0.126429,3.0,33.3333,20,SC,0.348987,0.480665,0.2655195274429045,0.0555127379871405,0.0527585182943906,GPR
0.137143,3.0,33.3333,20,SC,0.342966,0.468854,0.2898929889554009,0.0621896940324536,0.0583679749887721,GPR
0.147857,3.0,33.3333,20,SC,0.337742,0.477005,0.3148316088633973,0.0693023202596536,0.0642656499918911,GPR
0.158571,3.0,33.3333,20,SC,0.333264,0.491787,0.3403667345946098,0.0768781438068387,0.0704737443187441,GPR
0.169286,3.0,33.3333,20,SC,0.32949,0.504387,0.3665311724803841,0.0849447992251045,0.077014574771215,GPR
0.18,3.0,33.3333,20,SC,0.326378,0.509881,0.3933488582912199,0.0935262224977547,0.0839075324330423,GPR
0.03,0.5,36.6667,20,SC,0.021206,0.022003,0.0665301360208154,0.0109701336217035,0.011967370308351,GPR
0.040714,0.5,36.6667,20,SC,0.017224,0.018014,0.0871591469673739,0.0147691118431046,0.0158255560173288,GPR
0.051429,0.5,36.6667,20,SC,0.014614,0.015355,0.1081048454087395,0.0188236042560309,0.0198265841754177,GPR
0.062143,0.5,36.6667,20,SC,0.012774,0.013463,0.1293833589694963,0.023142101375831,0.0239770167693537,GPR
0.072857,0.5,36.6667,20,SC,0.011412,0.012052,0.151019443555247,0.0277374565718414,0.0282872599342008,GPR
0.083571,0.5,36.6667,20,SC,0.010365,0.010964,0.1730383892289127,0.0326253053024461,0.0327699652934809,GPR
0.094286,0.5,36.6667,20,SC,0.009538,0.010101,0.1954697303026674,0.0378247459614652,0.0374406540757777,GPR
0.105,0.5,36.6667,20,SC,0.008871,0.009403,0.218338456582856,0.0433560907810373,0.0423157014338971,GPR
0.115714,0.5,36.6667,20,SC,0.008323,0.008829,0.2416771621073271,0.0492434037935011,0.0474146302078575,GPR
0.126429,0.5,36.6667,20,SC,0.007868,0.008351,0.2655195274429045,0.0555127379871405,0.0527585182943906,GPR
0.137143,0.5,36.6667,20,SC,0.007485,0.007948,0.2898929889554009,0.0621896940324536,0.0583679749887721,GPR
0.147857,0.5,36.6667,20,SC,0.00716,0.007607,0.3148316088633973,0.0693023202596536,0.0642656499918911,GPR
0.158571,0.5,36.6667,20,SC,0.006882,0.007314,0.3403667345946098,0.0768781438068387,0.0704737443187441,GPR
0.169286,0.5,36.6667,20,SC,0.006644,0.007063,0.3665311724803841,0.0849447992251045,0.077014574771215,GPR
0.18,0.5,36.6667,20,SC,0.006439,0.006847,0.3933488582912199,0.0935262224977547,0.0839075324330423,GPR
0.03,0.6786,36.6667,20,SC,0.027787,0.027001,0.0665301360208154,0.0109701336217035,0.011967370308351,GPR
0.040714,0.6786,36.6667,20,SC,0.022558,0.022469,0.0871591469673739,0.0147691118431046,0.0158255560173288,GPR
0.051429,0.6786,36.6667,20,SC,0.019194,0.019371,0.1081048454087395,0.0188236042560309,0.0198265841754177,GPR
0.062143,0.6786,36.6667,20,SC,0.016833,0.017126,0.1293833589694963,0.023142101375831,0.0239770167693537,GPR
0.072857,0.6786,36.6667,20,SC,0.015084,0.01543,0.151019443555247,0.0277374565718414,0.0282872599342008,GPR
0.083571,0.6786,36.6667,20,SC,0.013738,0.014107,0.1730383892289127,0.0326253053024461,0.0327699652934809,GPR
0.094286,0.6786,36.6667,20,SC,0.012672,0.013051,0.1954697303026674,0.0378247459614652,0.0374406540757777,GPR
0.105,0.6786,36.6667,20,SC,0.011811,0.012191,0.218338456582856,0.0433560907810373,0.0423157014338971,GPR
0.115714,0.6786,36.6667,20,SC,0.011104,0.011481,0.2416771621073271,0.0492434037935011,0.0474146302078575,GPR
0.126429,0.6786,36.6667,20,SC,0.010514,0.010886,0.2655195274429045,0.0555127379871405,0.0527585182943906,GPR
0.137143,0.6786,36.6667,20,SC,0.010018,0.010384,0.2898929889554009,0.0621896940324536,0.0583679749887721,GPR
0.147857,0.6786,36.6667,20,SC,0.009597,0.009956,0.3148316088633973,0.0693023202596536,0.0642656499918911,GPR
0.158571,0.6786,36.6667,20,SC,0.009238,0.009591,0.3403667345946098,0.0768781438068387,0.0704737443187441,GPR
0.169286,0.6786,36.6667,20,SC,0.008929,0.009276,0.3665311724803841,0.0849447992251045,0.077014574771215,GPR
0.18,0.6786,36.6667,20,SC,0.008664,0.009005,0.3933488582912199,0.0935262224977547,0.0839075324330423,GPR
0.03,0.8571,36.6667,20,SC,0.038754,0.032049,0.0665301360208154,0.0109701336217035,0.011967370308351,GPR
0.040714,0.8571,36.6667,20,SC,0.029872,0.026911,0.0871591469673739,0.0147691118431046,0.0158255560173288,GPR
0.051429,0.8571,36.6667,20,SC,0.024808,0.023363,0.1081048454087395,0.0188236042560309,0.0198265841754177,GPR
0.062143,0.8571,36.6667,20,SC,0.021522,0.020769,0.1293833589694963,0.023142101375831,0.0239770167693537,GPR
0.072857,0.8571,36.6667,20,SC,0.019185,0.018795,0.151019443555247,0.0277374565718414,0.0282872599342008,GPR
0.083571,0.8571,36.6667,20,SC,0.017427,0.017246,0.1730383892289127,0.0326253053024461,0.0327699652934809,GPR
0.094286,0.8571,36.6667,20,SC,0.016055,0.016004,0.1954697303026674,0.0378247459614652,0.0374406540757777,GPR
0.105,0.8571,36.6667,20,SC,0.014955,0.014988,0.218338456582856,0.0433560907810373,0.0423157014338971,GPR
0.115714,0.8571,36.6667,20,SC,0.014058,0.014146,0.2416771621073271,0.0492434037935011,0.0474146302078575,GPR
0.126429,0.8571,36.6667,20,SC,0.013314,0.01344,0.2655195274429045,0.0555127379871405,0.0527585182943906,GPR
0.137143,0.8571,36.6667,20,SC,0.01269,0.012843,0.2898929889554009,0.0621896940324536,0.0583679749887721,GPR
0.147857,0.8571,36.6667,20,SC,0.012163,0.012334,0.3148316088633973,0.0693023202596536,0.0642656499918911,GPR
0.158571,0.8571,36.6667,20,SC,0.011715,0.011898,0.3403667345946098,0.0768781438068387,0.0704737443187441,GPR
0.169286,0.8571,36.6667,20,SC,0.011331,0.011523,0.3665311724803841,0.0849447992251045,0.077014574771215,GPR
0.18,0.8571,36.6667,20,SC,0.011003,0.0112,0.3933488582912199,0.0935262224977547,0.0839075324330423,GPR
0.03,1.0357,36.6667,20,SC,0.05945,0.037735,0.0665301360208154,0.0109701336217035,0.011967370308351,GPR
0.040714,1.0357,36.6667,20,SC,0.044824,0.03176,0.0871591469673739,0.0147691118431046,0.0158255560173288,GPR
0.051429,1.0357,36.6667,20,SC,0.035503,0.027654,0.1081048454087395,0.0188236042560309,0.0198265841754177,GPR
0.062143,1.0357,36.6667,20,SC,0.029431,0.024654,0.1293833589694963,0.023142101375831,0.0239770167693537,GPR
0.072857,1.0357,36.6667,20,SC,0.025391,0.022368,0.151019443555247,0.0277374565718414,0.0282872599342008,GPR
0.083571,1.0357,36.6667,20,SC,0.022595,0.020572,0.1730383892289127,0.0326253053024461,0.0327699652934809,GPR
0.094286,1.0357,36.6667,20,SC,0.020555,0.019129,0.1954697303026674,0.0378247459614652,0.0374406540757777,GPR
0.105,1.0357,36.6667,20,SC,0.018996,0.017947,0.218338456582856,0.0433560907810373,0.0423157014338971,GPR
0.115714,1.0357,36.6667,20,SC,0.017763,0.016967,0.2416771621073271,0.0492434037935011,0.0474146302078575,GPR
0.126429,1.0357,36.6667,20,SC,0.016765,0.016145,0.2655195274429045,0.0555127379871405,0.0527585182943906,GPR
0.137143,1.0357,36.6667,20,SC,0.015943,0.015449,0.2898929889554009,0.0621896940324536,0.0583679749887721,GPR
0.147857,1.0357,36.6667,20,SC,0.015258,0.014856,0.3148316088633973,0.0693023202596536,0.0642656499918911,GPR
0.158571,1.0357,36.6667,20,SC,0.014681,0.014349,0.3403667345946098,0.0768781438068387,0.0704737443187441,GPR
0.169286,1.0357,36.6667,20,SC,0.014194,0.013913,0.3665311724803841,0.0849447992251045,0.077014574771215,GPR
0.18,1.0357,36.6667,20,SC,0.01378,0.013538,0.3933488582912199,0.0935262224977547,0.0839075324330423,GPR
0.03,1.2143,36.6667,20,SC,0.086682,0.044754,0.0665301360208154,0.0109701336217035,0.011967370308351,GPR
0.040714,1.2143,36.6667,20,SC,0.067696,0.037433,0.0871591469673739,0.0147691118431046,0.0158255560173288,GPR
0.051429,1.2143,36.6667,20,SC,0.054544,0.032529,0.1081048454087395,0.0188236042560309,0.0198265841754177,GPR
0.062143,1.2143,36.6667,20,SC,0.045141,0.028991,0.1293833589694963,0.023142101375831,0.0239770167693537,GPR
0.072857,1.2143,36.6667,20,SC,0.038267,0.026314,0.151019443555247,0.0277374565718414,0.0282872599342008,GPR
0.083571,1.2143,36.6667,20,SC,0.033159,0.024219,0.1730383892289127,0.0326253053024461,0.0327699652934809,GPR
0.094286,1.2143,36.6667,20,SC,0.029316,0.02254,0.1954697303026674,0.0378247459614652,0.0374406540757777,GPR
0.105,1.2143,36.6667,20,SC,0.026396,0.021169,0.218338456582856,0.0433560907810373,0.0423157014338971,GPR
0.115714,1.2143,36.6667,20,SC,0.024154,0.020032,0.2416771621073271,0.0492434037935011,0.0474146302078575,GPR
0.126429,1.2143,36.6667,20,SC,0.022414,0.01908,0.2655195274429045,0.0555127379871405,0.0527585182943906,GPR
0.137143,1.2143,36.6667,20,SC,0.021044,0.018276,0.2898929889554009,0.0621896940324536,0.0583679749887721,GPR
0.147857,1.2143,36.6667,20,SC,0.01995,0.017592,0.3148316088633973,0.0693023202596536,0.0642656499918911,GPR
0.158571,1.2143,36.6667,20,SC,0.019066,0.017007,0.3403667345946098,0.0768781438068387,0.0704737443187441,GPR
0.169286,1.2143,36.6667,20,SC,0.018343,0.016507,0.3665311724803841,0.0849447992251045,0.077014574771215,GPR
0.18,1.2143,36.6667,20,SC,0.01775,0.016078,0.3933488582912199,0.0935262224977547,0.0839075324330423,GPR
0.03,1.3929,36.6667,20,SC,0.117293,0.054522,0.0665301360208154,0.0109701336217035,0.011967370308351,GPR
0.040714,1.3929,36.6667,20,SC,0.095118,0.044675,0.0871591469673739,0.0147691118431046,0.0158255560173288,GPR
0.051429,1.3929,36.6667,20,SC,0.079041,0.03846,0.1081048454087395,0.0188236042560309,0.0198265841754177,GPR
0.062143,1.3929,36.6667,20,SC,0.066972,0.034113,0.1293833589694963,0.023142101375831,0.0239770167693537,GPR
0.072857,1.3929,36.6667,20,SC,0.057811,0.030884,0.151019443555247,0.0277374565718414,0.0282872599342008,GPR
0.083571,1.3929,36.6667,20,SC,0.05067,0.028388,0.1730383892289127,0.0326253053024461,0.0327699652934809,GPR
0.094286,1.3929,36.6667,20,SC,0.04506,0.026403,0.1954697303026674,0.0378247459614652,0.0374406540757777,GPR
0.105,1.3929,36.6667,20,SC,0.040588,0.024792,0.218338456582856,0.0433560907810373,0.0423157014338971,GPR
0.115714,1.3929,36.6667,20,SC,0.037,0.023464,0.2416771621073271,0.0492434037935011,0.0474146302078575,GPR
0.126429,1.3929,36.6667,20,SC,0.034099,0.022356,0.2655195274429045,0.0555127379871405,0.0527585182943906,GPR
0.137143,1.3929,36.6667,20,SC,0.031742,0.021423,0.2898929889554009,0.0621896940324536,0.0583679749887721,GPR
0.147857,1.3929,36.6667,20,SC,0.029821,0.020633,0.3148316088633973,0.0693023202596536,0.0642656499918911,GPR
0.158571,1.3929,36.6667,20,SC,0.028254,0.019961,0.3403667345946098,0.0768781438068387,0.0704737443187441,GPR
0.169286,1.3929,36.6667,20,SC,0.026976,0.019387,0.3665311724803841,0.0849447992251045,0.077014574771215,GPR
0.18,1.3929,36.6667,20,SC,0.025938,0.018899,0.3933488582912199,0.0935262224977547,0.0839075324330423,GPR
0.03,1.5714,36.6667,20,SC,0.14988,0.071004,0.0665301360208154,0.0109701336217035,0.011967370308351,GPR
0.040714,1.5714,36.6667,20,SC,0.125116,0.055176,0.0871591469673739,0.0147691118431046,0.0158255560173288,GPR
0.051429,1.5714,36.6667,20,SC,0.106796,0.046397,0.1081048454087395,0.0188236042560309,0.0198265841754177,GPR
0.062143,1.5714,36.6667,20,SC,0.092601,0.040643,0.1293833589694963,0.023142101375831,0.0239770167693537,GPR
0.072857,1.5714,36.6667,20,SC,0.081498,0.036528,0.151019443555247,0.0277374565718414,0.0282872599342008,GPR
0.083571,1.5714,36.6667,20,SC,0.072762,0.033424,0.1730383892289127,0.0326253053024461,0.0327699652934809,GPR
0.094286,1.5714,36.6667,20,SC,0.06562,0.030998,0.1954697303026674,0.0378247459614652,0.0374406540757777,GPR
0.105,1.5714,36.6667,20,SC,0.059864,0.029054,0.218338456582856,0.0433560907810373,0.0423157014338971,GPR
0.115714,1.5714,36.6667,20,SC,0.055166,0.027467,0.2416771621073271,0.0492434037935011,0.0474146302078575,GPR
0.126429,1.5714,36.6667,20,SC,0.051272,0.026153,0.2655195274429045,0.0555127379871405,0.0527585182943906,GPR
0.137143,1.5714,36.6667,20,SC,0.048049,0.025055,0.2898929889554009,0.0621896940324536,0.0583679749887721,GPR
0.147857,1.5714,36.6667,20,SC,0.04539,0.024131,0.3148316088633973,0.0693023202596536,0.0642656499918911,GPR
0.158571,1.5714,36.6667,20,SC,0.043195,0.02335,0.3403667345946098,0.0768781438068387,0.0704737443187441,GPR
0.169286,1.5714,36.6667,20,SC,0.041387,0.022689,0.3665311724803841,0.0849447992251045,0.077014574771215,GPR
0.18,1.5714,36.6667,20,SC,0.039907,0.02213,0.3933488582912199,0.0935262224977547,0.0839075324330423,GPR
0.03,1.75,36.6667,20,SC,0.183439,0.113209,0.0665301360208154,0.0109701336217035,0.011967370308351,GPR
0.040714,1.75,36.6667,20,SC,0.156218,0.074168,0.0871591469673739,0.0147691118431046,0.0158255560173288,GPR
0.051429,1.75,36.6667,20,SC,0.136774,0.058736,0.1081048454087395,0.0188236042560309,0.0198265841754177,GPR
0.062143,1.75,36.6667,20,SC,0.120488,0.049974,0.1293833589694963,0.023142101375831,0.0239770167693537,GPR
0.072857,1.75,36.6667,20,SC,0.107877,0.044177,0.151019443555247,0.0277374565718414,0.0282872599342008,GPR
0.083571,1.75,36.6667,20,SC,0.097917,0.04001,0.1730383892289127,0.0326253053024461,0.0327699652934809,GPR
0.094286,1.75,36.6667,20,SC,0.089474,0.036857,0.1954697303026674,0.0378247459614652,0.0374406540757777,GPR
0.105,1.75,36.6667,20,SC,0.082486,0.034388,0.218338456582856,0.0433560907810373,0.0423157014338971,GPR
0.115714,1.75,36.6667,20,SC,0.076832,0.032408,0.2416771621073271,0.0492434037935011,0.0474146302078575,GPR
0.126429,1.75,36.6667,20,SC,0.072163,0.030793,0.2655195274429045,0.0555127379871405,0.0527585182943906,GPR
0.137143,1.75,36.6667,20,SC,0.068228,0.029459,0.2898929889554009,0.0621896940324536,0.0583679749887721,GPR
0.147857,1.75,36.6667,20,SC,0.064903,0.028349,0.3148316088633973,0.0693023202596536,0.0642656499918911,GPR
0.158571,1.75,36.6667,20,SC,0.06212,0.02742,0.3403667345946098,0.0768781438068387,0.0704737443187441,GPR
0.169286,1.75,36.6667,20,SC,0.059817,0.026643,0.3665311724803841,0.0849447992251045,0.077014574771215,GPR
0.18,1.75,36.6667,20,SC,0.057932,0.025992,0.3933488582912199,0.0935262224977547,0.0839075324330423,GPR
0.03,1.9286,36.6667,20,SC,0.214883,0.292081,0.0665301360208154,0.0109701336217035,0.011967370308351,GPR
0.040714,1.9286,36.6667,20,SC,0.189292,0.132803,0.0871591469673739,0.0147691118431046,0.0158255560173288,GPR
0.051429,1.9286,36.6667,20,SC,0.166837,0.084419,0.1081048454087395,0.0188236042560309,0.0198265841754177,GPR
0.062143,1.9286,36.6667,20,SC,0.149652,0.066207,0.1293833589694963,0.023142101375831,0.0239770167693537,GPR
0.072857,1.9286,36.6667,20,SC,0.136481,0.056212,0.151019443555247,0.0277374565718414,0.0282872599342008,GPR
0.083571,1.9286,36.6667,20,SC,0.125104,0.049732,0.1730383892289127,0.0326253053024461,0.0327699652934809,GPR
0.094286,1.9286,36.6667,20,SC,0.115303,0.045139,0.1954697303026674,0.0378247459614652,0.0374406540757777,GPR
0.105,1.9286,36.6667,20,SC,0.107407,0.041699,0.218338456582856,0.0433560907810373,0.0423157014338971,GPR
0.115714,1.9286,36.6667,20,SC,0.101047,0.039029,0.2416771621073271,0.0492434037935011,0.0474146302078575,GPR
0.126429,1.9286,36.6667,20,SC,0.095738,0.036906,0.2655195274429045,0.0555127379871405,0.0527585182943906,GPR
0.137143,1.9286,36.6667,20,SC,0.091198,0.035189,0.2898929889554009,0.0621896940324536,0.0583679749887721,GPR
0.147857,1.9286,36.6667,20,SC,0.087303,0.033784,0.3148316088633973,0.0693023202596536,0.0642656499918911,GPR
0.158571,1.9286,36.6667,20,SC,0.083998,0.032629,0.3403667345946098,0.0768781438068387,0.0704737443187441,GPR
0.169286,1.9286,36.6667,20,SC,0.081238,0.031677,0.3665311724803841,0.0849447992251045,0.077014574771215,GPR
0.18,1.9286,36.6667,20,SC,0.07897,0.030895,0.3933488582912199,0.0935262224977547,0.0839075324330423,GPR
0.03,2.1071,36.6667,20,SC,0.247801,0.436013,0.0665301360208154,0.0109701336217035,0.011967370308351,GPR
0.040714,2.1071,36.6667,20,SC,0.218728,0.331467,0.0871591469673739,0.0147691118431046,0.0158255560173288,GPR
0.051429,2.1071,36.6667,20,SC,0.198158,0.194963,0.1081048454087395,0.0188236042560309,0.0198265841754177,GPR
0.062143,2.1071,36.6667,20,SC,0.180888,0.110919,0.1293833589694963,0.023142101375831,0.0239770167693537,GPR
0.072857,2.1071,36.6667,20,SC,0.165213,0.081754,0.151019443555247,0.0277374565718414,0.0282872599342008,GPR
0.083571,2.1071,36.6667,20,SC,0.152474,0.067639,0.1730383892289127,0.0326253053024461,0.0327699652934809,GPR
0.094286,2.1071,36.6667,20,SC,0.142599,0.059114,0.1954697303026674,0.0378247459614652,0.0374406540757777,GPR
0.105,2.1071,36.6667,20,SC,0.134512,0.053334,0.218338456582856,0.0433560907810373,0.0423157014338971,GPR
0.115714,2.1071,36.6667,20,SC,0.127545,0.04914,0.2416771621073271,0.0492434037935011,0.0474146302078575,GPR
0.126429,2.1071,36.6667,20,SC,0.121415,0.045965,0.2655195274429045,0.0555127379871405,0.0527585182943906,GPR
0.137143,2.1071,36.6667,20,SC,0.116065,0.043494,0.2898929889554009,0.0621896940324536,0.0583679749887721,GPR
0.147857,2.1071,36.6667,20,SC,0.111506,0.041535,0.3148316088633973,0.0693023202596536,0.0642656499918911,GPR
0.158571,2.1071,36.6667,20,SC,0.107703,0.039968,0.3403667345946098,0.0768781438068387,0.0704737443187441,GPR
0.169286,2.1071,36.6667,20,SC,0.104572,0.03871,0.3665311724803841,0.0849447992251045,0.077014574771215,GPR
0.18,2.1071,36.6667,20,SC,0.102021,0.037704,0.3933488582912199,0.0935262224977547,0.0839075324330423,GPR
0.03,2.2857,36.6667,20,SC,0.277993,0.502664,0.0665301360208154,0.0109701336217035,0.011967370308351,GPR
0.040714,2.2857,36.6667,20,SC,0.25153,0.446618,0.0871591469673739,0.0147691118431046,0.0158255560173288,GPR
0.051429,2.2857,36.6667,20,SC,0.227152,0.376437,0.1081048454087395,0.0188236042560309,0.0198265841754177,GPR
0.062143,2.2857,36.6667,20,SC,0.208878,0.292307,0.1293833589694963,0.023142101375831,0.0239770167693537,GPR
0.072857,2.2857,36.6667,20,SC,0.194789,0.195481,0.151019443555247,0.0277374565718414,0.0282872599342008,GPR
0.083571,2.2857,36.6667,20,SC,0.182778,0.125482,0.1730383892289127,0.0326253053024461,0.0327699652934809,GPR
0.094286,2.2857,36.6667,20,SC,0.171907,0.094273,0.1954697303026674,0.0378247459614652,0.0374406540757777,GPR
0.105,2.2857,36.6667,20,SC,0.16211,0.078516,0.218338456582856,0.0433560907810373,0.0423157014338971,GPR
0.115714,2.2857,36.6667,20,SC,0.153777,0.069018,0.2416771621073271,0.0492434037935011,0.0474146302078575,GPR
0.126429,2.2857,36.6667,20,SC,0.146974,0.062651,0.2655195274429045,0.0555127379871405,0.0527585182943906,GPR
0.137143,2.2857,36.6667,20,SC,0.141427,0.058104,0.2898929889554009,0.0621896940324536,0.0583679749887721,GPR
0.147857,2.2857,36.6667,20,SC,0.136848,0.054729,0.3148316088633973,0.0693023202596536,0.0642656499918911,GPR
0.158571,2.2857,36.6667,20,SC,0.133031,0.052169,0.3403667345946098,0.0768781438068387,0.0704737443187441,GPR
0.169286,2.2857,36.6667,20,SC,0.129843,0.050209,0.3665311724803841,0.0849447992251045,0.077014574771215,GPR
0.18,2.2857,36.6667,20,SC,0.127194,0.048715,0.3933488582912199,0.0935262224977547,0.0839075324330423,GPR
0.03,2.4643,36.6667,20,SC,0.302774,0.521019,0.0665301360208154,0.0109701336217035,0.011967370308351,GPR
0.040714,2.4643,36.6667,20,SC,0.279311,0.561523,0.0871591469673739,0.0147691118431046,0.0158255560173288,GPR
0.051429,2.4643,36.6667,20,SC,0.259005,0.512205,0.1081048454087395,0.0188236042560309,0.0198265841754177,GPR
0.062143,2.4643,36.6667,20,SC,0.239701,0.422379,0.1293833589694963,0.023142101375831,0.0239770167693537,GPR
0.072857,2.4643,36.6667,20,SC,0.222574,0.368893,0.151019443555247,0.0277374565718414,0.0282872599342008,GPR
0.083571,2.4643,36.6667,20,SC,0.209204,0.316496,0.1730383892289127,0.0326253053024461,0.0327699652934809,GPR
0.094286,2.4643,36.6667,20,SC,0.198658,0.254696,0.1954697303026674,0.0378247459614652,0.0374406540757777,GPR
0.105,2.4643,36.6667,20,SC,0.189913,0.194091,0.218338456582856,0.0433560907810373,0.0423157014338971,GPR
0.115714,2.4643,36.6667,20,SC,0.1824,0.145948,0.2416771621073271,0.0492434037935011,0.0474146302078575,GPR
0.126429,2.4643,36.6667,20,SC,0.175817,0.116389,0.2655195274429045,0.0555127379871405,0.0527585182943906,GPR
0.137143,2.4643,36.6667,20,SC,0.170014,0.099198,0.2898929889554009,0.0621896940324536,0.0583679749887721,GPR
0.147857,2.4643,36.6667,20,SC,0.164928,0.088532,0.3148316088633973,0.0693023202596536,0.0642656499918911,GPR
0.158571,2.4643,36.6667,20,SC,0.160536,0.081489,0.3403667345946098,0.0768781438068387,0.0704737443187441,GPR
0.169286,2.4643,36.6667,20,SC,0.156821,0.076669,0.3665311724803841,0.0849447992251045,0.077014574771215,GPR
0.18,2.4643,36.6667,20,SC,0.153752,0.073344,0.3933488582912199,0.0935262224977547,0.0839075324330423,GPR
0.03,2.6429,36.6667,20,SC,0.32866,0.547811,0.0665301360208154,0.0109701336217035,0.011967370308351,GPR
0.040714,2.6429,36.6667,20,SC,0.303267,0.573005,0.0871591469673739,0.0147691118431046,0.0158255560173288,GPR
0.051429,2.6429,36.6667,20,SC,0.284027,0.594284,0.1081048454087395,0.0188236042560309,0.0198265841754177,GPR
0.062143,2.6429,36.6667,20,SC,0.26791,0.473159,0.1293833589694963,0.023142101375831,0.0239770167693537,GPR
0.072857,2.6429,36.6667,20,SC,0.253428,0.506387,0.151019443555247,0.0277374565718414,0.0282872599342008,GPR
0.083571,2.6429,36.6667,20,SC,0.239851,0.417355,0.1730383892289127,0.0326253053024461,0.0327699652934809,GPR
0.094286,2.6429,36.6667,20,SC,0.227356,0.41149,0.1954697303026674,0.0378247459614652,0.0374406540757777,GPR
0.105,2.6429,36.6667,20,SC,0.216682,0.358849,0.218338456582856,0.0433560907810373,0.0423157014338971,GPR
0.115714,2.6429,36.6667,20,SC,0.207984,0.332011,0.2416771621073271,0.0492434037935011,0.0474146302078575,GPR
0.126429,2.6429,36.6667,20,SC,0.200892,0.299061,0.2655195274429045,0.0555127379871405,0.0527585182943906,GPR
0.137143,2.6429,36.6667,20,SC,0.19502,0.2687,0.2898929889554009,0.0621896940324536,0.0583679749887721,GPR
0.147857,2.6429,36.6667,20,SC,0.190102,0.243784,0.3148316088633973,0.0693023202596536,0.0642656499918911,GPR
0.158571,2.6429,36.6667,20,SC,0.185964,0.221645,0.3403667345946098,0.0768781438068387,0.0704737443187441,GPR
0.169286,2.6429,36.6667,20,SC,0.182491,0.203942,0.3665311724803841,0.0849447992251045,0.077014574771215,GPR
0.18,2.6429,36.6667,20,SC,0.179602,0.190977,0.3933488582912199,0.0935262224977547,0.0839075324330423,GPR
0.03,2.8214,36.6667,20,SC,0.354824,0.842001,0.0665301360208154,0.0109701336217035,0.011967370308351,GPR
0.040714,2.8214,36.6667,20,SC,0.329249,0.503117,0.0871591469673739,0.0147691118431046,0.0158255560173288,GPR
0.051429,2.8214,36.6667,20,SC,0.307708,0.723658,0.1081048454087395,0.0188236042560309,0.0198265841754177,GPR
0.062143,2.8214,36.6667,20,SC,0.291141,0.486284,0.1293833589694963,0.023142101375831,0.0239770167693537,GPR
0.072857,2.8214,36.6667,20,SC,0.277626,0.597632,0.151019443555247,0.0277374565718414,0.0282872599342008,GPR
0.083571,2.8214,36.6667,20,SC,0.26604,0.502636,0.1730383892289127,0.0326253053024461,0.0327699652934809,GPR
0.094286,2.8214,36.6667,20,SC,0.255796,0.455614,0.1954697303026674,0.0378247459614652,0.0374406540757777,GPR
0.105,2.8214,36.6667,20,SC,0.246561,0.495327,0.218338456582856,0.0433560907810373,0.0423157014338971,GPR
0.115714,2.8214,36.6667,20,SC,0.238174,0.438813,0.2416771621073271,0.0492434037935011,0.0474146302078575,GPR
0.126429,2.8214,36.6667,20,SC,0.230611,0.397027,0.2655195274429045,0.0555127379871405,0.0527585182943906,GPR
0.137143,2.8214,36.6667,20,SC,0.22393,0.395421,0.2898929889554009,0.0621896940324536,0.0583679749887721,GPR
0.147857,2.8214,36.6667,20,SC,0.218179,0.392908,0.3148316088633973,0.0693023202596536,0.0642656499918911,GPR
0.158571,2.8214,36.6667,20,SC,0.213348,0.37722,0.3403667345946098,0.0768781438068387,0.0704737443187441,GPR
0.169286,2.8214,36.6667,20,SC,0.209371,0.359358,0.3665311724803841,0.0849447992251045,0.077014574771215,GPR
0.18,2.8214,36.6667,20,SC,0.206169,0.345961,0.3933488582912199,0.0935262224977547,0.0839075324330423,GPR
0.03,3.0,36.6667,20,SC,0.374259,0.48558,0.0665301360208154,0.0109701336217035,0.011967370308351,GPR
0.040714,3.0,36.6667,20,SC,0.354343,0.850556,0.0871591469673739,0.0147691118431046,0.0158255560173288,GPR
0.051429,3.0,36.6667,20,SC,0.334222,0.531087,0.1081048454087395,0.0188236042560309,0.0198265841754177,GPR
0.062143,3.0,36.6667,20,SC,0.31567,0.57226,0.1293833589694963,0.023142101375831,0.0239770167693537,GPR
0.072857,3.0,36.6667,20,SC,0.300645,0.704073,0.151019443555247,0.0277374565718414,0.0282872599342008,GPR
0.083571,3.0,36.6667,20,SC,0.288578,0.498366,0.1730383892289127,0.0326253053024461,0.0327699652934809,GPR
0.094286,3.0,36.6667,20,SC,0.278545,0.492928,0.1954697303026674,0.0378247459614652,0.0374406540757777,GPR
0.105,3.0,36.6667,20,SC,0.269981,0.588599,0.218338456582856,0.0433560907810373,0.0423157014338971,GPR
0.115714,3.0,36.6667,20,SC,0.262566,0.555736,0.2416771621073271,0.0492434037935011,0.0474146302078575,GPR
0.126429,3.0,36.6667,20,SC,0.256103,0.469971,0.2655195274429045,0.0555127379871405,0.0527585182943906,GPR
0.137143,3.0,36.6667,20,SC,0.250468,0.431924,0.2898929889554009,0.0621896940324536,0.0583679749887721,GPR
0.147857,3.0,36.6667,20,SC,0.24558,0.431285,0.3148316088633973,0.0693023202596536,0.0642656499918911,GPR
0.158571,3.0,36.6667,20,SC,0.241381,0.443405,0.3403667345946098,0.0768781438068387,0.0704737443187441,GPR
0.169286,3.0,36.6667,20,SC,0.237829,0.452804,0.3665311724803841,0.0849447992251045,0.077014574771215,GPR
0.18,3.0,36.6667,20,SC,0.234886,0.455364,0.3933488582912199,0.0935262224977547,0.0839075324330423,GPR
0.03,0.5,40.0,20,SC,0.016418,0.017202,0.0665301360208154,0.0109701336217035,0.011967370308351,GPR
0.040714,0.5,40.0,20,SC,0.013326,0.014038,0.0871591469673739,0.0147691118431046,0.0158255560173288,GPR
0.051429,0.5,40.0,20,SC,0.011298,0.01194,0.1081048454087395,0.0188236042560309,0.0198265841754177,GPR
0.062143,0.5,40.0,20,SC,0.009869,0.010452,0.1293833589694963,0.023142101375831,0.0239770167693537,GPR
0.072857,0.5,40.0,20,SC,0.008811,0.009345,0.151019443555247,0.0277374565718414,0.0282872599342008,GPR
0.083571,0.5,40.0,20,SC,0.007998,0.008493,0.1730383892289127,0.0326253053024461,0.0327699652934809,GPR
0.094286,0.5,40.0,20,SC,0.007357,0.007818,0.1954697303026674,0.0378247459614652,0.0374406540757777,GPR
0.105,0.5,40.0,20,SC,0.00684,0.007274,0.218338456582856,0.0433560907810373,0.0423157014338971,GPR
0.115714,0.5,40.0,20,SC,0.006415,0.006826,0.2416771621073271,0.0492434037935011,0.0474146302078575,GPR
0.126429,0.5,40.0,20,SC,0.006062,0.006453,0.2655195274429045,0.0555127379871405,0.0527585182943906,GPR
0.137143,0.5,40.0,20,SC,0.005765,0.006139,0.2898929889554009,0.0621896940324536,0.0583679749887721,GPR
0.147857,0.5,40.0,20,SC,0.005514,0.005873,0.3148316088633973,0.0693023202596536,0.0642656499918911,GPR
0.158571,0.5,40.0,20,SC,0.005299,0.005645,0.3403667345946098,0.0768781438068387,0.0704737443187441,GPR
0.169286,0.5,40.0,20,SC,0.005114,0.00545,0.3665311724803841,0.0849447992251045,0.077014574771215,GPR
0.18,0.5,40.0,20,SC,0.004955,0.005282,0.3933488582912199,0.0935262224977547,0.0839075324330423,GPR
0.03,0.6786,40.0,20,SC,0.020809,0.020957,0.0665301360208154,0.0109701336217035,0.011967370308351,GPR
0.040714,0.6786,40.0,20,SC,0.01707,0.017415,0.0871591469673739,0.0147691118431046,0.0158255560173288,GPR
0.051429,0.6786,40.0,20,SC,0.014591,0.014995,0.1081048454087395,0.0188236042560309,0.0198265841754177,GPR
0.062143,0.6786,40.0,20,SC,0.012826,0.013244,0.1293833589694963,0.023142101375831,0.0239770167693537,GPR
0.072857,0.6786,40.0,20,SC,0.011509,0.011922,0.151019443555247,0.0277374565718414,0.0282872599342008,GPR
0.083571,0.6786,40.0,20,SC,0.01049,0.010892,0.1730383892289127,0.0326253053024461,0.0327699652934809,GPR
0.094286,0.6786,40.0,20,SC,0.009681,0.010071,0.1954697303026674,0.0378247459614652,0.0374406540757777,GPR
0.105,0.6786,40.0,20,SC,0.009026,0.009402,0.218338456582856,0.0433560907810373,0.0423157014338971,GPR
0.115714,0.6786,40.0,20,SC,0.008486,0.008849,0.2416771621073271,0.0492434037935011,0.0474146302078575,GPR
0.126429,0.6786,40.0,20,SC,0.008036,0.008387,0.2655195274429045,0.0555127379871405,0.0527585182943906,GPR
0.137143,0.6786,40.0,20,SC,0.007657,0.007997,0.2898929889554009,0.0621896940324536,0.0583679749887721,GPR
0.147857,0.6786,40.0,20,SC,0.007335,0.007665,0.3148316088633973,0.0693023202596536,0.0642656499918911,GPR
0.158571,0.6786,40.0,20,SC,0.00706,0.007381,0.3403667345946098,0.0768781438068387,0.0704737443187441,GPR
0.169286,0.6786,40.0,20,SC,0.006823,0.007136,0.3665311724803841,0.0849447992251045,0.077014574771215,GPR
0.18,0.6786,40.0,20,SC,0.00662,0.006926,0.3933488582912199,0.0935262224977547,0.0839075324330423,GPR
0.03,0.8571,40.0,20,SC,0.026011,0.02451,0.0665301360208154,0.0109701336217035,0.011967370308351,GPR
0.040714,0.8571,40.0,20,SC,0.02112,0.020624,0.0871591469673739,0.0147691118431046,0.0158255560173288,GPR
0.051429,0.8571,40.0,20,SC,0.018021,0.017919,0.1081048454087395,0.0188236042560309,0.0198265841754177,GPR
0.062143,0.8571,40.0,20,SC,0.015851,0.015933,0.1293833589694963,0.023142101375831,0.0239770167693537,GPR
0.072857,0.8571,40.0,20,SC,0.014242,0.014418,0.151019443555247,0.0277374565718414,0.0282872599342008,GPR
0.083571,0.8571,40.0,20,SC,0.013,0.013229,0.1730383892289127,0.0326253053024461,0.0327699652934809,GPR
0.094286,0.8571,40.0,20,SC,0.012016,0.012273,0.1954697303026674,0.0378247459614652,0.0374406540757777,GPR
0.105,0.8571,40.0,20,SC,0.011219,0.011491,0.218338456582856,0.0433560907810373,0.0423157014338971,GPR
0.115714,0.8571,40.0,20,SC,0.010563,0.010843,0.2416771621073271,0.0492434037935011,0.0474146302078575,GPR
0.126429,0.8571,40.0,20,SC,0.010015,0.010299,0.2655195274429045,0.0555127379871405,0.0527585182943906,GPR
0.137143,0.8571,40.0,20,SC,0.009554,0.009838,0.2898929889554009,0.0621896940324536,0.0583679749887721,GPR
0.147857,0.8571,40.0,20,SC,0.009162,0.009446,0.3148316088633973,0.0693023202596536,0.0642656499918911,GPR
0.158571,0.8571,40.0,20,SC,0.008828,0.009109,0.3403667345946098,0.0768781438068387,0.0704737443187441,GPR
0.169286,0.8571,40.0,20,SC,0.008541,0.00882,0.3665311724803841,0.0849447992251045,0.077014574771215,GPR
0.18,0.8571,40.0,20,SC,0.008294,0.00857,0.3933488582912199,0.0935262224977547,0.0839075324330423,GPR
0.03,1.0357,40.0,20,SC,0.035729,0.028165,0.0665301360208154,0.0109701336217035,0.011967370308351,GPR
0.040714,1.0357,40.0,20,SC,0.027171,0.023894,0.0871591469673739,0.0147691118431046,0.0158255560173288,GPR
0.051429,1.0357,40.0,20,SC,0.022489,0.020891,0.1081048454087395,0.0188236042560309,0.0198265841754177,GPR
0.062143,1.0357,40.0,20,SC,0.019528,0.018669,0.1293833589694963,0.023142101375831,0.0239770167693537,GPR
0.072857,1.0357,40.0,20,SC,0.017439,0.016963,0.151019443555247,0.0277374565718414,0.0282872599342008,GPR
0.083571,1.0357,40.0,20,SC,0.01587,0.015615,0.1730383892289127,0.0326253053024461,0.0327699652934809,GPR
0.094286,1.0357,40.0,20,SC,0.014646,0.014527,0.1954697303026674,0.0378247459614652,0.0374406540757777,GPR
0.105,1.0357,40.0,20,SC,0.013664,0.013635,0.218338456582856,0.0433560907810373,0.0423157014338971,GPR
0.115714,1.0357,40.0,20,SC,0.012862,0.012893,0.2416771621073271,0.0492434037935011,0.0474146302078575,GPR
0.126429,1.0357,40.0,20,SC,0.012196,0.012268,0.2655195274429045,0.0555127379871405,0.0527585182943906,GPR
0.137143,1.0357,40.0,20,SC,0.011638,0.011739,0.2898929889554009,0.0621896940324536,0.0583679749887721,GPR
0.147857,1.0357,40.0,20,SC,0.011165,0.011287,0.3148316088633973,0.0693023202596536,0.0642656499918911,GPR
0.158571,1.0357,40.0,20,SC,0.010763,0.0109,0.3403667345946098,0.0768781438068387,0.0704737443187441,GPR
0.169286,1.0357,40.0,20,SC,0.01042,0.010567,0.3665311724803841,0.0849447992251045,0.077014574771215,GPR
0.18,1.0357,40.0,20,SC,0.010125,0.010279,0.3933488582912199,0.0935262224977547,0.0839075324330423,GPR
0.03,1.2143,40.0,20,SC,0.053151,0.03213,0.0665301360208154,0.0109701336217035,0.011967370308351,GPR
0.040714,1.2143,40.0,20,SC,0.039614,0.027362,0.0871591469673739,0.0147691118431046,0.0158255560173288,GPR
0.051429,1.2143,40.0,20,SC,0.031072,0.024012,0.1081048454087395,0.0188236042560309,0.0198265841754177,GPR
0.062143,1.2143,40.0,20,SC,0.02564,0.021527,0.1293833589694963,0.023142101375831,0.0239770167693537,GPR
0.072857,1.2143,40.0,20,SC,0.022143,0.019615,0.151019443555247,0.0277374565718414,0.0282872599342008,GPR
0.083571,1.2143,40.0,20,SC,0.019771,0.0181,0.1730383892289127,0.0326253053024461,0.0327699652934809,GPR
0.094286,1.2143,40.0,20,SC,0.018047,0.016876,0.1954697303026674,0.0378247459614652,0.0374406540757777,GPR
0.105,1.2143,40.0,20,SC,0.016726,0.015869,0.218338456582856,0.0433560907810373,0.0423157014338971,GPR
0.115714,1.2143,40.0,20,SC,0.015677,0.01503,0.2416771621073271,0.0492434037935011,0.0474146302078575,GPR
0.126429,1.2143,40.0,20,SC,0.014825,0.014324,0.2655195274429045,0.0555127379871405,0.0527585182943906,GPR
0.137143,1.2143,40.0,20,SC,0.014121,0.013726,0.2898929889554009,0.0621896940324536,0.0583679749887721,GPR
0.147857,1.2143,40.0,20,SC,0.013532,0.013214,0.3148316088633973,0.0693023202596536,0.0642656499918911,GPR
0.158571,1.2143,40.0,20,SC,0.013037,0.012776,0.3403667345946098,0.0768781438068387,0.0704737443187441,GPR
0.169286,1.2143,40.0,20,SC,0.012617,0.0124,0.3665311724803841,0.0849447992251045,0.077014574771215,GPR
0.18,1.2143,40.0,20,SC,0.012261,0.012076,0.3933488582912199,0.0935262224977547,0.0839075324330423,GPR
0.03,1.3929,40.0,20,SC,0.075352,0.036688,0.0665301360208154,0.0109701336217035,0.011967370308351,GPR
0.040714,1.3929,40.0,20,SC,0.058181,0.031206,0.0871591469673739,0.0147691118431046,0.0158255560173288,GPR
0.051429,1.3929,40.0,20,SC,0.046329,0.027403,0.1081048454087395,0.0188236042560309,0.0198265841754177,GPR
0.062143,1.3929,40.0,20,SC,0.037933,0.024599,0.1293833589694963,0.023142101375831,0.0239770167693537,GPR
0.072857,1.3929,40.0,20,SC,0.031883,0.022446,0.151019443555247,0.0277374565718414,0.0282872599342008,GPR
0.083571,1.3929,40.0,20,SC,0.027478,0.020742,0.1730383892289127,0.0326253053024461,0.0327699652934809,GPR
0.094286,1.3929,40.0,20,SC,0.024249,0.019366,0.1954697303026674,0.0378247459614652,0.0374406540757777,GPR
0.105,1.3929,40.0,20,SC,0.021866,0.018234,0.218338456582856,0.0433560907810373,0.0423157014338971,GPR
0.115714,1.3929,40.0,20,SC,0.020086,0.017292,0.2416771621073271,0.0492434037935011,0.0474146302078575,GPR
0.126429,1.3929,40.0,20,SC,0.018728,0.0165,0.2655195274429045,0.0555127379871405,0.0527585182943906,GPR
0.137143,1.3929,40.0,20,SC,0.017666,0.015828,0.2898929889554009,0.0621896940324536,0.0583679749887721,GPR
0.147857,1.3929,40.0,20,SC,0.016817,0.015255,0.3148316088633973,0.0693023202596536,0.0642656499918911,GPR
0.158571,1.3929,40.0,20,SC,0.016126,0.014764,0.3403667345946098,0.0768781438068387,0.0704737443187441,GPR
0.169286,1.3929,40.0,20,SC,0.015558,0.014343,0.3665311724803841,0.0849447992251045,0.077014574771215,GPR
0.18,1.3929,40.0,20,SC,0.015088,0.013982,0.3933488582912199,0.0935262224977547,0.0839075324330423,GPR
0.03,1.5714,40.0,20,SC,0.100238,0.042319,0.0665301360208154,0.0109701336217035,0.011967370308351,GPR
0.040714,1.5714,40.0,20,SC,0.080382,0.035707,0.0871591469673739,0.0147691118431046,0.0158255560173288,GPR
0.051429,1.5714,40.0,20,SC,0.065926,0.031255,0.1081048454087395,0.0188236042560309,0.0198265841754177,GPR
0.062143,1.5714,40.0,20,SC,0.055251,0.028022,0.1293833589694963,0.023142101375831,0.0239770167693537,GPR
0.072857,1.5714,40.0,20,SC,0.047175,0.025562,0.151019443555247,0.0277374565718414,0.0282872599342008,GPR
0.083571,1.5714,40.0,20,SC,0.040945,0.023628,0.1730383892289127,0.0326253053024461,0.0327699652934809,GPR
0.094286,1.5714,40.0,20,SC,0.036104,0.02207,0.1954697303026674,0.0378247459614652,0.0374406540757777,GPR
0.105,1.5714,40.0,20,SC,0.032293,0.020794,0.218338456582856,0.0433560907810373,0.0423157014338971,GPR
0.115714,1.5714,40.0,20,SC,0.029276,0.019734,0.2416771621073271,0.0492434037935011,0.0474146302078575,GPR
0.126429,1.5714,40.0,20,SC,0.026872,0.018844,0.2655195274429045,0.0555127379871405,0.0527585182943906,GPR
0.137143,1.5714,40.0,20,SC,0.024948,0.018091,0.2898929889554009,0.0621896940324536,0.0583679749887721,GPR
0.147857,1.5714,40.0,20,SC,0.023404,0.01745,0.3148316088633973,0.0693023202596536,0.0642656499918911,GPR
0.158571,1.5714,40.0,20,SC,0.022161,0.016903,0.3403667345946098,0.0768781438068387,0.0704737443187441,GPR
0.169286,1.5714,40.0,20,SC,0.021161,0.016436,0.3665311724803841,0.0849447992251045,0.077014574771215,GPR
0.18,1.5714,40.0,20,SC,0.020359,0.016036,0.3933488582912199,0.0935262224977547,0.0839075324330423,GPR
0.03,1.75,40.0,20,SC,0.126277,0.049973,0.0665301360208154,0.0109701336217035,0.011967370308351,GPR
0.040714,1.75,40.0,20,SC,0.104781,0.04136,0.0871591469673739,0.0147691118431046,0.0158255560173288,GPR
0.051429,1.75,40.0,20,SC,0.088115,0.035877,0.1081048454087395,0.0188236042560309,0.0198265841754177,GPR
0.062143,1.75,40.0,20,SC,0.075773,0.032015,0.1293833589694963,0.023142101375831,0.0239770167693537,GPR
0.072857,1.75,40.0,20,SC,0.065929,0.02913,0.151019443555247,0.0277374565718414,0.0282872599342008,GPR
0.083571,1.75,40.0,20,SC,0.058312,0.026888,0.1730383892289127,0.0326253053024461,0.0327699652934809,GPR
0.094286,1.75,40.0,20,SC,0.052128,0.025099,0.1954697303026674,0.0378247459614652,0.0374406540757777,GPR
0.105,1.75,40.0,20,SC,0.047169,0.023641,0.218338456582856,0.0433560907810373,0.0423157014338971,GPR
0.115714,1.75,40.0,20,SC,0.043153,0.022437,0.2416771621073271,0.0492434037935011,0.0474146302078575,GPR
0.126429,1.75,40.0,20,SC,0.039851,0.02143,0.2655195274429045,0.0555127379871405,0.0527585182943906,GPR
0.137143,1.75,40.0,20,SC,0.037148,0.020582,0.2898929889554009,0.0621896940324536,0.0583679749887721,GPR
0.147857,1.75,40.0,20,SC,0.034937,0.019864,0.3148316088633973,0.0693023202596536,0.0642656499918911,GPR
0.158571,1.75,40.0,20,SC,0.033125,0.019253,0.3403667345946098,0.0768781438068387,0.0704737443187441,GPR
0.169286,1.75,40.0,20,SC,0.031644,0.018733,0.3665311724803841,0.0849447992251045,0.077014574771215,GPR
0.18,1.75,40.0,20,SC,0.030444,0.018291,0.3933488582912199,0.0935262224977547,0.0839075324330423,GPR
0.03,1.9286,40.0,20,SC,0.153616,0.062002,0.0665301360208154,0.0109701336217035,0.011967370308351,GPR
0.040714,1.9286,40.0,20,SC,0.12997,0.049183,0.0871591469673739,0.0147691118431046,0.0158255560173288,GPR
0.051429,1.9286,40.0,20,SC,0.112134,0.041849,0.1081048454087395,0.0188236042560309,0.0198265841754177,GPR
0.062143,1.9286,40.0,20,SC,0.098334,0.036961,0.1293833589694963,0.023142101375831,0.0239770167693537,GPR
0.072857,1.9286,40.0,20,SC,0.086951,0.033427,0.151019443555247,0.0277374565718414,0.0282872599342008,GPR
0.083571,1.9286,40.0,20,SC,0.078244,0.030739,0.1730383892289127,0.0326253053024461,0.0327699652934809,GPR
0.094286,1.9286,40.0,20,SC,0.071008,0.028626,0.1954697303026674,0.0378247459614652,0.0374406540757777,GPR
0.105,1.9286,40.0,20,SC,0.06496,0.026925,0.218338456582856,0.0433560907810373,0.0423157014338971,GPR
0.115714,1.9286,40.0,20,SC,0.060089,0.025531,0.2416771621073271,0.0492434037935011,0.0474146302078575,GPR
0.126429,1.9286,40.0,20,SC,0.056101,0.024375,0.2655195274429045,0.0555127379871405,0.0527585182943906,GPR
0.137143,1.9286,40.0,20,SC,0.052757,0.023407,0.2898929889554009,0.0621896940324536,0.0583679749887721,GPR
0.147857,1.9286,40.0,20,SC,0.049951,0.022593,0.3148316088633973,0.0693023202596536,0.0642656499918911,GPR
0.158571,1.9286,40.0,20,SC,0.047628,0.021905,0.3403667345946098,0.0768781438068387,0.0704737443187441,GPR
0.169286,1.9286,40.0,20,SC,0.045726,0.021323,0.3665311724803841,0.0849447992251045,0.077014574771215,GPR
0.18,1.9286,40.0,20,SC,0.044185,0.020832,0.3933488582912199,0.0935262224977547,0.0839075324330423,GPR
0.03,2.1071,40.0,20,SC,0.180095,0.086918,0.0665301360208154,0.0109701336217035,0.011967370308351,GPR
0.040714,2.1071,40.0,20,SC,0.15579,0.061798,0.0871591469673739,0.0147691118431046,0.0158255560173288,GPR
0.051429,2.1071,40.0,20,SC,0.137563,0.050433,0.1081048454087395,0.0188236042560309,0.0198265841754177,GPR
0.062143,2.1071,40.0,20,SC,0.121593,0.043614,0.1293833589694963,0.023142101375831,0.0239770167693537,GPR
0.072857,2.1071,40.0,20,SC,0.109689,0.038966,0.151019443555247,0.0277374565718414,0.0282872599342008,GPR
0.083571,2.1071,40.0,20,SC,0.10013,0.035563,0.1730383892289127,0.0326253053024461,0.0327699652934809,GPR
0.094286,2.1071,40.0,20,SC,0.091738,0.032954,0.1954697303026674,0.0378247459614652,0.0374406540757777,GPR
0.105,2.1071,40.0,20,SC,0.084758,0.030892,0.218338456582856,0.0433560907810373,0.0423157014338971,GPR
0.115714,2.1071,40.0,20,SC,0.079204,0.029228,0.2416771621073271,0.0492434037935011,0.0474146302078575,GPR
0.126429,2.1071,40.0,20,SC,0.074654,0.027864,0.2655195274429045,0.0555127379871405,0.0527585182943906,GPR
0.137143,2.1071,40.0,20,SC,0.070801,0.026734,0.2898929889554009,0.0621896940324536,0.0583679749887721,GPR
0.147857,2.1071,40.0,20,SC,0.06751,0.025791,0.3148316088633973,0.0693023202596536,0.0642656499918911,GPR
0.158571,2.1071,40.0,20,SC,0.06473,0.025002,0.3403667345946098,0.0768781438068387,0.0704737443187441,GPR
0.169286,2.1071,40.0,20,SC,0.062426,0.024342,0.3665311724803841,0.0849447992251045,0.077014574771215,GPR
0.18,2.1071,40.0,20,SC,0.060552,0.023791,0.3933488582912199,0.0935262224977547,0.0839075324330423,GPR
0.03,2.2857,40.0,20,SC,0.207009,0.189523,0.0665301360208154,0.0109701336217035,0.011967370308351,GPR
0.040714,2.2857,40.0,20,SC,0.182172,0.08948,0.0871591469673739,0.0147691118431046,0.0158255560173288,GPR
0.051429,2.2857,40.0,20,SC,0.161426,0.065198,0.1081048454087395,0.0188236042560309,0.0198265841754177,GPR
0.062143,2.2857,40.0,20,SC,0.146602,0.053777,0.1293833589694963,0.023142101375831,0.0239770167693537,GPR
0.072857,2.2857,40.0,20,SC,0.133953,0.046855,0.151019443555247,0.0277374565718414,0.0282872599342008,GPR
0.083571,2.2857,40.0,20,SC,0.122514,0.042122,0.1730383892289127,0.0326253053024461,0.0327699652934809,GPR
0.094286,2.2857,40.0,20,SC,0.113334,0.038655,0.1954697303026674,0.0378247459614652,0.0374406540757777,GPR
0.105,2.2857,40.0,20,SC,0.106177,0.036,0.218338456582856,0.0433560907810373,0.0423157014338971,GPR
0.115714,2.2857,40.0,20,SC,0.100259,0.033907,0.2416771621073271,0.0492434037935011,0.0474146302078575,GPR
0.126429,2.2857,40.0,20,SC,0.095136,0.032224,0.2655195274429045,0.0555127379871405,0.0527585182943906,GPR
0.137143,2.2857,40.0,20,SC,0.090652,0.030852,0.2898929889554009,0.0621896940324536,0.0583679749887721,GPR
0.147857,2.2857,40.0,20,SC,0.086797,0.029723,0.3148316088633973,0.0693023202596536,0.0642656499918911,GPR
0.158571,2.2857,40.0,20,SC,0.083569,0.028791,0.3403667345946098,0.0768781438068387,0.0704737443187441,GPR
0.169286,2.2857,40.0,20,SC,0.080921,0.028022,0.3665311724803841,0.0849447992251045,0.077014574771215,GPR
0.18,2.2857,40.0,20,SC,0.078781,0.027391,0.3933488582912199,0.0935262224977547,0.0839075324330423,GPR
0.03,2.4643,40.0,20,SC,0.229687,0.383392,0.0665301360208154,0.0109701336217035,0.011967370308351,GPR
0.040714,2.4643,40.0,20,SC,0.207359,0.213182,0.0871591469673739,0.0147691118431046,0.0158255560173288,GPR
0.051429,2.4643,40.0,20,SC,0.188318,0.103246,0.1081048454087395,0.0188236042560309,0.0198265841754177,GPR
0.062143,2.4643,40.0,20,SC,0.170403,0.073459,0.1293833589694963,0.023142101375831,0.0239770167693537,GPR
0.072857,2.4643,40.0,20,SC,0.156555,0.060128,0.151019443555247,0.0277374565718414,0.0282872599342008,GPR
0.083571,2.4643,40.0,20,SC,0.146049,0.052281,0.1730383892289127,0.0326253053024461,0.0327699652934809,GPR
0.094286,2.4643,40.0,20,SC,0.137216,0.047018,0.1954697303026674,0.0378247459614652,0.0374406540757777,GPR
0.105,2.4643,40.0,20,SC,0.129276,0.043217,0.218338456582856,0.0433560907810373,0.0423157014338971,GPR
0.115714,2.4643,40.0,20,SC,0.122118,0.040343,0.2416771621073271,0.0492434037935011,0.0474146302078575,GPR
0.126429,2.4643,40.0,20,SC,0.11599,0.038103,0.2655195274429045,0.0555127379871405,0.0527585182943906,GPR
0.137143,2.4643,40.0,20,SC,0.110972,0.036322,0.2898929889554009,0.0621896940324536,0.0583679749887721,GPR
0.147857,2.4643,40.0,20,SC,0.106903,0.03489,0.3148316088633973,0.0693023202596536,0.0642656499918911,GPR
0.158571,2.4643,40.0,20,SC,0.103581,0.033731,0.3403667345946098,0.0768781438068387,0.0704737443187441,GPR
0.169286,2.4643,40.0,20,SC,0.100855,0.032793,0.3665311724803841,0.0849447992251045,0.077014574771215,GPR
0.18,2.4643,40.0,20,SC,0.098624,0.03204,0.3933488582912199,0.0935262224977547,0.0839075324330423,GPR
0.03,2.6429,40.0,20,SC,0.255528,0.450959,0.0665301360208154,0.0109701336217035,0.011967370308351,GPR
0.040714,2.6429,40.0,20,SC,0.22942,0.388046,0.0871591469673739,0.0147691118431046,0.0158255560173288,GPR
0.051429,2.6429,40.0,20,SC,0.211006,0.270358,0.1081048454087395,0.0188236042560309,0.0198265841754177,GPR
0.062143,2.6429,40.0,20,SC,0.196101,0.144147,0.1293833589694963,0.023142101375831,0.0239770167693537,GPR
0.072857,2.6429,40.0,20,SC,0.182358,0.09234,0.151019443555247,0.0277374565718414,0.0282872599342008,GPR
0.083571,2.6429,40.0,20,SC,0.169498,0.072485,0.1730383892289127,0.0326253053024461,0.0327699652934809,GPR
0.094286,2.6429,40.0,20,SC,0.158904,0.061866,0.1954697303026674,0.0378247459614652,0.0374406540757777,GPR
0.105,2.6429,40.0,20,SC,0.150661,0.055136,0.218338456582856,0.0433560907810373,0.0423157014338971,GPR
0.115714,2.6429,40.0,20,SC,0.144019,0.050461,0.2416771621073271,0.0492434037935011,0.0474146302078575,GPR
0.126429,2.6429,40.0,20,SC,0.13845,0.047029,0.2655195274429045,0.0555127379871405,0.0527585182943906,GPR
0.137143,2.6429,40.0,20,SC,0.13367,0.044422,0.2898929889554009,0.0621896940324536,0.0583679749887721,GPR
0.147857,2.6429,40.0,20,SC,0.129533,0.042401,0.3148316088633973,0.0693023202596536,0.0642656499918911,GPR
0.158571,2.6429,40.0,20,SC,0.125968,0.040818,0.3403667345946098,0.0768781438068387,0.0704737443187441,GPR
0.169286,2.6429,40.0,20,SC,0.122937,0.039577,0.3665311724803841,0.0849447992251045,0.077014574771215,GPR
0.18,2.6429,40.0,20,SC,0.120419,0.038613,0.3933488582912199,0.0935262224977547,0.0839075324330423,GPR
0.03,2.8214,40.0,20,SC,0.277981,0.481368,0.0665301360208154,0.0109701336217035,0.011967370308351,GPR
0.040714,2.8214,40.0,20,SC,0.255011,0.450927,0.0871591469673739,0.0147691118431046,0.0158255560173288,GPR
0.051429,2.8214,40.0,20,SC,0.233248,0.404732,0.1081048454087395,0.0188236042560309,0.0198265841754177,GPR
0.062143,2.8214,40.0,20,SC,0.217012,0.332524,0.1293833589694963,0.023142101375831,0.0239770167693537,GPR
0.072857,2.8214,40.0,20,SC,0.204473,0.241237,0.151019443555247,0.0277374565718414,0.0282872599342008,GPR
0.083571,2.8214,40.0,20,SC,0.193846,0.150482,0.1730383892289127,0.0326253053024461,0.0327699652934809,GPR
0.094286,2.8214,40.0,20,SC,0.184271,0.103509,0.1954697303026674,0.0378247459614652,0.0374406540757777,GPR
0.105,2.8214,40.0,20,SC,0.17539,0.082656,0.218338456582856,0.0433560907810373,0.0423157014338971,GPR
0.115714,2.8214,40.0,20,SC,0.167312,0.071219,0.2416771621073271,0.0492434037935011,0.0474146302078575,GPR
0.126429,2.8214,40.0,20,SC,0.160369,0.063986,0.2655195274429045,0.0555127379871405,0.0527585182943906,GPR
0.137143,2.8214,40.0,20,SC,0.15465,0.059022,0.2898929889554009,0.0621896940324536,0.0583679749887721,GPR
0.147857,2.8214,40.0,20,SC,0.149994,0.055453,0.3148316088633973,0.0693023202596536,0.0642656499918911,GPR
0.158571,2.8214,40.0,20,SC,0.146195,0.052821,0.3403667345946098,0.0768781438068387,0.0704737443187441,GPR
0.169286,2.8214,40.0,20,SC,0.143088,0.050867,0.3665311724803841,0.0849447992251045,0.077014574771215,GPR
0.18,2.8214,40.0,20,SC,0.140561,0.049432,0.3933488582912199,0.0935262224977547,0.0839075324330423,GPR
0.03,3.0,40.0,20,SC,0.295246,0.589385,0.0665301360208154,0.0109701336217035,0.011967370308351,GPR
0.040714,3.0,40.0,20,SC,0.276357,0.474876,0.0871591469673739,0.0147691118431046,0.0158255560173288,GPR
0.051429,3.0,40.0,20,SC,0.25844,0.526103,0.1081048454087395,0.0188236042560309,0.0198265841754177,GPR
0.062143,3.0,40.0,20,SC,0.240677,0.465934,0.1293833589694963,0.023142101375831,0.0239770167693537,GPR
0.072857,3.0,40.0,20,SC,0.225581,0.379302,0.151019443555247,0.0277374565718414,0.0282872599342008,GPR
0.083571,3.0,40.0,20,SC,0.213988,0.336232,0.1730383892289127,0.0326253053024461,0.0327699652934809,GPR
0.094286,3.0,40.0,20,SC,0.204714,0.276427,0.1954697303026674,0.0378247459614652,0.0374406540757777,GPR
0.105,3.0,40.0,20,SC,0.196928,0.212668,0.218338456582856,0.0433560907810373,0.0423157014338971,GPR
0.115714,3.0,40.0,20,SC,0.190196,0.157748,0.2416771621073271,0.0492434037935011,0.0474146302078575,GPR
0.126429,3.0,40.0,20,SC,0.184286,0.121956,0.2655195274429045,0.0555127379871405,0.0527585182943906,GPR
0.137143,3.0,40.0,20,SC,0.179076,0.101808,0.2898929889554009,0.0621896940324536,0.0583679749887721,GPR
0.147857,3.0,40.0,20,SC,0.174509,0.089905,0.3148316088633973,0.0693023202596536,0.0642656499918911,GPR
0.158571,3.0,40.0,20,SC,0.170564,0.082375,0.3403667345946098,0.0768781438068387,0.0704737443187441,GPR
0.169286,3.0,40.0,20,SC,0.167232,0.077431,0.3665311724803841,0.0849447992251045,0.077014574771215,GPR
0.18,3.0,40.0,20,SC,0.164497,0.07419,0.3933488582912199,0.0935262224977547,0.0839075324330423,GPR
0.03,0.5,10.0,5,FCC,0.507873,0.270667,0.1374801134742816,0.0632812463452137,0.0637868067677611,GPR
0.040714,0.5,10.0,5,FCC,0.452398,0.241541,0.1649879445678289,0.0754201784422323,0.0752047928127203,GPR
0.051429,0.5,10.0,5,FCC,0.409864,0.240247,0.1942135868811069,0.0880541207830709,0.0868989325644335,GPR
0.062143,0.5,10.0,5,FCC,0.387365,0.262567,0.2253606054408146,0.1012346967659918,0.0988898714618153,GPR
0.072857,0.5,10.0,5,FCC,0.374704,0.307751,0.2586631025509222,0.1150417828998232,0.1112028391470513,GPR
0.083571,0.5,10.0,5,FCC,0.358458,0.371958,0.2943956970696346,0.1295571782350305,0.123867149400178,GPR
0.094286,0.5,10.0,5,FCC,0.339924,0.440285,0.3328996620684367,0.1448598699314488,0.1369224581143723,GPR
0.105,0.5,10.0,5,FCC,0.322723,0.486091,0.3745849046816351,0.1610305599164179,0.1504175003481171,GPR
0.115714,0.5,10.0,5,FCC,0.308285,0.489712,0.4199627859869457,0.1781871535626104,0.1644203397994739,GPR
0.126429,0.5,10.0,5,FCC,0.296096,0.456671,0.4696410663089002,0.1965188270301765,0.1790168005881504,GPR
0.137143,0.5,10.0,5,FCC,0.284706,0.407277,0.5243039847391655,0.2163199951475159,0.1943066440931763,GPR
0.147857,0.5,10.0,5,FCC,0.273435,0.357783,0.5847260058382591,0.2380301332969348,0.2104105791649196,GPR
0.158571,0.5,10.0,5,FCC,0.262414,0.315462,0.6517299791754321,0.2622353623203156,0.2274619707900609,GPR
0.169286,0.5,10.0,5,FCC,0.25183,0.281927,0.7261657566529944,0.2896509851261112,0.2456052424974568,GPR
0.18,0.5,10.0,5,FCC,0.241707,0.256513,0.808840368709163,0.3210547697601771,0.2649826641710379,GPR
0.03,0.6786,10.0,5,FCC,0.425769,0.399105,0.1374801134742816,0.0632812463452137,0.0637868067677611,GPR
0.040714,0.6786,10.0,5,FCC,0.486059,0.313693,0.1649879445678289,0.0754201784422323,0.0752047928127203,GPR
0.051429,0.6786,10.0,5,FCC,0.503926,0.259566,0.1942135868811069,0.0880541207830709,0.0868989325644335,GPR
0.062143,0.6786,10.0,5,FCC,0.489225,0.224658,0.2253606054408146,0.1012346967659918,0.0988898714618153,GPR
0.072857,0.6786,10.0,5,FCC,0.462756,0.202298,0.2586631025509222,0.1150417828998232,0.1112028391470513,GPR
0.083571,0.6786,10.0,5,FCC,0.433884,0.188876,0.2943956970696346,0.1295571782350305,0.123867149400178,GPR
0.094286,0.6786,10.0,5,FCC,0.407128,0.182487,0.3328996620684367,0.1448598699314488,0.1369224581143723,GPR
0.105,0.6786,10.0,5,FCC,0.385051,0.182239,0.3745849046816351,0.1610305599164179,0.1504175003481171,GPR
0.115714,0.6786,10.0,5,FCC,0.36944,0.187925,0.4199627859869457,0.1781871535626104,0.1644203397994739,GPR
0.126429,0.6786,10.0,5,FCC,0.361418,0.199851,0.4696410663089002,0.1965188270301765,0.1790168005881504,GPR
0.137143,0.6786,10.0,5,FCC,0.359455,0.218753,0.5243039847391655,0.2163199951475159,0.1943066440931763,GPR
0.147857,0.6786,10.0,5,FCC,0.358091,0.245702,0.5847260058382591,0.2380301332969348,0.2104105791649196,GPR
0.158571,0.6786,10.0,5,FCC,0.353417,0.28192,0.6517299791754321,0.2622353623203156,0.2274619707900609,GPR
0.169286,0.6786,10.0,5,FCC,0.345747,0.328346,0.7261657566529944,0.2896509851261112,0.2456052424974568,GPR
0.18,0.6786,10.0,5,FCC,0.336608,0.384764,0.808840368709163,0.3210547697601771,0.2649826641710379,GPR
0.03,0.8571,10.0,5,FCC,0.324462,0.581119,0.1374801134742816,0.0632812463452137,0.0637868067677611,GPR
0.040714,0.8571,10.0,5,FCC,0.336731,0.476898,0.1649879445678289,0.0754201784422323,0.0752047928127203,GPR
0.051429,0.8571,10.0,5,FCC,0.356098,0.389922,0.1942135868811069,0.0880541207830709,0.0868989325644335,GPR
0.062143,0.8571,10.0,5,FCC,0.390656,0.324723,0.2253606054408146,0.1012346967659918,0.0988898714618153,GPR
0.072857,0.8571,10.0,5,FCC,0.433238,0.276687,0.2586631025509222,0.1150417828998232,0.1112028391470513,GPR
0.083571,0.8571,10.0,5,FCC,0.459984,0.241028,0.2943956970696346,0.1295571782350305,0.123867149400178,GPR
0.094286,0.8571,10.0,5,FCC,0.466744,0.214232,0.3328996620684367,0.1448598699314488,0.1369224581143723,GPR
0.105,0.8571,10.0,5,FCC,0.461294,0.193905,0.3745849046816351,0.1610305599164179,0.1504175003481171,GPR
0.115714,0.8571,10.0,5,FCC,0.449385,0.178435,0.4199627859869457,0.1781871535626104,0.1644203397994739,GPR
0.126429,0.8571,10.0,5,FCC,0.434188,0.166737,0.4696410663089002,0.1965188270301765,0.1790168005881504,GPR
0.137143,0.8571,10.0,5,FCC,0.417554,0.158076,0.5243039847391655,0.2163199951475159,0.1943066440931763,GPR
0.147857,0.8571,10.0,5,FCC,0.400703,0.151958,0.5847260058382591,0.2380301332969348,0.2104105791649196,GPR
0.158571,0.8571,10.0,5,FCC,0.384519,0.148058,0.6517299791754321,0.2622353623203156,0.2274619707900609,GPR
0.169286,0.8571,10.0,5,FCC,0.369678,0.146179,0.7261657566529944,0.2896509851261112,0.2456052424974568,GPR
0.18,0.8571,10.0,5,FCC,0.356733,0.146224,0.808840368709163,0.3210547697601771,0.2649826641710379,GPR
0.03,1.0357,10.0,5,FCC,0.27362,0.598597,0.1374801134742816,0.0632812463452137,0.0637868067677611,GPR
0.040714,1.0357,10.0,5,FCC,0.282614,0.597416,0.1649879445678289,0.0754201784422323,0.0752047928127203,GPR
0.051429,1.0357,10.0,5,FCC,0.289126,0.543417,0.1942135868811069,0.0880541207830709,0.0868989325644335,GPR
0.062143,1.0357,10.0,5,FCC,0.29516,0.474198,0.2253606054408146,0.1012346967659918,0.0988898714618153,GPR
0.072857,1.0357,10.0,5,FCC,0.30273,0.409094,0.2586631025509222,0.1150417828998232,0.1112028391470513,GPR
0.083571,1.0357,10.0,5,FCC,0.314329,0.354025,0.2943956970696346,0.1295571782350305,0.123867149400178,GPR
0.094286,1.0357,10.0,5,FCC,0.332998,0.30919,0.3328996620684367,0.1448598699314488,0.1369224581143723,GPR
0.105,1.0357,10.0,5,FCC,0.360262,0.27307,0.3745849046816351,0.1610305599164179,0.1504175003481171,GPR
0.115714,1.0357,10.0,5,FCC,0.39091,0.243939,0.4199627859869457,0.1781871535626104,0.1644203397994739,GPR
0.126429,1.0357,10.0,5,FCC,0.414914,0.220309,0.4696410663089002,0.1965188270301765,0.1790168005881504,GPR
0.137143,1.0357,10.0,5,FCC,0.428209,0.201007,0.5243039847391655,0.2163199951475159,0.1943066440931763,GPR
0.147857,1.0357,10.0,5,FCC,0.432781,0.185136,0.5847260058382591,0.2380301332969348,0.2104105791649196,GPR
0.158571,1.0357,10.0,5,FCC,0.431535,0.172018,0.6517299791754321,0.2622353623203156,0.2274619707900609,GPR
0.169286,1.0357,10.0,5,FCC,0.42656,0.161138,0.7261657566529944,0.2896509851261112,0.2456052424974568,GPR
0.18,1.0357,10.0,5,FCC,0.419181,0.152108,0.808840368709163,0.3210547697601771,0.2649826641710379,GPR
0.03,1.2143,10.0,5,FCC,0.231773,0.422517,0.1374801134742816,0.0632812463452137,0.0637868067677611,GPR
0.040714,1.2143,10.0,5,FCC,0.242058,0.507741,0.1649879445678289,0.0754201784422323,0.0752047928127203,GPR
0.051429,1.2143,10.0,5,FCC,0.249299,0.553889,0.1942135868811069,0.0880541207830709,0.0868989325644335,GPR
0.062143,1.2143,10.0,5,FCC,0.254549,0.557204,0.2253606054408146,0.1012346967659918,0.0988898714618153,GPR
0.072857,1.2143,10.0,5,FCC,0.258602,0.529132,0.2586631025509222,0.1150417828998232,0.1112028391470513,GPR
0.083571,1.2143,10.0,5,FCC,0.262107,0.4852,0.2943956970696346,0.1295571782350305,0.123867149400178,GPR
0.094286,1.2143,10.0,5,FCC,0.265672,0.437076,0.3328996620684367,0.1448598699314488,0.1369224581143723,GPR
0.105,1.2143,10.0,5,FCC,0.269947,0.391142,0.3745849046816351,0.1610305599164179,0.1504175003481171,GPR
0.115714,1.2143,10.0,5,FCC,0.275718,0.35004,0.4199627859869457,0.1781871535626104,0.1644203397994739,GPR
0.126429,1.2143,10.0,5,FCC,0.284007,0.314386,0.4696410663089002,0.1965188270301765,0.1790168005881504,GPR
0.137143,1.2143,10.0,5,FCC,0.29606,0.283887,0.5243039847391655,0.2163199951475159,0.1943066440931763,GPR
0.147857,1.2143,10.0,5,FCC,0.312952,0.257925,0.5847260058382591,0.2380301332969348,0.2104105791649196,GPR
0.158571,1.2143,10.0,5,FCC,0.334321,0.235823,0.6517299791754321,0.2622353623203156,0.2274619707900609,GPR
0.169286,1.2143,10.0,5,FCC,0.35701,0.216961,0.7261657566529944,0.2896509851261112,0.2456052424974568,GPR
0.18,1.2143,10.0,5,FCC,0.376502,0.200803,0.808840368709163,0.3210547697601771,0.2649826641710379,GPR
0.03,1.3929,10.0,5,FCC,0.196148,0.263092,0.1374801134742816,0.0632812463452137,0.0637868067677611,GPR
0.040714,1.3929,10.0,5,FCC,0.207152,0.335792,0.1649879445678289,0.0754201784422323,0.0752047928127203,GPR
0.051429,1.3929,10.0,5,FCC,0.215438,0.40649,0.1942135868811069,0.0880541207830709,0.0868989325644335,GPR
0.062143,1.3929,10.0,5,FCC,0.221712,0.465386,0.2253606054408146,0.1012346967659918,0.0988898714618153,GPR
0.072857,1.3929,10.0,5,FCC,0.226502,0.50407,0.2586631025509222,0.1150417828998232,0.1112028391470513,GPR
0.083571,1.3929,10.0,5,FCC,0.230218,0.519096,0.2943956970696346,0.1295571782350305,0.123867149400178,GPR
0.094286,1.3929,10.0,5,FCC,0.233181,0.512787,0.3328996620684367,0.1448598699314488,0.1369224581143723,GPR
0.105,1.3929,10.0,5,FCC,0.235658,0.491054,0.3745849046816351,0.1610305599164179,0.1504175003481171,GPR
0.115714,1.3929,10.0,5,FCC,0.237887,0.460418,0.4199627859869457,0.1781871535626104,0.1644203397994739,GPR
0.126429,1.3929,10.0,5,FCC,0.240091,0.426143,0.4696410663089002,0.1965188270301765,0.1790168005881504,GPR
0.137143,1.3929,10.0,5,FCC,0.242501,0.391715,0.5243039847391655,0.2163199951475159,0.1943066440931763,GPR
0.147857,1.3929,10.0,5,FCC,0.245379,0.359106,0.5847260058382591,0.2380301332969348,0.2104105791649196,GPR
0.158571,1.3929,10.0,5,FCC,0.249039,0.329235,0.6517299791754321,0.2622353623203156,0.2274619707900609,GPR
0.169286,1.3929,10.0,5,FCC,0.253873,0.302395,0.7261657566529944,0.2896509851261112,0.2456052424974568,GPR
0.18,1.3929,10.0,5,FCC,0.260377,0.278531,0.808840368709163,0.3210547697601771,0.2649826641710379,GPR
0.03,1.5714,10.0,5,FCC,0.165903,0.167577,0.1374801134742816,0.0632812463452137,0.0637868067677611,GPR
0.040714,1.5714,10.0,5,FCC,0.176953,0.213037,0.1649879445678289,0.0754201784422323,0.0752047928127203,GPR
0.051429,1.5714,10.0,5,FCC,0.185746,0.263282,0.1942135868811069,0.0880541207830709,0.0868989325644335,GPR
0.062143,1.5714,10.0,5,FCC,0.192756,0.316004,0.2253606054408146,0.1012346967659918,0.0988898714618153,GPR
0.072857,1.5714,10.0,5,FCC,0.198357,0.367617,0.2586631025509222,0.1150417828998232,0.1112028391470513,GPR
0.083571,1.5714,10.0,5,FCC,0.202847,0.413695,0.2943956970696346,0.1295571782350305,0.123867149400178,GPR
0.094286,1.5714,10.0,5,FCC,0.206466,0.449946,0.3328996620684367,0.1448598699314488,0.1369224581143723,GPR
0.105,1.5714,10.0,5,FCC,0.209403,0.473388,0.3745849046816351,0.1610305599164179,0.1504175003481171,GPR
0.115714,1.5714,10.0,5,FCC,0.211816,0.483121,0.4199627859869457,0.1781871535626104,0.1644203397994739,GPR
0.126429,1.5714,10.0,5,FCC,0.213836,0.480323,0.4696410663089002,0.1965188270301765,0.1790168005881504,GPR
0.137143,1.5714,10.0,5,FCC,0.215578,0.467564,0.5243039847391655,0.2163199951475159,0.1943066440931763,GPR
0.147857,1.5714,10.0,5,FCC,0.217141,0.447899,0.5847260058382591,0.2380301332969348,0.2104105791649196,GPR
0.158571,1.5714,10.0,5,FCC,0.218623,0.42417,0.6517299791754321,0.2622353623203156,0.2274619707900609,GPR
0.169286,1.5714,10.0,5,FCC,0.220117,0.398635,0.7261657566529944,0.2896509851261112,0.2456052424974568,GPR
0.18,1.5714,10.0,5,FCC,0.221721,0.372898,0.808840368709163,0.3210547697601771,0.2649826641710379,GPR
0.03,0.5,13.3333,5,FCC,0.37361,0.605171,0.1374801134742816,0.0632812463452137,0.0637868067677611,GPR
0.040714,0.5,13.3333,5,FCC,0.333437,0.402737,0.1649879445678289,0.0754201784422323,0.0752047928127203,GPR
0.051429,0.5,13.3333,5,FCC,0.295052,0.296063,0.1942135868811069,0.0880541207830709,0.0868989325644335,GPR
0.062143,0.5,13.3333,5,FCC,0.261277,0.266132,0.2253606054408146,0.1012346967659918,0.0988898714618153,GPR
0.072857,0.5,13.3333,5,FCC,0.232768,0.275441,0.2586631025509222,0.1150417828998232,0.1112028391470513,GPR
0.083571,0.5,13.3333,5,FCC,0.208807,0.290082,0.2943956970696346,0.1295571782350305,0.123867149400178,GPR
0.094286,0.5,13.3333,5,FCC,0.188441,0.281008,0.3328996620684367,0.1448598699314488,0.1369224581143723,GPR
0.105,0.5,13.3333,5,FCC,0.170924,0.251989,0.3745849046816351,0.1610305599164179,0.1504175003481171,GPR
0.115714,0.5,13.3333,5,FCC,0.155728,0.222061,0.4199627859869457,0.1781871535626104,0.1644203397994739,GPR
0.126429,0.5,13.3333,5,FCC,0.142487,0.199968,0.4696410663089002,0.1965188270301765,0.1790168005881504,GPR
0.137143,0.5,13.3333,5,FCC,0.130931,0.185233,0.5243039847391655,0.2163199951475159,0.1943066440931763,GPR
0.147857,0.5,13.3333,5,FCC,0.120837,0.1742,0.5847260058382591,0.2380301332969348,0.2104105791649196,GPR
0.158571,0.5,13.3333,5,FCC,0.112007,0.163526,0.6517299791754321,0.2622353623203156,0.2274619707900609,GPR
0.169286,0.5,13.3333,5,FCC,0.10426,0.151889,0.7261657566529944,0.2896509851261112,0.2456052424974568,GPR
0.18,0.5,13.3333,5,FCC,0.097433,0.139721,0.808840368709163,0.3210547697601771,0.2649826641710379,GPR
0.03,0.6786,13.3333,5,FCC,0.423108,0.249103,0.1374801134742816,0.0632812463452137,0.0637868067677611,GPR
0.040714,0.6786,13.3333,5,FCC,0.416251,0.393076,0.1649879445678289,0.0754201784422323,0.0752047928127203,GPR
0.051429,0.6786,13.3333,5,FCC,0.386082,0.638877,0.1942135868811069,0.0880541207830709,0.0868989325644335,GPR
0.062143,0.6786,13.3333,5,FCC,0.364024,0.734022,0.2253606054408146,0.1012346967659918,0.0988898714618153,GPR
0.072857,0.6786,13.3333,5,FCC,0.349268,0.572466,0.2586631025509222,0.1150417828998232,0.1112028391470513,GPR
0.083571,0.6786,13.3333,5,FCC,0.330214,0.408927,0.2943956970696346,0.1295571782350305,0.123867149400178,GPR
0.094286,0.6786,13.3333,5,FCC,0.31105,0.309727,0.3328996620684367,0.1448598699314488,0.1369224581143723,GPR
0.105,0.6786,13.3333,5,FCC,0.292564,0.255403,0.3745849046816351,0.1610305599164179,0.1504175003481171,GPR
0.115714,0.6786,13.3333,5,FCC,0.274712,0.229013,0.4199627859869457,0.1781871535626104,0.1644203397994739,GPR
0.126429,0.6786,13.3333,5,FCC,0.258116,0.222201,0.4696410663089002,0.1965188270301765,0.1790168005881504,GPR
0.137143,0.6786,13.3333,5,FCC,0.242946,0.231434,0.5243039847391655,0.2163199951475159,0.1943066440931763,GPR
0.147857,0.6786,13.3333,5,FCC,0.229128,0.254582,0.5847260058382591,0.2380301332969348,0.2104105791649196,GPR
0.158571,0.6786,13.3333,5,FCC,0.216515,0.28708,0.6517299791754321,0.2622353623203156,0.2274619707900609,GPR
0.169286,0.6786,13.3333,5,FCC,0.204953,0.31814,0.7261657566529944,0.2896509851261112,0.2456052424974568,GPR
0.18,0.6786,13.3333,5,FCC,0.194298,0.332799,0.808840368709163,0.3210547697601771,0.2649826641710379,GPR
0.03,0.8571,13.3333,5,FCC,0.429003,0.169742,0.1374801134742816,0.0632812463452137,0.0637868067677611,GPR
0.040714,0.8571,13.3333,5,FCC,0.396133,0.169107,0.1649879445678289,0.0754201784422323,0.0752047928127203,GPR
0.051429,0.8571,13.3333,5,FCC,0.386075,0.189749,0.1942135868811069,0.0880541207830709,0.0868989325644335,GPR
0.062143,0.8571,13.3333,5,FCC,0.40136,0.239166,0.2253606054408146,0.1012346967659918,0.0988898714618153,GPR
0.072857,0.8571,13.3333,5,FCC,0.396297,0.333347,0.2586631025509222,0.1150417828998232,0.1112028391470513,GPR
0.083571,0.8571,13.3333,5,FCC,0.379294,0.492284,0.2943956970696346,0.1295571782350305,0.123867149400178,GPR
0.094286,0.8571,13.3333,5,FCC,0.362242,0.699077,0.3328996620684367,0.1448598699314488,0.1369224581143723,GPR
0.105,0.8571,13.3333,5,FCC,0.350081,0.822735,0.3745849046816351,0.1610305599164179,0.1504175003481171,GPR
0.115714,0.8571,13.3333,5,FCC,0.344408,0.75238,0.4199627859869457,0.1781871535626104,0.1644203397994739,GPR
0.126429,0.8571,13.3333,5,FCC,0.338185,0.592041,0.4696410663089002,0.1965188270301765,0.1790168005881504,GPR
0.137143,0.8571,13.3333,5,FCC,0.328034,0.45177,0.5243039847391655,0.2163199951475159,0.1943066440931763,GPR
0.147857,0.8571,13.3333,5,FCC,0.316772,0.353409,0.5847260058382591,0.2380301332969348,0.2104105791649196,GPR
0.158571,0.8571,13.3333,5,FCC,0.306095,0.28788,0.6517299791754321,0.2622353623203156,0.2274619707900609,GPR
0.169286,0.8571,13.3333,5,FCC,0.295697,0.244531,0.7261657566529944,0.2896509851261112,0.2456052424974568,GPR
0.18,0.8571,13.3333,5,FCC,0.285071,0.216146,0.808840368709163,0.3210547697601771,0.2649826641710379,GPR
0.03,1.0357,13.3333,5,FCC,0.426233,0.181884,0.1374801134742816,0.0632812463452137,0.0637868067677611,GPR
0.040714,1.0357,13.3333,5,FCC,0.418365,0.158821,0.1649879445678289,0.0754201784422323,0.0752047928127203,GPR
0.051429,1.0357,13.3333,5,FCC,0.397505,0.14674,0.1942135868811069,0.0880541207830709,0.0868989325644335,GPR
0.062143,1.0357,13.3333,5,FCC,0.374907,0.143356,0.2253606054408146,0.1012346967659918,0.0988898714618153,GPR
0.072857,1.0357,13.3333,5,FCC,0.358434,0.148168,0.2586631025509222,0.1150417828998232,0.1112028391470513,GPR
0.083571,1.0357,13.3333,5,FCC,0.356711,0.162138,0.2943956970696346,0.1295571782350305,0.123867149400178,GPR
0.094286,1.0357,13.3333,5,FCC,0.372505,0.187827,0.3328996620684367,0.1448598699314488,0.1369224581143723,GPR
0.105,1.0357,13.3333,5,FCC,0.381156,0.229886,0.3745849046816351,0.1610305599164179,0.1504175003481171,GPR
0.115714,1.0357,13.3333,5,FCC,0.37604,0.295756,0.4199627859869457,0.1781871535626104,0.1644203397994739,GPR
0.126429,1.0357,13.3333,5,FCC,0.365599,0.395571,0.4696410663089002,0.1965188270301765,0.1790168005881504,GPR
0.137143,1.0357,13.3333,5,FCC,0.354183,0.537426,0.5243039847391655,0.2163199951475159,0.1943066440931763,GPR
0.147857,1.0357,13.3333,5,FCC,0.343754,0.709264,0.5847260058382591,0.2380301332969348,0.2104105791649196,GPR
0.158571,1.0357,13.3333,5,FCC,0.335746,0.850533,0.6517299791754321,0.2622353623203156,0.2274619707900609,GPR
0.169286,1.0357,13.3333,5,FCC,0.331616,0.877677,0.7261657566529944,0.2896509851261112,0.2456052424974568,GPR
0.18,1.0357,13.3333,5,FCC,0.330844,0.785846,0.808840368709163,0.3210547697601771,0.2649826641710379,GPR
0.03,1.2143,13.3333,5,FCC,0.347853,0.212745,0.1374801134742816,0.0632812463452137,0.0637868067677611,GPR
0.040714,1.2143,13.3333,5,FCC,0.388437,0.180072,0.1649879445678289,0.0754201784422323,0.0752047928127203,GPR
0.051429,1.2143,13.3333,5,FCC,0.396856,0.157509,0.1942135868811069,0.0880541207830709,0.0868989325644335,GPR
0.062143,1.2143,13.3333,5,FCC,0.390601,0.142231,0.2253606054408146,0.1012346967659918,0.0988898714618153,GPR
0.072857,1.2143,13.3333,5,FCC,0.377609,0.13242,0.2586631025509222,0.1150417828998232,0.1112028391470513,GPR
0.083571,1.2143,13.3333,5,FCC,0.362054,0.127018,0.2943956970696346,0.1295571782350305,0.123867149400178,GPR
0.094286,1.2143,13.3333,5,FCC,0.346938,0.125507,0.3328996620684367,0.1448598699314488,0.1369224581143723,GPR
0.105,1.2143,13.3333,5,FCC,0.334938,0.127782,0.3745849046816351,0.1610305599164179,0.1504175003481171,GPR
0.115714,1.2143,13.3333,5,FCC,0.329219,0.134101,0.4199627859869457,0.1781871535626104,0.1644203397994739,GPR
0.126429,1.2143,13.3333,5,FCC,0.334126,0.145108,0.4696410663089002,0.1965188270301765,0.1790168005881504,GPR
0.137143,1.2143,13.3333,5,FCC,0.349292,0.161915,0.5243039847391655,0.2163199951475159,0.1943066440931763,GPR
0.147857,1.2143,13.3333,5,FCC,0.360607,0.186247,0.5847260058382591,0.2380301332969348,0.2104105791649196,GPR
0.158571,1.2143,13.3333,5,FCC,0.361874,0.220663,0.6517299791754321,0.2622353623203156,0.2274619707900609,GPR
0.169286,1.2143,13.3333,5,FCC,0.357318,0.268813,0.7261657566529944,0.2896509851261112,0.2456052424974568,GPR
0.18,1.2143,13.3333,5,FCC,0.35034,0.335572,0.808840368709163,0.3210547697601771,0.2649826641710379,GPR
0.03,1.3929,13.3333,5,FCC,0.244564,0.248485,0.1374801134742816,0.0632812463452137,0.0637868067677611,GPR
0.040714,1.3929,13.3333,5,FCC,0.294964,0.211432,0.1649879445678289,0.0754201784422323,0.0752047928127203,GPR
0.051429,1.3929,13.3333,5,FCC,0.341467,0.182804,0.1942135868811069,0.0880541207830709,0.0868989325644335,GPR
0.062143,1.3929,13.3333,5,FCC,0.364105,0.161179,0.2253606054408146,0.1012346967659918,0.0988898714618153,GPR
0.072857,1.3929,13.3333,5,FCC,0.37047,0.144944,0.2586631025509222,0.1150417828998232,0.1112028391470513,GPR
0.083571,1.3929,13.3333,5,FCC,0.368179,0.132839,0.2943956970696346,0.1295571782350305,0.123867149400178,GPR
0.094286,1.3929,13.3333,5,FCC,0.361089,0.123977,0.3328996620684367,0.1448598699314488,0.1369224581143723,GPR
0.105,1.3929,13.3333,5,FCC,0.351322,0.117759,0.3745849046816351,0.1610305599164179,0.1504175003481171,GPR
0.115714,1.3929,13.3333,5,FCC,0.340321,0.1138,0.4199627859869457,0.1781871535626104,0.1644203397994739,GPR
0.126429,1.3929,13.3333,5,FCC,0.329272,0.111874,0.4696410663089002,0.1965188270301765,0.1790168005881504,GPR
0.137143,1.3929,13.3333,5,FCC,0.319262,0.111888,0.5243039847391655,0.2163199951475159,0.1943066440931763,GPR
0.147857,1.3929,13.3333,5,FCC,0.311418,0.113859,0.5847260058382591,0.2380301332969348,0.2104105791649196,GPR
0.158571,1.3929,13.3333,5,FCC,0.307188,0.117914,0.6517299791754321,0.2622353623203156,0.2274619707900609,GPR
0.169286,1.3929,13.3333,5,FCC,0.3087,0.124296,0.7261657566529944,0.2896509851261112,0.2456052424974568,GPR
0.18,1.3929,13.3333,5,FCC,0.318012,0.133386,0.808840368709163,0.3210547697601771,0.2649826641710379,GPR
0.03,1.5714,13.3333,5,FCC,0.19553,0.278887,0.1374801134742816,0.0632812463452137,0.0637868067677611,GPR
0.040714,1.5714,13.3333,5,FCC,0.215892,0.244521,0.1649879445678289,0.0754201784422323,0.0752047928127203,GPR
0.051429,1.5714,13.3333,5,FCC,0.246567,0.213694,0.1942135868811069,0.0880541207830709,0.0868989325644335,GPR
0.062143,1.5714,13.3333,5,FCC,0.286555,0.188172,0.2253606054408146,0.1012346967659918,0.0988898714618153,GPR
0.072857,1.5714,13.3333,5,FCC,0.319727,0.16762,0.2586631025509222,0.1150417828998232,0.1112028391470513,GPR
0.083571,1.5714,13.3333,5,FCC,0.338181,0.151208,0.2943956970696346,0.1295571782350305,0.123867149400178,GPR
0.094286,1.5714,13.3333,5,FCC,0.345906,0.138128,0.3328996620684367,0.1448598699314488,0.1369224581143723,GPR
0.105,1.5714,13.3333,5,FCC,0.347188,0.127722,0.3745849046816351,0.1610305599164179,0.1504175003481171,GPR
0.115714,1.5714,13.3333,5,FCC,0.344529,0.119485,0.4199627859869457,0.1781871535626104,0.1644203397994739,GPR
0.126429,1.5714,13.3333,5,FCC,0.339351,0.113044,0.4696410663089002,0.1965188270301765,0.1790168005881504,GPR
0.137143,1.5714,13.3333,5,FCC,0.332553,0.108125,0.5243039847391655,0.2163199951475159,0.1943066440931763,GPR
0.147857,1.5714,13.3333,5,FCC,0.324792,0.104533,0.5847260058382591,0.2380301332969348,0.2104105791649196,GPR
0.158571,1.5714,13.3333,5,FCC,0.316619,0.102137,0.6517299791754321,0.2622353623203156,0.2274619707900609,GPR
0.169286,1.5714,13.3333,5,FCC,0.30854,0.100855,0.7261657566529944,0.2896509851261112,0.2456052424974568,GPR
0.18,1.5714,13.3333,5,FCC,0.301042,0.100649,0.808840368709163,0.3210547697601771,0.2649826641710379,GPR
0.03,1.75,13.3333,5,FCC,0.168254,0.293482,0.1374801134742816,0.0632812463452137,0.0637868067677611,GPR
0.040714,1.75,13.3333,5,FCC,0.179361,0.270658,0.1649879445678289,0.0754201784422323,0.0752047928127203,GPR
0.051429,1.75,13.3333,5,FCC,0.192292,0.243595,0.1942135868811069,0.0880541207830709,0.0868989325644335,GPR
0.062143,1.75,13.3333,5,FCC,0.209967,0.217704,0.2253606054408146,0.1012346967659918,0.0988898714618153,GPR
0.072857,1.75,13.3333,5,FCC,0.235273,0.194922,0.2586631025509222,0.1150417828998232,0.1112028391470513,GPR
0.083571,1.75,13.3333,5,FCC,0.266225,0.175576,0.2943956970696346,0.1295571782350305,0.123867149400178,GPR
0.094286,1.75,13.3333,5,FCC,0.29356,0.159386,0.3328996620684367,0.1448598699314488,0.1369224581143723,GPR
0.105,1.75,13.3333,5,FCC,0.311577,0.145907,0.3745849046816351,0.1610305599164179,0.1504175003481171,GPR
0.115714,1.75,13.3333,5,FCC,0.321467,0.134698,0.4199627859869457,0.1781871535626104,0.1644203397994739,GPR
0.126429,1.75,13.3333,5,FCC,0.325865,0.125377,0.4696410663089002,0.1965188270301765,0.1790168005881504,GPR
0.137143,1.75,13.3333,5,FCC,0.326675,0.117632,0.5243039847391655,0.2163199951475159,0.1943066440931763,GPR
0.147857,1.75,13.3333,5,FCC,0.32507,0.111215,0.5847260058382591,0.2380301332969348,0.2104105791649196,GPR
0.158571,1.75,13.3333,5,FCC,0.321785,0.10593,0.6517299791754321,0.2622353623203156,0.2274619707900609,GPR
0.169286,1.75,13.3333,5,FCC,0.317306,0.101626,0.7261657566529944,0.2896509851261112,0.2456052424974568,GPR
0.18,1.75,13.3333,5,FCC,0.311994,0.098188,0.808840368709163,0.3210547697601771,0.2649826641710379,GPR
0.03,1.9286,13.3333,5,FCC,0.148517,0.28646,0.1374801134742816,0.0632812463452137,0.0637868067677611,GPR
0.040714,1.9286,13.3333,5,FCC,0.156847,0.281198,0.1649879445678289,0.0754201784422323,0.0752047928127203,GPR
0.051429,1.9286,13.3333,5,FCC,0.164811,0.264739,0.1942135868811069,0.0880541207830709,0.0868989325644335,GPR
0.062143,1.9286,13.3333,5,FCC,0.173429,0.243728,0.2253606054408146,0.1012346967659918,0.0988898714618153,GPR
0.072857,1.9286,13.3333,5,FCC,0.183999,0.222195,0.2586631025509222,0.1150417828998232,0.1112028391470513,GPR
0.083571,1.9286,13.3333,5,FCC,0.198213,0.202096,0.2943956970696346,0.1295571782350305,0.123867149400178,GPR
0.094286,1.9286,13.3333,5,FCC,0.217643,0.184165,0.3328996620684367,0.1448598699314488,0.1369224581143723,GPR
0.105,1.9286,13.3333,5,FCC,0.241579,0.168522,0.3745849046816351,0.1610305599164179,0.1504175003481171,GPR
0.115714,1.9286,13.3333,5,FCC,0.265239,0.155018,0.4199627859869457,0.1781871535626104,0.1644203397994739,GPR
0.126429,1.9286,13.3333,5,FCC,0.283718,0.143414,0.4696410663089002,0.1965188270301765,0.1790168005881504,GPR
0.137143,1.9286,13.3333,5,FCC,0.295983,0.133455,0.5243039847391655,0.2163199951475159,0.1943066440931763,GPR
0.147857,1.9286,13.3333,5,FCC,0.303286,0.124909,0.5847260058382591,0.2380301332969348,0.2104105791649196,GPR
0.158571,1.9286,13.3333,5,FCC,0.30707,0.117571,0.6517299791754321,0.2622353623203156,0.2274619707900609,GPR
0.169286,1.9286,13.3333,5,FCC,0.308396,0.111273,0.7261657566529944,0.2896509851261112,0.2456052424974568,GPR
0.18,1.9286,13.3333,5,FCC,0.307967,0.105872,0.808840368709163,0.3210547697601771,0.2649826641710379,GPR
0.03,2.1071,13.3333,5,FCC,0.132599,0.260881,0.1374801134742816,0.0632812463452137,0.0637868067677611,GPR
0.040714,2.1071,13.3333,5,FCC,0.139791,0.272238,0.1649879445678289,0.0754201784422323,0.0752047928127203,GPR
0.051429,2.1071,13.3333,5,FCC,0.14612,0.270259,0.1942135868811069,0.0880541207830709,0.0868989325644335,GPR
0.062143,2.1071,13.3333,5,FCC,0.152075,0.259313,0.2253606054408146,0.1012346967659918,0.0988898714618153,GPR
0.072857,2.1071,13.3333,5,FCC,0.158166,0.243606,0.2586631025509222,0.1150417828998232,0.1112028391470513,GPR
0.083571,2.1071,13.3333,5,FCC,0.164991,0.226181,0.2943956970696346,0.1295571782350305,0.123867149400178,GPR
0.094286,2.1071,13.3333,5,FCC,0.173317,0.208876,0.3328996620684367,0.1448598699314488,0.1369224581143723,GPR
0.105,2.1071,13.3333,5,FCC,0.184116,0.192643,0.3745849046816351,0.1610305599164179,0.1504175003481171,GPR
0.115714,2.1071,13.3333,5,FCC,0.19838,0.177885,0.4199627859869457,0.1781871535626104,0.1644203397994739,GPR
0.126429,2.1071,13.3333,5,FCC,0.216308,0.164697,0.4696410663089002,0.1965188270301765,0.1790168005881504,GPR
0.137143,2.1071,13.3333,5,FCC,0.236085,0.153023,0.5243039847391655,0.2163199951475159,0.1943066440931763,GPR
0.147857,2.1071,13.3333,5,FCC,0.25432,0.142738,0.5847260058382591,0.2380301332969348,0.2104105791649196,GPR
0.158571,2.1071,13.3333,5,FCC,0.26864,0.133694,0.6517299791754321,0.2622353623203156,0.2274619707900609,GPR
0.169286,2.1071,13.3333,5,FCC,0.278734,0.125745,0.7261657566529944,0.2896509851261112,0.2456052424974568,GPR
0.18,2.1071,13.3333,5,FCC,0.285343,0.118757,0.808840368709163,0.3210547697601771,0.2649826641710379,GPR
0.03,0.5,16.6667,5,FCC,0.241581,0.357342,0.1374801134742816,0.0632812463452137,0.0637868067677611,GPR
0.040714,0.5,16.6667,5,FCC,0.191697,0.275432,0.1649879445678289,0.0754201784422323,0.0752047928127203,GPR
0.051429,0.5,16.6667,5,FCC,0.15568,0.221491,0.1942135868811069,0.0880541207830709,0.0868989325644335,GPR
0.062143,0.5,16.6667,5,FCC,0.129597,0.190869,0.2253606054408146,0.1012346967659918,0.0988898714618153,GPR
0.072857,0.5,16.6667,5,FCC,0.110475,0.154923,0.2586631025509222,0.1150417828998232,0.1112028391470513,GPR
0.083571,0.5,16.6667,5,FCC,0.095992,0.124501,0.2943956970696346,0.1295571782350305,0.123867149400178,GPR
0.094286,0.5,16.6667,5,FCC,0.08461,0.100966,0.3328996620684367,0.1448598699314488,0.1369224581143723,GPR
0.105,0.5,16.6667,5,FCC,0.075372,0.083529,0.3745849046816351,0.1610305599164179,0.1504175003481171,GPR
0.115714,0.5,16.6667,5,FCC,0.067688,0.07084,0.4199627859869457,0.1781871535626104,0.1644203397994739,GPR
0.126429,0.5,16.6667,5,FCC,0.061186,0.061446,0.4696410663089002,0.1965188270301765,0.1790168005881504,GPR
0.137143,0.5,16.6667,5,FCC,0.055625,0.054281,0.5243039847391655,0.2163199951475159,0.1943066440931763,GPR
0.147857,0.5,16.6667,5,FCC,0.050835,0.048653,0.5847260058382591,0.2380301332969348,0.2104105791649196,GPR
0.158571,0.5,16.6667,5,FCC,0.046687,0.044116,0.6517299791754321,0.2622353623203156,0.2274619707900609,GPR
0.169286,0.5,16.6667,5,FCC,0.043076,0.040379,0.7261657566529944,0.2896509851261112,0.2456052424974568,GPR
0.18,0.5,16.6667,5,FCC,0.039916,0.037245,0.808840368709163,0.3210547697601771,0.2649826641710379,GPR
0.03,0.6786,16.6667,5,FCC,0.365577,0.35393,0.1374801134742816,0.0632812463452137,0.0637868067677611,GPR
0.040714,0.6786,16.6667,5,FCC,0.317376,0.258452,0.1649879445678289,0.0754201784422323,0.0752047928127203,GPR
0.051429,0.6786,16.6667,5,FCC,0.275848,0.29687,0.1942135868811069,0.0880541207830709,0.0868989325644335,GPR
0.062143,0.6786,16.6667,5,FCC,0.242077,0.396468,0.2253606054408146,0.1012346967659918,0.0988898714618153,GPR
0.072857,0.6786,16.6667,5,FCC,0.214005,0.371438,0.2586631025509222,0.1150417828998232,0.1112028391470513,GPR
0.083571,0.6786,16.6667,5,FCC,0.189978,0.276788,0.2943956970696346,0.1295571782350305,0.123867149400178,GPR
0.094286,0.6786,16.6667,5,FCC,0.169008,0.224196,0.3328996620684367,0.1448598699314488,0.1369224581143723,GPR
0.105,0.6786,16.6667,5,FCC,0.150716,0.210307,0.3745849046816351,0.1610305599164179,0.1504175003481171,GPR
0.115714,0.6786,16.6667,5,FCC,0.135051,0.210204,0.4199627859869457,0.1781871535626104,0.1644203397994739,GPR
0.126429,0.6786,16.6667,5,FCC,0.1219,0.197497,0.4696410663089002,0.1965188270301765,0.1790168005881504,GPR
0.137143,0.6786,16.6667,5,FCC,0.110946,0.171763,0.5243039847391655,0.2163199951475159,0.1943066440931763,GPR
0.147857,0.6786,16.6667,5,FCC,0.101779,0.14715,0.5847260058382591,0.2380301332969348,0.2104105791649196,GPR
0.158571,0.6786,16.6667,5,FCC,0.094013,0.127701,0.6517299791754321,0.2622353623203156,0.2274619707900609,GPR
0.169286,0.6786,16.6667,5,FCC,0.087337,0.111078,0.7261657566529944,0.2896509851261112,0.2456052424974568,GPR
0.18,0.6786,16.6667,5,FCC,0.081512,0.096133,0.808840368709163,0.3210547697601771,0.2649826641710379,GPR
0.03,0.8571,16.6667,5,FCC,0.398784,0.891783,0.1374801134742816,0.0632812463452137,0.0637868067677611,GPR
0.040714,0.8571,16.6667,5,FCC,0.389802,0.658216,0.1649879445678289,0.0754201784422323,0.0752047928127203,GPR
0.051429,0.8571,16.6667,5,FCC,0.363379,0.363225,0.1942135868811069,0.0880541207830709,0.0868989325644335,GPR
0.062143,0.8571,16.6667,5,FCC,0.336359,0.251743,0.2253606054408146,0.1012346967659918,0.0988898714618153,GPR
0.072857,0.8571,16.6667,5,FCC,0.308408,0.218346,0.2586631025509222,0.1150417828998232,0.1112028391470513,GPR
0.083571,0.8571,16.6667,5,FCC,0.283204,0.233189,0.2943956970696346,0.1295571782350305,0.123867149400178,GPR
0.094286,0.8571,16.6667,5,FCC,0.261072,0.297993,0.3328996620684367,0.1448598699314488,0.1369224581143723,GPR
0.105,0.8571,16.6667,5,FCC,0.241568,0.405423,0.3745849046816351,0.1610305599164179,0.1504175003481171,GPR
0.115714,0.8571,16.6667,5,FCC,0.224188,0.463593,0.4199627859869457,0.1781871535626104,0.1644203397994739,GPR
0.126429,0.8571,16.6667,5,FCC,0.208488,0.399342,0.4696410663089002,0.1965188270301765,0.1790168005881504,GPR
0.137143,0.8571,16.6667,5,FCC,0.19409,0.304922,0.5243039847391655,0.2163199951475159,0.1943066440931763,GPR
0.147857,0.8571,16.6667,5,FCC,0.180696,0.239929,0.5847260058382591,0.2380301332969348,0.2104105791649196,GPR
0.158571,0.8571,16.6667,5,FCC,0.168099,0.205252,0.6517299791754321,0.2622353623203156,0.2274619707900609,GPR
0.169286,0.8571,16.6667,5,FCC,0.156209,0.193004,0.7261657566529944,0.2896509851261112,0.2456052424974568,GPR
0.18,0.8571,16.6667,5,FCC,0.145068,0.197321,0.808840368709163,0.3210547697601771,0.2649826641710379,GPR
0.03,1.0357,16.6667,5,FCC,0.413069,0.266082,0.1374801134742816,0.0632812463452137,0.0637868067677611,GPR
0.040714,1.0357,16.6667,5,FCC,0.395954,0.539126,0.1649879445678289,0.0754201784422323,0.0752047928127203,GPR
0.051429,1.0357,16.6667,5,FCC,0.376993,0.937823,0.1942135868811069,0.0880541207830709,0.0868989325644335,GPR
0.062143,1.0357,16.6667,5,FCC,0.378072,0.779759,0.2253606054408146,0.1012346967659918,0.0988898714618153,GPR
0.072857,1.0357,16.6667,5,FCC,0.36634,0.474152,0.2586631025509222,0.1150417828998232,0.1112028391470513,GPR
0.083571,1.0357,16.6667,5,FCC,0.349237,0.313776,0.2943956970696346,0.1295571782350305,0.123867149400178,GPR
0.094286,1.0357,16.6667,5,FCC,0.333099,0.236352,0.3328996620684367,0.1448598699314488,0.1369224581143723,GPR
0.105,1.0357,16.6667,5,FCC,0.314929,0.1998,0.3745849046816351,0.1610305599164179,0.1504175003481171,GPR
0.115714,1.0357,16.6667,5,FCC,0.297264,0.187806,0.4199627859869457,0.1781871535626104,0.1644203397994739,GPR
0.126429,1.0357,16.6667,5,FCC,0.280923,0.195963,0.4696410663089002,0.1965188270301765,0.1790168005881504,GPR
0.137143,1.0357,16.6667,5,FCC,0.265964,0.226709,0.5243039847391655,0.2163199951475159,0.1943066440931763,GPR
0.147857,1.0357,16.6667,5,FCC,0.252273,0.287198,0.5847260058382591,0.2380301332969348,0.2104105791649196,GPR
0.158571,1.0357,16.6667,5,FCC,0.239699,0.381594,0.6517299791754321,0.2622353623203156,0.2274619707900609,GPR
0.169286,1.0357,16.6667,5,FCC,0.22809,0.483015,0.7261657566529944,0.2896509851261112,0.2456052424974568,GPR
0.18,1.0357,16.6667,5,FCC,0.217305,0.516047,0.808840368709163,0.3210547697601771,0.2649826641710379,GPR
0.03,1.2143,16.6667,5,FCC,0.338886,0.143242,0.1374801134742816,0.0632812463452137,0.0637868067677611,GPR
0.040714,1.2143,16.6667,5,FCC,0.379406,0.186275,0.1649879445678289,0.0754201784422323,0.0752047928127203,GPR
0.051429,1.2143,16.6667,5,FCC,0.39036,0.28578,0.1942135868811069,0.0880541207830709,0.0868989325644335,GPR
0.062143,1.2143,16.6667,5,FCC,0.376224,0.498135,0.2253606054408146,0.1012346967659918,0.0988898714618153,GPR
0.072857,1.2143,16.6667,5,FCC,0.361785,0.841136,0.2586631025509222,0.1150417828998232,0.1112028391470513,GPR
0.083571,1.2143,16.6667,5,FCC,0.358385,0.968539,0.2943956970696346,0.1295571782350305,0.123867149400178,GPR
0.094286,1.2143,16.6667,5,FCC,0.363828,0.720287,0.3328996620684367,0.1448598699314488,0.1369224581143723,GPR
0.105,1.2143,16.6667,5,FCC,0.355988,0.480125,0.3745849046816351,0.1610305599164179,0.1504175003481171,GPR
0.115714,1.2143,16.6667,5,FCC,0.344031,0.337698,0.4199627859869457,0.1781871535626104,0.1644203397994739,GPR
0.126429,1.2143,16.6667,5,FCC,0.333927,0.256894,0.4696410663089002,0.1965188270301765,0.1790168005881504,GPR
0.137143,1.2143,16.6667,5,FCC,0.323145,0.209944,0.5243039847391655,0.2163199951475159,0.1943066440931763,GPR
0.147857,1.2143,16.6667,5,FCC,0.310726,0.182792,0.5847260058382591,0.2380301332969348,0.2104105791649196,GPR
0.158571,1.2143,16.6667,5,FCC,0.298285,0.168733,0.6517299791754321,0.2622353623203156,0.2274619707900609,GPR
0.169286,1.2143,16.6667,5,FCC,0.286392,0.164879,0.7261657566529944,0.2896509851261112,0.2456052424974568,GPR
0.18,1.2143,16.6667,5,FCC,0.275187,0.170659,0.808840368709163,0.3210547697601771,0.2649826641710379,GPR
0.03,1.3929,16.6667,5,FCC,0.325124,0.118591,0.1374801134742816,0.0632812463452137,0.0637868067677611,GPR
0.040714,1.3929,16.6667,5,FCC,0.316089,0.12353,0.1649879445678289,0.0754201784422323,0.0752047928127203,GPR
0.051429,1.3929,16.6667,5,FCC,0.328082,0.141541,0.1942135868811069,0.0880541207830709,0.0868989325644335,GPR
0.062143,1.3929,16.6667,5,FCC,0.365857,0.179123,0.2253606054408146,0.1012346967659918,0.0988898714618153,GPR
0.072857,1.3929,16.6667,5,FCC,0.371907,0.250092,0.2586631025509222,0.1150417828998232,0.1112028391470513,GPR
0.083571,1.3929,16.6667,5,FCC,0.362909,0.380827,0.2943956970696346,0.1295571782350305,0.123867149400178,GPR
0.094286,1.3929,16.6667,5,FCC,0.351629,0.606114,0.3328996620684367,0.1448598699314488,0.1369224581143723,GPR
0.105,1.3929,16.6667,5,FCC,0.342779,0.8901,0.3745849046816351,0.1610305599164179,0.1504175003481171,GPR
0.115714,1.3929,16.6667,5,FCC,0.341928,0.988068,0.4199627859869457,0.1781871535626104,0.1644203397994739,GPR
0.126429,1.3929,16.6667,5,FCC,0.349949,0.805975,0.4696410663089002,0.1965188270301765,0.1790168005881504,GPR
0.137143,1.3929,16.6667,5,FCC,0.349247,0.579757,0.5243039847391655,0.2163199951475159,0.1943066440931763,GPR
0.147857,1.3929,16.6667,5,FCC,0.341799,0.41937,0.5847260058382591,0.2380301332969348,0.2104105791649196,GPR
0.158571,1.3929,16.6667,5,FCC,0.333202,0.3176,0.6517299791754321,0.2622353623203156,0.2274619707900609,GPR
0.169286,1.3929,16.6667,5,FCC,0.326138,0.252898,0.7261657566529944,0.2896509851261112,0.2456052424974568,GPR
0.18,1.3929,16.6667,5,FCC,0.319722,0.210778,0.808840368709163,0.3210547697601771,0.2649826641710379,GPR
0.03,1.5714,16.6667,5,FCC,0.313924,0.115237,0.1374801134742816,0.0632812463452137,0.0637868067677611,GPR
0.040714,1.5714,16.6667,5,FCC,0.308563,0.109429,0.1649879445678289,0.0754201784422323,0.0752047928127203,GPR
0.051429,1.5714,16.6667,5,FCC,0.30005,0.109686,0.1942135868811069,0.0880541207830709,0.0868989325644335,GPR
0.062143,1.5714,16.6667,5,FCC,0.296614,0.116459,0.2253606054408146,0.1012346967659918,0.0988898714618153,GPR
0.072857,1.5714,16.6667,5,FCC,0.312077,0.131352,0.2586631025509222,0.1150417828998232,0.1112028391470513,GPR
0.083571,1.5714,16.6667,5,FCC,0.344776,0.15766,0.2943956970696346,0.1295571782350305,0.123867149400178,GPR
0.094286,1.5714,16.6667,5,FCC,0.355309,0.201438,0.3328996620684367,0.1448598699314488,0.1369224581143723,GPR
0.105,1.5714,16.6667,5,FCC,0.351599,0.273355,0.3745849046816351,0.1610305599164179,0.1504175003481171,GPR
0.115714,1.5714,16.6667,5,FCC,0.343823,0.390715,0.4199627859869457,0.1781871535626104,0.1644203397994739,GPR
0.126429,1.5714,16.6667,5,FCC,0.335542,0.573618,0.4696410663089002,0.1965188270301765,0.1790168005881504,GPR
0.137143,1.5714,16.6667,5,FCC,0.328645,0.811153,0.5243039847391655,0.2163199951475159,0.1943066440931763,GPR
0.147857,1.5714,16.6667,5,FCC,0.325581,0.986253,0.5847260058382591,0.2380301332969348,0.2104105791649196,GPR
0.158571,1.5714,16.6667,5,FCC,0.330398,0.950511,0.6517299791754321,0.2622353623203156,0.2274619707900609,GPR
0.169286,1.5714,16.6667,5,FCC,0.338266,0.766923,0.7261657566529944,0.2896509851261112,0.2456052424974568,GPR
0.18,1.5714,16.6667,5,FCC,0.338214,0.579755,0.808840368709163,0.3210547697601771,0.2649826641710379,GPR
0.03,1.75,16.6667,5,FCC,0.292376,0.118816,0.1374801134742816,0.0632812463452137,0.0637868067677611,GPR
0.040714,1.75,16.6667,5,FCC,0.297117,0.108619,0.1649879445678289,0.0754201784422323,0.0752047928127203,GPR
0.051429,1.75,16.6667,5,FCC,0.294034,0.102624,0.1942135868811069,0.0880541207830709,0.0868989325644335,GPR
0.062143,1.75,16.6667,5,FCC,0.287525,0.100399,0.2253606054408146,0.1012346967659918,0.0988898714618153,GPR
0.072857,1.75,16.6667,5,FCC,0.281202,0.101878,0.2586631025509222,0.1150417828998232,0.1112028391470513,GPR
0.083571,1.75,16.6667,5,FCC,0.279458,0.107395,0.2943956970696346,0.1295571782350305,0.123867149400178,GPR
0.094286,1.75,16.6667,5,FCC,0.290181,0.117776,0.3328996620684367,0.1448598699314488,0.1369224581143723,GPR
0.105,1.75,16.6667,5,FCC,0.317832,0.134511,0.3745849046816351,0.1610305599164179,0.1504175003481171,GPR
0.115714,1.75,16.6667,5,FCC,0.336381,0.160083,0.4199627859869457,0.1781871535626104,0.1644203397994739,GPR
0.126429,1.75,16.6667,5,FCC,0.339322,0.198528,0.4696410663089002,0.1965188270301765,0.1790168005881504,GPR
0.137143,1.75,16.6667,5,FCC,0.335727,0.256274,0.5243039847391655,0.2163199951475159,0.1943066440931763,GPR
0.147857,1.75,16.6667,5,FCC,0.32989,0.343064,0.5847260058382591,0.2380301332969348,0.2104105791649196,GPR
0.158571,1.75,16.6667,5,FCC,0.323558,0.471418,0.6517299791754321,0.2622353623203156,0.2274619707900609,GPR
0.169286,1.75,16.6667,5,FCC,0.317687,0.648654,0.7261657566529944,0.2896509851261112,0.2456052424974568,GPR
0.18,1.75,16.6667,5,FCC,0.313208,0.849702,0.808840368709163,0.3210547697601771,0.2649826641710379,GPR
0.03,1.9286,16.6667,5,FCC,0.261378,0.12502,0.1374801134742816,0.0632812463452137,0.0637868067677611,GPR
0.040714,1.9286,16.6667,5,FCC,0.276712,0.112747,0.1649879445678289,0.0754201784422323,0.0752047928127203,GPR
0.051429,1.9286,16.6667,5,FCC,0.281551,0.103817,0.1942135868811069,0.0880541207830709,0.0868989325644335,GPR
0.062143,1.9286,16.6667,5,FCC,0.280561,0.097774,0.2253606054408146,0.1012346967659918,0.0988898714618153,GPR
0.072857,1.9286,16.6667,5,FCC,0.27635,0.09427,0.2586631025509222,0.1150417828998232,0.1112028391470513,GPR
0.083571,1.9286,16.6667,5,FCC,0.27084,0.093125,0.2943956970696346,0.1295571782350305,0.123867149400178,GPR
0.094286,1.9286,16.6667,5,FCC,0.265878,0.094329,0.3328996620684367,0.1448598699314488,0.1369224581143723,GPR
0.105,1.9286,16.6667,5,FCC,0.263777,0.098058,0.3745849046816351,0.1610305599164179,0.1504175003481171,GPR
0.115714,1.9286,16.6667,5,FCC,0.268502,0.104691,0.4199627859869457,0.1781871535626104,0.1644203397994739,GPR
0.126429,1.9286,16.6667,5,FCC,0.285998,0.114874,0.4696410663089002,0.1965188270301765,0.1790168005881504,GPR
0.137143,1.9286,16.6667,5,FCC,0.310033,0.129614,0.5243039847391655,0.2163199951475159,0.1943066440931763,GPR
0.147857,1.9286,16.6667,5,FCC,0.322566,0.150435,0.5847260058382591,0.2380301332969348,0.2104105791649196,GPR
0.158571,1.9286,16.6667,5,FCC,0.32496,0.179627,0.6517299791754321,0.2622353623203156,0.2274619707900609,GPR
0.169286,1.9286,16.6667,5,FCC,0.322751,0.220599,0.7261657566529944,0.2896509851261112,0.2456052424974568,GPR
0.18,1.9286,16.6667,5,FCC,0.318634,0.278325,0.808840368709163,0.3210547697601771,0.2649826641710379,GPR
0.03,2.1071,16.6667,5,FCC,0.22165,0.131963,0.1374801134742816,0.0632812463452137,0.0637868067677611,GPR
0.040714,2.1071,16.6667,5,FCC,0.248084,0.11889,0.1649879445678289,0.0754201784422323,0.0752047928127203,GPR
0.051429,2.1071,16.6667,5,FCC,0.261336,0.10844,0.1942135868811069,0.0880541207830709,0.0868989325644335,GPR
0.062143,2.1071,16.6667,5,FCC,0.266791,0.100388,0.2253606054408146,0.1012346967659918,0.0988898714618153,GPR
0.072857,2.1071,16.6667,5,FCC,0.26758,0.094423,0.2586631025509222,0.1150417828998232,0.1112028391470513,GPR
0.083571,2.1071,16.6667,5,FCC,0.265472,0.090282,0.2943956970696346,0.1295571782350305,0.123867149400178,GPR
0.094286,2.1071,16.6667,5,FCC,0.261669,0.087785,0.3328996620684367,0.1448598699314488,0.1369224581143723,GPR
0.105,2.1071,16.6667,5,FCC,0.257172,0.086837,0.3745849046816351,0.1610305599164179,0.1504175003481171,GPR
0.115714,2.1071,16.6667,5,FCC,0.252981,0.087427,0.4199627859869457,0.1781871535626104,0.1644203397994739,GPR
0.126429,2.1071,16.6667,5,FCC,0.25029,0.089628,0.4696410663089002,0.1965188270301765,0.1790168005881504,GPR
0.137143,2.1071,16.6667,5,FCC,0.250909,0.093605,0.5243039847391655,0.2163199951475159,0.1943066440931763,GPR
0.147857,2.1071,16.6667,5,FCC,0.258034,0.099631,0.5847260058382591,0.2380301332969348,0.2104105791649196,GPR
0.158571,2.1071,16.6667,5,FCC,0.275127,0.108119,0.6517299791754321,0.2622353623203156,0.2274619707900609,GPR
0.169286,2.1071,16.6667,5,FCC,0.295724,0.119663,0.7261657566529944,0.2896509851261112,0.2456052424974568,GPR
0.18,2.1071,16.6667,5,FCC,0.307705,0.135109,0.808840368709163,0.3210547697601771,0.2649826641710379,GPR
0.03,2.2857,16.6667,5,FCC,0.178886,0.138502,0.1374801134742816,0.0632812463452137,0.0637868067677611,GPR
0.040714,2.2857,16.6667,5,FCC,0.211627,0.125619,0.1649879445678289,0.0754201784422323,0.0752047928127203,GPR
0.051429,2.2857,16.6667,5,FCC,0.23385,0.114531,0.1942135868811069,0.0880541207830709,0.0868989325644335,GPR
0.062143,2.2857,16.6667,5,FCC,0.246319,0.105372,0.2253606054408146,0.1012346967659918,0.0988898714618153,GPR
0.072857,2.2857,16.6667,5,FCC,0.252537,0.097994,0.2586631025509222,0.1150417828998232,0.1112028391470513,GPR
0.083571,2.2857,16.6667,5,FCC,0.254808,0.092186,0.2943956970696346,0.1295571782350305,0.123867149400178,GPR
0.094286,2.2857,16.6667,5,FCC,0.254478,0.087755,0.3328996620684367,0.1448598699314488,0.1369224581143723,GPR
0.105,2.2857,16.6667,5,FCC,0.252417,0.08455,0.3745849046816351,0.1610305599164179,0.1504175003481171,GPR
0.115714,2.2857,16.6667,5,FCC,0.249273,0.082465,0.4199627859869457,0.1781871535626104,0.1644203397994739,GPR
0.126429,2.2857,16.6667,5,FCC,0.245613,0.081439,0.4696410663089002,0.1965188270301765,0.1790168005881504,GPR
0.137143,2.2857,16.6667,5,FCC,0.242,0.081452,0.5243039847391655,0.2163199951475159,0.1943066440931763,GPR
0.147857,2.2857,16.6667,5,FCC,0.239062,0.082528,0.5847260058382591,0.2380301332969348,0.2104105791649196,GPR
0.158571,2.2857,16.6667,5,FCC,0.237629,0.084731,0.6517299791754321,0.2622353623203156,0.2274619707900609,GPR
0.169286,2.2857,16.6667,5,FCC,0.239004,0.088175,0.7261657566529944,0.2896509851261112,0.2456052424974568,GPR
0.18,2.2857,16.6667,5,FCC,0.245394,0.09303,0.808840368709163,0.3210547697601771,0.2649826641710379,GPR
0.03,2.4643,16.6667,5,FCC,0.145229,0.143793,0.1374801134742816,0.0632812463452137,0.0637868067677611,GPR
0.040714,2.4643,16.6667,5,FCC,0.1723,0.131998,0.1649879445678289,0.0754201784422323,0.0752047928127203,GPR
0.051429,2.4643,16.6667,5,FCC,0.199423,0.121013,0.1942135868811069,0.0880541207830709,0.0868989325644335,GPR
0.062143,2.4643,16.6667,5,FCC,0.219271,0.111386,0.2253606054408146,0.1012346967659918,0.0988898714618153,GPR
0.072857,2.4643,16.6667,5,FCC,0.23157,0.103204,0.2586631025509222,0.1150417828998232,0.1112028391470513,GPR
0.083571,2.4643,16.6667,5,FCC,0.238588,0.09638,0.2943956970696346,0.1295571782350305,0.123867149400178,GPR
0.094286,2.4643,16.6667,5,FCC,0.242111,0.090773,0.3328996620684367,0.1448598699314488,0.1369224581143723,GPR
0.105,2.4643,16.6667,5,FCC,0.243255,0.086244,0.3745849046816351,0.1610305599164179,0.1504175003481171,GPR
0.115714,2.4643,16.6667,5,FCC,0.242729,0.082673,0.4199627859869457,0.1781871535626104,0.1644203397994739,GPR
0.126429,2.4643,16.6667,5,FCC,0.241023,0.079966,0.4696410663089002,0.1965188270301765,0.1790168005881504,GPR
0.137143,2.4643,16.6667,5,FCC,0.238525,0.078055,0.5243039847391655,0.2163199951475159,0.1943066440931763,GPR
0.147857,2.4643,16.6667,5,FCC,0.235574,0.076894,0.5847260058382591,0.2380301332969348,0.2104105791649196,GPR
0.158571,2.4643,16.6667,5,FCC,0.2325,0.076461,0.6517299791754321,0.2622353623203156,0.2274619707900609,GPR
0.169286,2.4643,16.6667,5,FCC,0.229652,0.076755,0.7261657566529944,0.2896509851261112,0.2456052424974568,GPR
0.18,2.4643,16.6667,5,FCC,0.22744,0.077798,0.808840368709163,0.3210547697601771,0.2649826641710379,GPR
0.03,2.6429,16.6667,5,FCC,0.123166,0.147197,0.1374801134742816,0.0632812463452137,0.0637868067677611,GPR
0.040714,2.6429,16.6667,5,FCC,0.140837,0.137298,0.1649879445678289,0.0754201784422323,0.0752047928127203,GPR
0.051429,2.6429,16.6667,5,FCC,0.163202,0.12712,0.1942135868811069,0.0880541207830709,0.0868989325644335,GPR
0.062143,2.6429,16.6667,5,FCC,0.186236,0.117601,0.2253606054408146,0.1012346967659918,0.0988898714618153,GPR
0.072857,2.6429,16.6667,5,FCC,0.20455,0.109101,0.2586631025509222,0.1150417828998232,0.1112028391470513,GPR
0.083571,2.6429,16.6667,5,FCC,0.216968,0.101699,0.2943956970696346,0.1295571782350305,0.123867149400178,GPR
0.094286,2.6429,16.6667,5,FCC,0.224794,0.095351,0.3328996620684367,0.1448598699314488,0.1369224581143723,GPR
0.105,2.6429,16.6667,5,FCC,0.229417,0.089966,0.3745849046816351,0.1610305599164179,0.1504175003481171,GPR
0.115714,2.6429,16.6667,5,FCC,0.231802,0.085447,0.4199627859869457,0.1781871535626104,0.1644203397994739,GPR
0.126429,2.6429,16.6667,5,FCC,0.232578,0.081703,0.4696410663089002,0.1965188270301765,0.1790168005881504,GPR
0.137143,2.6429,16.6667,5,FCC,0.232169,0.078654,0.5243039847391655,0.2163199951475159,0.1943066440931763,GPR
0.147857,2.6429,16.6667,5,FCC,0.230884,0.07624,0.5847260058382591,0.2380301332969348,0.2104105791649196,GPR
0.158571,2.6429,16.6667,5,FCC,0.228968,0.07441,0.6517299791754321,0.2622353623203156,0.2274619707900609,GPR
0.169286,2.6429,16.6667,5,FCC,0.226635,0.07313,0.7261657566529944,0.2896509851261112,0.2456052424974568,GPR
0.18,2.6429,16.6667,5,FCC,0.22409,0.072379,0.808840368709163,0.3210547697601771,0.2649826641710379,GPR
0.03,0.5,20.0,5,FCC,0.132283,0.189574,0.1374801134742816,0.0632812463452137,0.0637868067677611,GPR
0.040714,0.5,20.0,5,FCC,0.100323,0.120489,0.1649879445678289,0.0754201784422323,0.0752047928127203,GPR
0.051429,0.5,20.0,5,FCC,0.079789,0.082937,0.1942135868811069,0.0880541207830709,0.0868989325644335,GPR
0.062143,0.5,20.0,5,FCC,0.065249,0.063048,0.2253606054408146,0.1012346967659918,0.0988898714618153,GPR
0.072857,0.5,20.0,5,FCC,0.054537,0.051078,0.2586631025509222,0.1150417828998232,0.1112028391470513,GPR
0.083571,0.5,20.0,5,FCC,0.046478,0.043063,0.2943956970696346,0.1295571782350305,0.123867149400178,GPR
0.094286,0.5,20.0,5,FCC,0.040271,0.037293,0.3328996620684367,0.1448598699314488,0.1369224581143723,GPR
0.105,0.5,20.0,5,FCC,0.035375,0.032925,0.3745849046816351,0.1610305599164179,0.1504175003481171,GPR
0.115714,0.5,20.0,5,FCC,0.031436,0.029496,0.4199627859869457,0.1781871535626104,0.1644203397994739,GPR
0.126429,0.5,20.0,5,FCC,0.02822,0.026727,0.4696410663089002,0.1965188270301765,0.1790168005881504,GPR
0.137143,0.5,20.0,5,FCC,0.02556,0.024443,0.5243039847391655,0.2163199951475159,0.1943066440931763,GPR
0.147857,0.5,20.0,5,FCC,0.023336,0.022523,0.5847260058382591,0.2380301332969348,0.2104105791649196,GPR
0.158571,0.5,20.0,5,FCC,0.021457,0.020887,0.6517299791754321,0.2622353623203156,0.2274619707900609,GPR
0.169286,0.5,20.0,5,FCC,0.019852,0.019476,0.7261657566529944,0.2896509851261112,0.2456052424974568,GPR
0.18,0.5,20.0,5,FCC,0.018468,0.018244,0.808840368709163,0.3210547697601771,0.2649826641710379,GPR
0.03,0.6786,20.0,5,FCC,0.241702,0.415516,0.1374801134742816,0.0632812463452137,0.0637868067677611,GPR
0.040714,0.6786,20.0,5,FCC,0.190713,0.25036,0.1649879445678289,0.0754201784422323,0.0752047928127203,GPR
0.051429,0.6786,20.0,5,FCC,0.152096,0.2464,0.1942135868811069,0.0880541207830709,0.0868989325644335,GPR
0.062143,0.6786,20.0,5,FCC,0.125113,0.190091,0.2253606054408146,0.1012346967659918,0.0988898714618153,GPR
0.072857,0.6786,20.0,5,FCC,0.106264,0.140906,0.2586631025509222,0.1150417828998232,0.1112028391470513,GPR
0.083571,0.6786,20.0,5,FCC,0.09229,0.104438,0.2943956970696346,0.1295571782350305,0.123867149400178,GPR
0.094286,0.6786,20.0,5,FCC,0.081289,0.07932,0.3328996620684367,0.1448598699314488,0.1369224581143723,GPR
0.105,0.6786,20.0,5,FCC,0.072205,0.063675,0.3745849046816351,0.1610305599164179,0.1504175003481171,GPR
0.115714,0.6786,20.0,5,FCC,0.064446,0.053393,0.4199627859869457,0.1781871535626104,0.1644203397994739,GPR
0.126429,0.6786,20.0,5,FCC,0.057702,0.046145,0.4696410663089002,0.1965188270301765,0.1790168005881504,GPR
0.137143,0.6786,20.0,5,FCC,0.051841,0.040741,0.5243039847391655,0.2163199951475159,0.1943066440931763,GPR
0.147857,0.6786,20.0,5,FCC,0.046793,0.03654,0.5847260058382591,0.2380301332969348,0.2104105791649196,GPR
0.158571,0.6786,20.0,5,FCC,0.04248,0.033169,0.6517299791754321,0.2622353623203156,0.2274619707900609,GPR
0.169286,0.6786,20.0,5,FCC,0.038796,0.030397,0.7261657566529944,0.2896509851261112,0.2456052424974568,GPR
0.18,0.6786,20.0,5,FCC,0.035625,0.028072,0.808840368709163,0.3210547697601771,0.2649826641710379,GPR
0.03,0.8571,20.0,5,FCC,0.332684,0.243652,0.1374801134742816,0.0632812463452137,0.0637868067677611,GPR
0.040714,0.8571,20.0,5,FCC,0.283982,0.419338,0.1649879445678289,0.0754201784422323,0.0752047928127203,GPR
0.051429,0.8571,20.0,5,FCC,0.245081,0.499739,0.1942135868811069,0.0880541207830709,0.0868989325644335,GPR
0.062143,0.8571,20.0,5,FCC,0.212393,0.289435,0.2253606054408146,0.1012346967659918,0.0988898714618153,GPR
0.072857,0.8571,20.0,5,FCC,0.183464,0.223145,0.2586631025509222,0.1150417828998232,0.1112028391470513,GPR
0.083571,0.8571,20.0,5,FCC,0.157939,0.245961,0.2943956970696346,0.1295571782350305,0.123867149400178,GPR
0.094286,0.8571,20.0,5,FCC,0.137024,0.252701,0.3328996620684367,0.1448598699314488,0.1369224581143723,GPR
0.105,0.8571,20.0,5,FCC,0.120859,0.195296,0.3745849046816351,0.1610305599164179,0.1504175003481171,GPR
0.115714,0.8571,20.0,5,FCC,0.108348,0.154311,0.4199627859869457,0.1781871535626104,0.1644203397994739,GPR
0.126429,0.8571,20.0,5,FCC,0.098368,0.129361,0.4696410663089002,0.1965188270301765,0.1790168005881504,GPR
0.137143,0.8571,20.0,5,FCC,0.090136,0.103735,0.5243039847391655,0.2163199951475159,0.1943066440931763,GPR
0.147857,0.8571,20.0,5,FCC,0.083144,0.082361,0.5847260058382591,0.2380301332969348,0.2104105791649196,GPR
0.158571,0.8571,20.0,5,FCC,0.077055,0.067516,0.6517299791754321,0.2622353623203156,0.2274619707900609,GPR
0.169286,0.8571,20.0,5,FCC,0.071636,0.057286,0.7261657566529944,0.2896509851261112,0.2456052424974568,GPR
0.18,0.8571,20.0,5,FCC,0.066717,0.049929,0.808840368709163,0.3210547697601771,0.2649826641710379,GPR
0.03,1.0357,20.0,5,FCC,0.387137,0.34469,0.1374801134742816,0.0632812463452137,0.0637868067677611,GPR
0.040714,1.0357,20.0,5,FCC,0.353004,0.219534,0.1649879445678289,0.0754201784422323,0.0752047928127203,GPR
0.051429,1.0357,20.0,5,FCC,0.316268,0.22112,0.1942135868811069,0.0880541207830709,0.0868989325644335,GPR
0.062143,1.0357,20.0,5,FCC,0.284817,0.34159,0.2253606054408146,0.1012346967659918,0.0988898714618153,GPR
0.072857,1.0357,20.0,5,FCC,0.257989,0.578917,0.2586631025509222,0.1150417828998232,0.1112028391470513,GPR
0.083571,1.0357,20.0,5,FCC,0.234615,0.492263,0.2943956970696346,0.1295571782350305,0.123867149400178,GPR
0.094286,1.0357,20.0,5,FCC,0.21363,0.301765,0.3328996620684367,0.1448598699314488,0.1369224581143723,GPR
0.105,1.0357,20.0,5,FCC,0.194128,0.218389,0.3745849046816351,0.1610305599164179,0.1504175003481171,GPR
0.115714,1.0357,20.0,5,FCC,0.175521,0.201062,0.4199627859869457,0.1781871535626104,0.1644203397994739,GPR
0.126429,1.0357,20.0,5,FCC,0.157906,0.230593,0.4696410663089002,0.1965188270301765,0.1790168005881504,GPR
0.137143,1.0357,20.0,5,FCC,0.142096,0.276413,0.5243039847391655,0.2163199951475159,0.1943066440931763,GPR
0.147857,1.0357,20.0,5,FCC,0.128766,0.261524,0.5847260058382591,0.2380301332969348,0.2104105791649196,GPR
0.158571,1.0357,20.0,5,FCC,0.117863,0.20397,0.6517299791754321,0.2622353623203156,0.2274619707900609,GPR
0.169286,1.0357,20.0,5,FCC,0.108917,0.162485,0.7261657566529944,0.2896509851261112,0.2456052424974568,GPR
0.18,1.0357,20.0,5,FCC,0.101443,0.142396,0.808840368709163,0.3210547697601771,0.2649826641710379,GPR
0.03,1.2143,20.0,5,FCC,0.387664,0.926381,0.1374801134742816,0.0632812463452137,0.0637868067677611,GPR
0.040714,1.2143,20.0,5,FCC,0.384695,0.440224,0.1649879445678289,0.0754201784422323,0.0752047928127203,GPR
0.051429,1.2143,20.0,5,FCC,0.365551,0.253493,0.1942135868811069,0.0880541207830709,0.0868989325644335,GPR
0.062143,1.2143,20.0,5,FCC,0.34031,0.193235,0.2253606054408146,0.1012346967659918,0.0988898714618153,GPR
0.072857,1.2143,20.0,5,FCC,0.314747,0.188089,0.2586631025509222,0.1150417828998232,0.1112028391470513,GPR
0.083571,1.2143,20.0,5,FCC,0.29184,0.234551,0.2943956970696346,0.1295571782350305,0.123867149400178,GPR
0.094286,1.2143,20.0,5,FCC,0.271512,0.367754,0.3328996620684367,0.1448598699314488,0.1369224581143723,GPR
0.105,1.2143,20.0,5,FCC,0.253355,0.593777,0.3745849046816351,0.1610305599164179,0.1504175003481171,GPR
0.115714,1.2143,20.0,5,FCC,0.236948,0.611758,0.4199627859869457,0.1781871535626104,0.1644203397994739,GPR
0.126429,1.2143,20.0,5,FCC,0.221894,0.412876,0.4696410663089002,0.1965188270301765,0.1790168005881504,GPR
0.137143,1.2143,20.0,5,FCC,0.207821,0.275858,0.5243039847391655,0.2163199951475159,0.1943066440931763,GPR
0.147857,1.2143,20.0,5,FCC,0.194374,0.209193,0.5847260058382591,0.2380301332969348,0.2104105791649196,GPR
0.158571,1.2143,20.0,5,FCC,0.181243,0.183191,0.6517299791754321,0.2622353623203156,0.2274619707900609,GPR
0.169286,1.2143,20.0,5,FCC,0.168249,0.186011,0.7261657566529944,0.2896509851261112,0.2456052424974568,GPR
0.18,1.2143,20.0,5,FCC,0.155509,0.216778,0.808840368709163,0.3210547697601771,0.2649826641710379,GPR
0.03,1.3929,20.0,5,FCC,0.367489,0.552835,0.1374801134742816,0.0632812463452137,0.0637868067677611,GPR
0.040714,1.3929,20.0,5,FCC,0.362141,0.994357,0.1649879445678289,0.0754201784422323,0.0752047928127203,GPR
0.051429,1.3929,20.0,5,FCC,0.379769,0.628976,0.1942135868811069,0.0880541207830709,0.0868989325644335,GPR
0.062143,1.3929,20.0,5,FCC,0.365922,0.347753,0.2253606054408146,0.1012346967659918,0.0988898714618153,GPR
0.072857,1.3929,20.0,5,FCC,0.354172,0.231749,0.2586631025509222,0.1150417828998232,0.1112028391470513,GPR
0.083571,1.3929,20.0,5,FCC,0.336582,0.182501,0.2943956970696346,0.1295571782350305,0.123867149400178,GPR
0.094286,1.3929,20.0,5,FCC,0.31762,0.166085,0.3328996620684367,0.1448598699314488,0.1369224581143723,GPR
0.105,1.3929,20.0,5,FCC,0.299898,0.174315,0.3745849046816351,0.1610305599164179,0.1504175003481171,GPR
0.115714,1.3929,20.0,5,FCC,0.283679,0.212631,0.4199627859869457,0.1781871535626104,0.1644203397994739,GPR
0.126429,1.3929,20.0,5,FCC,0.268866,0.301281,0.4696410663089002,0.1965188270301765,0.1790168005881504,GPR
0.137143,1.3929,20.0,5,FCC,0.255291,0.471517,0.5243039847391655,0.2163199951475159,0.1943066440931763,GPR
0.147857,1.3929,20.0,5,FCC,0.242778,0.669699,0.5847260058382591,0.2380301332969348,0.2104105791649196,GPR
0.158571,1.3929,20.0,5,FCC,0.231157,0.648541,0.6517299791754321,0.2622353623203156,0.2274619707900609,GPR
0.169286,1.3929,20.0,5,FCC,0.22027,0.46353,0.7261657566529944,0.2896509851261112,0.2456052424974568,GPR
0.18,1.3929,20.0,5,FCC,0.209961,0.319313,0.808840368709163,0.3210547697601771,0.2649826641710379,GPR
0.03,1.5714,20.0,5,FCC,0.358572,0.218761,0.1374801134742816,0.0632812463452137,0.0637868067677611,GPR
0.040714,1.5714,20.0,5,FCC,0.353198,0.441406,0.1649879445678289,0.0754201784422323,0.0752047928127203,GPR
0.051429,1.5714,20.0,5,FCC,0.343945,0.874833,0.1942135868811069,0.0880541207830709,0.0868989325644335,GPR
0.062143,1.5714,20.0,5,FCC,0.357572,0.890122,0.2253606054408146,0.1012346967659918,0.0988898714618153,GPR
0.072857,1.5714,20.0,5,FCC,0.365193,0.538484,0.2586631025509222,0.1150417828998232,0.1112028391470513,GPR
0.083571,1.5714,20.0,5,FCC,0.354089,0.333506,0.2943956970696346,0.1295571782350305,0.123867149400178,GPR
0.094286,1.5714,20.0,5,FCC,0.346074,0.23441,0.3328996620684367,0.1448598699314488,0.1369224581143723,GPR
0.105,1.5714,20.0,5,FCC,0.335529,0.18429,0.3745849046816351,0.1610305599164179,0.1504175003481171,GPR
0.115714,1.5714,20.0,5,FCC,0.321364,0.159359,0.4199627859869457,0.1781871535626104,0.1644203397994739,GPR
0.126429,1.5714,20.0,5,FCC,0.307303,0.150503,0.4696410663089002,0.1965188270301765,0.1790168005881504,GPR
0.137143,1.5714,20.0,5,FCC,0.294026,0.155359,0.5243039847391655,0.2163199951475159,0.1943066440931763,GPR
0.147857,1.5714,20.0,5,FCC,0.281633,0.176181,0.5847260058382591,0.2380301332969348,0.2104105791649196,GPR
0.158571,1.5714,20.0,5,FCC,0.270093,0.220617,0.6517299791754321,0.2622353623203156,0.2274619707900609,GPR
0.169286,1.5714,20.0,5,FCC,0.259334,0.304383,0.7261657566529944,0.2896509851261112,0.2456052424974568,GPR
0.18,1.5714,20.0,5,FCC,0.249278,0.44973,0.808840368709163,0.3210547697601771,0.2649826641710379,GPR
0.03,1.75,20.0,5,FCC,0.300547,0.130804,0.1374801134742816,0.0632812463452137,0.0637868067677611,GPR
0.040714,1.75,20.0,5,FCC,0.342001,0.192423,0.1649879445678289,0.0754201784422323,0.0752047928127203,GPR
0.051429,1.75,20.0,5,FCC,0.340617,0.330432,0.1942135868811069,0.0880541207830709,0.0868989325644335,GPR
0.062143,1.75,20.0,5,FCC,0.33231,0.61928,0.2253606054408146,0.1012346967659918,0.0988898714618153,GPR
0.072857,1.75,20.0,5,FCC,0.328915,0.951234,0.2586631025509222,0.1150417828998232,0.1112028391470513,GPR
0.083571,1.75,20.0,5,FCC,0.347027,0.835222,0.2943956970696346,0.1295571782350305,0.123867149400178,GPR
0.094286,1.75,20.0,5,FCC,0.353435,0.541117,0.3328996620684367,0.1448598699314488,0.1369224581143723,GPR
0.105,1.75,20.0,5,FCC,0.345517,0.355954,0.3745849046816351,0.1610305599164179,0.1504175003481171,GPR
0.115714,1.75,20.0,5,FCC,0.337633,0.255345,0.4199627859869457,0.1781871535626104,0.1644203397994739,GPR
0.126429,1.75,20.0,5,FCC,0.333405,0.198884,0.4696410663089002,0.1965188270301765,0.1790168005881504,GPR
0.137143,1.75,20.0,5,FCC,0.324252,0.166126,0.5243039847391655,0.2163199951475159,0.1943066440931763,GPR
0.147857,1.75,20.0,5,FCC,0.31332,0.14756,0.5847260058382591,0.2380301332969348,0.2104105791649196,GPR
0.158571,1.75,20.0,5,FCC,0.302425,0.138845,0.6517299791754321,0.2622353623203156,0.2274619707900609,GPR
0.169286,1.75,20.0,5,FCC,0.291973,0.138374,0.7261657566529944,0.2896509851261112,0.2456052424974568,GPR
0.18,1.75,20.0,5,FCC,0.28206,0.146404,0.808840368709163,0.3210547697601771,0.2649826641710379,GPR
0.03,1.9286,20.0,5,FCC,0.251021,0.100369,0.1374801134742816,0.0632812463452137,0.0637868067677611,GPR
0.040714,1.9286,20.0,5,FCC,0.283992,0.121149,0.1649879445678289,0.0754201784422323,0.0752047928127203,GPR
0.051429,1.9286,20.0,5,FCC,0.32448,0.163213,0.1942135868811069,0.0880541207830709,0.0868989325644335,GPR
0.062143,1.9286,20.0,5,FCC,0.328427,0.245559,0.2253606054408146,0.1012346967659918,0.0988898714618153,GPR
0.072857,1.9286,20.0,5,FCC,0.322852,0.406225,0.2586631025509222,0.1150417828998232,0.1112028391470513,GPR
0.083571,1.9286,20.0,5,FCC,0.316543,0.685321,0.2943956970696346,0.1295571782350305,0.123867149400178,GPR
0.094286,1.9286,20.0,5,FCC,0.315365,0.942996,0.3328996620684367,0.1448598699314488,0.1369224581143723,GPR
0.105,1.9286,20.0,5,FCC,0.33151,0.853376,0.3745849046816351,0.1610305599164179,0.1504175003481171,GPR
0.115714,1.9286,20.0,5,FCC,0.342509,0.598316,0.4199627859869457,0.1781871535626104,0.1644203397994739,GPR
0.126429,1.9286,20.0,5,FCC,0.338448,0.409787,0.4696410663089002,0.1965188270301765,0.1790168005881504,GPR
0.137143,1.9286,20.0,5,FCC,0.331335,0.296442,0.5243039847391655,0.2163199951475159,0.1943066440931763,GPR
0.147857,1.9286,20.0,5,FCC,0.326338,0.228373,0.5847260058382591,0.2380301332969348,0.2104105791649196,GPR
0.158571,1.9286,20.0,5,FCC,0.323924,0.186045,0.6517299791754321,0.2622353623203156,0.2274619707900609,GPR
0.169286,1.9286,20.0,5,FCC,0.317164,0.159052,0.7261657566529944,0.2896509851261112,0.2456052424974568,GPR
0.18,1.9286,20.0,5,FCC,0.308699,0.14193,0.808840368709163,0.3210547697601771,0.2649826641710379,GPR
0.03,2.1071,20.0,5,FCC,0.235434,0.087864,0.1374801134742816,0.0632812463452137,0.0637868067677611,GPR
0.040714,2.1071,20.0,5,FCC,0.239417,0.094754,0.1649879445678289,0.0754201784422323,0.0752047928127203,GPR
0.051429,2.1071,20.0,5,FCC,0.263003,0.109887,0.1942135868811069,0.0880541207830709,0.0868989325644335,GPR
0.062143,2.1071,20.0,5,FCC,0.304075,0.137693,0.2253606054408146,0.1012346967659918,0.0988898714618153,GPR
0.072857,2.1071,20.0,5,FCC,0.315351,0.186771,0.2586631025509222,0.1150417828998232,0.1112028391470513,GPR
0.083571,2.1071,20.0,5,FCC,0.313507,0.273559,0.2943956970696346,0.1295571782350305,0.123867149400178,GPR
0.094286,2.1071,20.0,5,FCC,0.308432,0.426021,0.3328996620684367,0.1448598699314488,0.1369224581143723,GPR
0.105,2.1071,20.0,5,FCC,0.303527,0.66612,0.3745849046816351,0.1610305599164179,0.1504175003481171,GPR
0.115714,2.1071,20.0,5,FCC,0.302037,0.903103,0.4199627859869457,0.1781871535626104,0.1644203397994739,GPR
0.126429,2.1071,20.0,5,FCC,0.312133,0.901402,0.4696410663089002,0.1965188270301765,0.1790168005881504,GPR
0.137143,2.1071,20.0,5,FCC,0.329212,0.69778,0.5243039847391655,0.2163199951475159,0.1943066440931763,GPR
0.147857,2.1071,20.0,5,FCC,0.331047,0.499452,0.5847260058382591,0.2380301332969348,0.2104105791649196,GPR
0.158571,2.1071,20.0,5,FCC,0.3265,0.364195,0.6517299791754321,0.2622353623203156,0.2274619707900609,GPR
0.169286,2.1071,20.0,5,FCC,0.320771,0.277743,0.7261657566529944,0.2896509851261112,0.2456052424974568,GPR
0.18,2.1071,20.0,5,FCC,0.316687,0.221753,0.808840368709163,0.3210547697601771,0.2649826641710379,GPR
0.03,2.2857,20.0,5,FCC,0.224109,0.082476,0.1374801134742816,0.0632812463452137,0.0637868067677611,GPR
0.040714,2.2857,20.0,5,FCC,0.225273,0.083454,0.1649879445678289,0.0754201784422323,0.0752047928127203,GPR
0.051429,2.2857,20.0,5,FCC,0.227816,0.088612,0.1942135868811069,0.0880541207830709,0.0868989325644335,GPR
0.062143,2.2857,20.0,5,FCC,0.242215,0.099171,0.2253606054408146,0.1012346967659918,0.0988898714618153,GPR
0.072857,2.2857,20.0,5,FCC,0.278572,0.117343,0.2586631025509222,0.1150417828998232,0.1112028391470513,GPR
0.083571,2.2857,20.0,5,FCC,0.299701,0.147062,0.2943956970696346,0.1295571782350305,0.123867149400178,GPR
0.094286,2.2857,20.0,5,FCC,0.303044,0.195299,0.3328996620684367,0.1448598699314488,0.1369224581143723,GPR
0.105,2.2857,20.0,5,FCC,0.300543,0.274159,0.3745849046816351,0.1610305599164179,0.1504175003481171,GPR
0.115714,2.2857,20.0,5,FCC,0.296357,0.402443,0.4199627859869457,0.1781871535626104,0.1644203397994739,GPR
0.126429,2.2857,20.0,5,FCC,0.292276,0.596649,0.4696410663089002,0.1965188270301765,0.1790168005881504,GPR
0.137143,2.2857,20.0,5,FCC,0.290001,0.82028,0.5243039847391655,0.2163199951475159,0.1943066440931763,GPR
0.147857,2.2857,20.0,5,FCC,0.2934,0.92314,0.5847260058382591,0.2380301332969348,0.2104105791649196,GPR
0.158571,2.2857,20.0,5,FCC,0.3089,0.817398,0.6517299791754321,0.2622353623203156,0.2274619707900609,GPR
0.169286,2.2857,20.0,5,FCC,0.32044,0.629024,0.7261657566529944,0.2896509851261112,0.2456052424974568,GPR
0.18,2.2857,20.0,5,FCC,0.320699,0.468704,0.808840368709163,0.3210547697601771,0.2649826641710379,GPR
0.03,2.4643,20.0,5,FCC,0.212303,0.08037,0.1374801134742816,0.0632812463452137,0.0637868067677611,GPR
0.040714,2.4643,20.0,5,FCC,0.215239,0.078453,0.1649879445678289,0.0754201784422323,0.0752047928127203,GPR
0.051429,2.4643,20.0,5,FCC,0.21572,0.079106,0.1942135868811069,0.0880541207830709,0.0868989325644335,GPR
0.062143,2.4643,20.0,5,FCC,0.217005,0.082686,0.2253606054408146,0.1012346967659918,0.0988898714618153,GPR
0.072857,2.4643,20.0,5,FCC,0.224673,0.08984,0.2586631025509222,0.1150417828998232,0.1112028391470513,GPR
0.083571,2.4643,20.0,5,FCC,0.249214,0.101677,0.2943956970696346,0.1295571782350305,0.123867149400178,GPR
0.094286,2.4643,20.0,5,FCC,0.278789,0.120045,0.3328996620684367,0.1448598699314488,0.1369224581143723,GPR
0.105,2.4643,20.0,5,FCC,0.29002,0.147985,0.3745849046816351,0.1610305599164179,0.1504175003481171,GPR
0.115714,2.4643,20.0,5,FCC,0.291422,0.19051,0.4199627859869457,0.1781871535626104,0.1644203397994739,GPR
0.126429,2.4643,20.0,5,FCC,0.289263,0.255729,0.4696410663089002,0.1965188270301765,0.1790168005881504,GPR
0.137143,2.4643,20.0,5,FCC,0.285887,0.355772,0.5243039847391655,0.2163199951475159,0.1943066440931763,GPR
0.147857,2.4643,20.0,5,FCC,0.282403,0.503862,0.5847260058382591,0.2380301332969348,0.2104105791649196,GPR
0.158571,2.4643,20.0,5,FCC,0.279723,0.695425,0.6517299791754321,0.2622353623203156,0.2274619707900609,GPR
0.169286,2.4643,20.0,5,FCC,0.27938,0.864507,0.7261657566529944,0.2896509851261112,0.2456052424974568,GPR
0.18,2.4643,20.0,5,FCC,0.285251,0.896833,0.808840368709163,0.3210547697601771,0.2649826641710379,GPR
0.03,2.6429,20.0,5,FCC,0.199459,0.079907,0.1374801134742816,0.0632812463452137,0.0637868067677611,GPR
0.040714,2.6429,20.0,5,FCC,0.204866,0.076467,0.1649879445678289,0.0754201784422323,0.0752047928127203,GPR
0.051429,2.6429,20.0,5,FCC,0.206719,0.074807,0.1942135868811069,0.0880541207830709,0.0868989325644335,GPR
0.062143,2.6429,20.0,5,FCC,0.206884,0.075035,0.2253606054408146,0.1012346967659918,0.0988898714618153,GPR
0.072857,2.6429,20.0,5,FCC,0.207302,0.077336,0.2586631025509222,0.1150417828998232,0.1112028391470513,GPR
0.083571,2.6429,20.0,5,FCC,0.210895,0.08205,0.2943956970696346,0.1295571782350305,0.123867149400178,GPR
0.094286,2.6429,20.0,5,FCC,0.223616,0.089739,0.3328996620684367,0.1448598699314488,0.1369224581143723,GPR
0.105,2.6429,20.0,5,FCC,0.250381,0.101295,0.3745849046816351,0.1610305599164179,0.1504175003481171,GPR
0.115714,2.6429,20.0,5,FCC,0.271903,0.118103,0.4199627859869457,0.1781871535626104,0.1644203397994739,GPR
0.126429,2.6429,20.0,5,FCC,0.279646,0.142318,0.4696410663089002,0.1965188270301765,0.1790168005881504,GPR
0.137143,2.6429,20.0,5,FCC,0.280772,0.177276,0.5243039847391655,0.2163199951475159,0.1943066440931763,GPR
0.147857,2.6429,20.0,5,FCC,0.279203,0.228106,0.5847260058382591,0.2380301332969348,0.2104105791649196,GPR
0.158571,2.6429,20.0,5,FCC,0.276553,0.302329,0.6517299791754321,0.2622353623203156,0.2274619707900609,GPR
0.169286,2.6429,20.0,5,FCC,0.273612,0.409408,0.7261657566529944,0.2896509851261112,0.2456052424974568,GPR
0.18,2.6429,20.0,5,FCC,0.270931,0.555452,0.808840368709163,0.3210547697601771,0.2649826641710379,GPR
0.03,2.8214,20.0,5,FCC,0.185716,0.080277,0.1374801134742816,0.0632812463452137,0.0637868067677611,GPR
0.040714,2.8214,20.0,5,FCC,0.193523,0.076039,0.1649879445678289,0.0754201784422323,0.0752047928127203,GPR
0.051429,2.8214,20.0,5,FCC,0.197359,0.073106,0.1942135868811069,0.0880541207830709,0.0868989325644335,GPR
0.062143,2.8214,20.0,5,FCC,0.198711,0.071531,0.2253606054408146,0.1012346967659918,0.0988898714618153,GPR
0.072857,2.8214,20.0,5,FCC,0.198759,0.071358,0.2586631025509222,0.1150417828998232,0.1112028391470513,GPR
0.083571,2.8214,20.0,5,FCC,0.198687,0.07268,0.2943956970696346,0.1295571782350305,0.123867149400178,GPR
0.094286,2.8214,20.0,5,FCC,0.200071,0.075673,0.3328996620684367,0.1448598699314488,0.1369224581143723,GPR
0.105,2.8214,20.0,5,FCC,0.205733,0.080625,0.3745849046816351,0.1610305599164179,0.1504175003481171,GPR
0.115714,2.8214,20.0,5,FCC,0.220912,0.087975,0.4199627859869457,0.1781871535626104,0.1644203397994739,GPR
0.126429,2.8214,20.0,5,FCC,0.245421,0.098386,0.4696410663089002,0.1965188270301765,0.1790168005881504,GPR
0.137143,2.8214,20.0,5,FCC,0.262653,0.112829,0.5243039847391655,0.2163199951475159,0.1943066440931763,GPR
0.147857,2.8214,20.0,5,FCC,0.269399,0.132741,0.5847260058382591,0.2380301332969348,0.2104105791649196,GPR
0.158571,2.8214,20.0,5,FCC,0.270876,0.160246,0.6517299791754321,0.2622353623203156,0.2274619707900609,GPR
0.169286,2.8214,20.0,5,FCC,0.269985,0.198464,0.7261657566529944,0.2896509851261112,0.2456052424974568,GPR
0.18,2.8214,20.0,5,FCC,0.268019,0.251889,0.808840368709163,0.3210547697601771,0.2649826641710379,GPR
0.03,3.0,20.0,5,FCC,0.171239,0.081033,0.1374801134742816,0.0632812463452137,0.0637868067677611,GPR
0.040714,3.0,20.0,5,FCC,0.181286,0.076432,0.1649879445678289,0.0754201784422323,0.0752047928127203,GPR
0.051429,3.0,20.0,5,FCC,0.187098,0.072793,0.1942135868811069,0.0880541207830709,0.0868989325644335,GPR
0.062143,3.0,20.0,5,FCC,0.190089,0.070185,0.2253606054408146,0.1012346967659918,0.0988898714618153,GPR
0.072857,3.0,20.0,5,FCC,0.191224,0.06862,0.2586631025509222,0.1150417828998232,0.1112028391470513,GPR
0.083571,3.0,20.0,5,FCC,0.191276,0.068114,0.2943956970696346,0.1295571782350305,0.123867149400178,GPR
0.094286,3.0,20.0,5,FCC,0.190995,0.068709,0.3328996620684367,0.1448598699314488,0.1369224581143723,GPR
0.105,3.0,20.0,5,FCC,0.191278,0.070494,0.3745849046816351,0.1610305599164179,0.1504175003481171,GPR
0.115714,3.0,20.0,5,FCC,0.193482,0.073615,0.4199627859869457,0.1781871535626104,0.1644203397994739,GPR
0.126429,3.0,20.0,5,FCC,0.200126,0.078296,0.4696410663089002,0.1965188270301765,0.1790168005881504,GPR
0.137143,3.0,20.0,5,FCC,0.215207,0.084861,0.5243039847391655,0.2163199951475159,0.1943066440931763,GPR
0.147857,3.0,20.0,5,FCC,0.236863,0.093774,0.5847260058382591,0.2380301332969348,0.2104105791649196,GPR
0.158571,3.0,20.0,5,FCC,0.252364,0.105688,0.6517299791754321,0.2622353623203156,0.2274619707900609,GPR
0.169286,3.0,20.0,5,FCC,0.259276,0.121531,0.7261657566529944,0.2896509851261112,0.2456052424974568,GPR
0.18,3.0,20.0,5,FCC,0.261446,0.142613,0.808840368709163,0.3210547697601771,0.2649826641710379,GPR
0.03,0.5,23.3333,5,FCC,0.075324,0.071889,0.1374801134742816,0.0632812463452137,0.0637868067677611,GPR
0.040714,0.5,23.3333,5,FCC,0.054886,0.050334,0.1649879445678289,0.0754201784422323,0.0752047928127203,GPR
0.051429,0.5,23.3333,5,FCC,0.042396,0.03905,0.1942135868811069,0.0880541207830709,0.0868989325644335,GPR
0.062143,0.5,23.3333,5,FCC,0.034157,0.032009,0.2253606054408146,0.1012346967659918,0.0988898714618153,GPR
0.072857,0.5,23.3333,5,FCC,0.028429,0.027163,0.2586631025509222,0.1150417828998232,0.1112028391470513,GPR
0.083571,0.5,23.3333,5,FCC,0.024287,0.023611,0.2943956970696346,0.1295571782350305,0.123867149400178,GPR
0.094286,0.5,23.3333,5,FCC,0.021186,0.020891,0.3328996620684367,0.1448598699314488,0.1369224581143723,GPR
0.105,0.5,23.3333,5,FCC,0.018789,0.018739,0.3745849046816351,0.1610305599164179,0.1504175003481171,GPR
0.115714,0.5,23.3333,5,FCC,0.016885,0.016992,0.4199627859869457,0.1781871535626104,0.1644203397994739,GPR
0.126429,0.5,23.3333,5,FCC,0.015336,0.015545,0.4696410663089002,0.1965188270301765,0.1790168005881504,GPR
0.137143,0.5,23.3333,5,FCC,0.014052,0.014326,0.5243039847391655,0.2163199951475159,0.1943066440931763,GPR
0.147857,0.5,23.3333,5,FCC,0.012969,0.013286,0.5847260058382591,0.2380301332969348,0.2104105791649196,GPR
0.158571,0.5,23.3333,5,FCC,0.012043,0.012387,0.6517299791754321,0.2622353623203156,0.2274619707900609,GPR
0.169286,0.5,23.3333,5,FCC,0.011242,0.011602,0.7261657566529944,0.2896509851261112,0.2456052424974568,GPR
0.18,0.5,23.3333,5,FCC,0.010542,0.010911,0.808840368709163,0.3210547697601771,0.2649826641710379,GPR
0.03,0.6786,23.3333,5,FCC,0.137399,0.205097,0.1374801134742816,0.0632812463452137,0.0637868067677611,GPR
0.040714,0.6786,23.3333,5,FCC,0.104648,0.117767,0.1649879445678289,0.0754201784422323,0.0752047928127203,GPR
0.051429,0.6786,23.3333,5,FCC,0.083669,0.073777,0.1942135868811069,0.0880541207830709,0.0868989325644335,GPR
0.062143,0.6786,23.3333,5,FCC,0.068077,0.054285,0.2253606054408146,0.1012346967659918,0.0988898714618153,GPR
0.072857,0.6786,23.3333,5,FCC,0.055974,0.043412,0.2586631025509222,0.1150417828998232,0.1112028391470513,GPR
0.083571,0.6786,23.3333,5,FCC,0.046842,0.036372,0.2943956970696346,0.1295571782350305,0.123867149400178,GPR
0.094286,0.6786,23.3333,5,FCC,0.039981,0.031393,0.3328996620684367,0.1448598699314488,0.1369224581143723,GPR
0.105,0.6786,23.3333,5,FCC,0.03465,0.027661,0.3745849046816351,0.1610305599164179,0.1504175003481171,GPR
0.115714,0.6786,23.3333,5,FCC,0.03036,0.024749,0.4199627859869457,0.1781871535626104,0.1644203397994739,GPR
0.126429,0.6786,23.3333,5,FCC,0.026847,0.022408,0.4696410663089002,0.1965188270301765,0.1790168005881504,GPR
0.137143,0.6786,23.3333,5,FCC,0.023959,0.020482,0.5243039847391655,0.2163199951475159,0.1943066440931763,GPR
0.147857,0.6786,23.3333,5,FCC,0.021577,0.018866,0.5847260058382591,0.2380301332969348,0.2104105791649196,GPR
0.158571,0.6786,23.3333,5,FCC,0.019601,0.017492,0.6517299791754321,0.2622353623203156,0.2274619707900609,GPR
0.169286,0.6786,23.3333,5,FCC,0.017946,0.016307,0.7261657566529944,0.2896509851261112,0.2456052424974568,GPR
0.18,0.6786,23.3333,5,FCC,0.016548,0.015274,0.808840368709163,0.3210547697601771,0.2649826641710379,GPR
0.03,0.8571,23.3333,5,FCC,0.224416,0.272191,0.1374801134742816,0.0632812463452137,0.0637868067677611,GPR
0.040714,0.8571,23.3333,5,FCC,0.171493,0.294329,0.1649879445678289,0.0754201784422323,0.0752047928127203,GPR
0.051429,0.8571,23.3333,5,FCC,0.135108,0.215749,0.1942135868811069,0.0880541207830709,0.0868989325644335,GPR
0.062143,0.8571,23.3333,5,FCC,0.112168,0.149302,0.2253606054408146,0.1012346967659918,0.0988898714618153,GPR
0.072857,0.8571,23.3333,5,FCC,0.096155,0.097648,0.2586631025509222,0.1150417828998232,0.1112028391470513,GPR
0.083571,0.8571,23.3333,5,FCC,0.083839,0.068491,0.2943956970696346,0.1295571782350305,0.123867149400178,GPR
0.094286,0.8571,23.3333,5,FCC,0.073636,0.053307,0.3328996620684367,0.1448598699314488,0.1369224581143723,GPR
0.105,0.8571,23.3333,5,FCC,0.064697,0.044073,0.3745849046816351,0.1610305599164179,0.1504175003481171,GPR
0.115714,0.8571,23.3333,5,FCC,0.056698,0.037793,0.4199627859869457,0.1781871535626104,0.1644203397994739,GPR
0.126429,0.8571,23.3333,5,FCC,0.049742,0.0332,0.4696410663089002,0.1965188270301765,0.1790168005881504,GPR
0.137143,0.8571,23.3333,5,FCC,0.043978,0.029672,0.5243039847391655,0.2163199951475159,0.1943066440931763,GPR
0.147857,0.8571,23.3333,5,FCC,0.039304,0.026862,0.5847260058382591,0.2380301332969348,0.2104105791649196,GPR
0.158571,0.8571,23.3333,5,FCC,0.035471,0.024564,0.6517299791754321,0.2622353623203156,0.2274619707900609,GPR
0.169286,0.8571,23.3333,5,FCC,0.032242,0.022645,0.7261657566529944,0.2896509851261112,0.2456052424974568,GPR
0.18,0.8571,23.3333,5,FCC,0.029443,0.021015,0.808840368709163,0.3210547697601771,0.2649826641710379,GPR
0.03,1.0357,23.3333,5,FCC,0.293989,0.573019,0.1374801134742816,0.0632812463452137,0.0637868067677611,GPR
0.040714,1.0357,23.3333,5,FCC,0.248944,0.421475,0.1649879445678289,0.0754201784422323,0.0752047928127203,GPR
0.051429,1.0357,23.3333,5,FCC,0.209927,0.228363,0.1942135868811069,0.0880541207830709,0.0868989325644335,GPR
0.062143,1.0357,23.3333,5,FCC,0.173908,0.275441,0.2253606054408146,0.1012346967659918,0.0988898714618153,GPR
0.072857,1.0357,23.3333,5,FCC,0.144778,0.297817,0.2586631025509222,0.1150417828998232,0.1112028391470513,GPR
0.083571,1.0357,23.3333,5,FCC,0.124358,0.187708,0.2943956970696346,0.1295571782350305,0.123867149400178,GPR
0.094286,1.0357,23.3333,5,FCC,0.109718,0.152371,0.3328996620684367,0.1448598699314488,0.1369224581143723,GPR
0.105,1.0357,23.3333,5,FCC,0.098488,0.113098,0.3745849046816351,0.1610305599164179,0.1504175003481171,GPR
0.115714,1.0357,23.3333,5,FCC,0.089382,0.079601,0.4199627859869457,0.1781871535626104,0.1644203397994739,GPR
0.126429,1.0357,23.3333,5,FCC,0.081675,0.061048,0.4696410663089002,0.1965188270301765,0.1790168005881504,GPR
0.137143,1.0357,23.3333,5,FCC,0.074905,0.050015,0.5243039847391655,0.2163199951475159,0.1943066440931763,GPR
0.147857,1.0357,23.3333,5,FCC,0.06875,0.042702,0.5847260058382591,0.2380301332969348,0.2104105791649196,GPR
0.158571,1.0357,23.3333,5,FCC,0.062976,0.037454,0.6517299791754321,0.2622353623203156,0.2274619707900609,GPR
0.169286,1.0357,23.3333,5,FCC,0.057449,0.033473,0.7261657566529944,0.2896509851261112,0.2456052424974568,GPR
0.18,1.0357,23.3333,5,FCC,0.052181,0.030329,0.808840368709163,0.3210547697601771,0.2649826641710379,GPR
0.03,1.2143,23.3333,5,FCC,0.343628,0.19995,0.1374801134742816,0.0632812463452137,0.0637868067677611,GPR
0.040714,1.2143,23.3333,5,FCC,0.302726,0.361835,0.1649879445678289,0.0754201784422323,0.0752047928127203,GPR
0.051429,1.2143,23.3333,5,FCC,0.268604,0.729507,0.1942135868811069,0.0880541207830709,0.0868989325644335,GPR
0.062143,1.2143,23.3333,5,FCC,0.239232,0.372204,0.2253606054408146,0.1012346967659918,0.0988898714618153,GPR
0.072857,1.2143,23.3333,5,FCC,0.212409,0.219003,0.2586631025509222,0.1150417828998232,0.1112028391470513,GPR
0.083571,1.2143,23.3333,5,FCC,0.186294,0.212845,0.2943956970696346,0.1295571782350305,0.123867149400178,GPR
0.094286,1.2143,23.3333,5,FCC,0.161386,0.311444,0.3328996620684367,0.1448598699314488,0.1369224581143723,GPR
0.105,1.2143,23.3333,5,FCC,0.140785,0.321582,0.3745849046816351,0.1610305599164179,0.1504175003481171,GPR
0.115714,1.2143,23.3333,5,FCC,0.12531,0.207513,0.4199627859869457,0.1781871535626104,0.1644203397994739,GPR
0.126429,1.2143,23.3333,5,FCC,0.113564,0.159719,0.4696410663089002,0.1965188270301765,0.1790168005881504,GPR
0.137143,1.2143,23.3333,5,FCC,0.104243,0.147965,0.5243039847391655,0.2163199951475159,0.1943066440931763,GPR
0.147857,1.2143,23.3333,5,FCC,0.096539,0.116599,0.5847260058382591,0.2380301332969348,0.2104105791649196,GPR
0.158571,1.2143,23.3333,5,FCC,0.089965,0.084842,0.6517299791754321,0.2622353623203156,0.2274619707900609,GPR
0.169286,1.2143,23.3333,5,FCC,0.084216,0.065518,0.7261657566529944,0.2896509851261112,0.2456052424974568,GPR
0.18,1.2143,23.3333,5,FCC,0.079079,0.053734,0.808840368709163,0.3210547697601771,0.2649826641710379,GPR
0.03,1.3929,23.3333,5,FCC,0.3752,0.228968,0.1374801134742816,0.0632812463452137,0.0637868067677611,GPR
0.040714,1.3929,23.3333,5,FCC,0.34276,0.178196,0.1649879445678289,0.0754201784422323,0.0752047928127203,GPR
0.051429,1.3929,23.3333,5,FCC,0.311417,0.226025,0.1942135868811069,0.0880541207830709,0.0868989325644335,GPR
0.062143,1.3929,23.3333,5,FCC,0.284168,0.465612,0.2253606054408146,0.1012346967659918,0.0988898714618153,GPR
0.072857,1.3929,23.3333,5,FCC,0.26037,0.767589,0.2586631025509222,0.1150417828998232,0.1112028391470513,GPR
0.083571,1.3929,23.3333,5,FCC,0.239125,0.431801,0.2943956970696346,0.1295571782350305,0.123867149400178,GPR
0.094286,1.3929,23.3333,5,FCC,0.219499,0.24442,0.3328996620684367,0.1448598699314488,0.1369224581143723,GPR
0.105,1.3929,23.3333,5,FCC,0.200512,0.187693,0.3745849046816351,0.1610305599164179,0.1504175003481171,GPR
0.115714,1.3929,23.3333,5,FCC,0.181355,0.198463,0.4199627859869457,0.1781871535626104,0.1644203397994739,GPR
0.126429,1.3929,23.3333,5,FCC,0.162315,0.282051,0.4696410663089002,0.1965188270301765,0.1790168005881504,GPR
0.137143,1.3929,23.3333,5,FCC,0.145236,0.375667,0.5243039847391655,0.2163199951475159,0.1943066440931763,GPR
0.147857,1.3929,23.3333,5,FCC,0.131424,0.293197,0.5847260058382591,0.2380301332969348,0.2104105791649196,GPR
0.158571,1.3929,23.3333,5,FCC,0.120572,0.195779,0.6517299791754321,0.2622353623203156,0.2274619707900609,GPR
0.169286,1.3929,23.3333,5,FCC,0.111865,0.15504,0.7261657566529944,0.2896509851261112,0.2456052424974568,GPR
0.18,1.3929,23.3333,5,FCC,0.104654,0.149828,0.808840368709163,0.3210547697601771,0.2649826641710379,GPR
0.03,1.5714,23.3333,5,FCC,0.376585,0.429443,0.1374801134742816,0.0632812463452137,0.0637868067677611,GPR
0.040714,1.5714,23.3333,5,FCC,0.366079,0.226274,0.1649879445678289,0.0754201784422323,0.0752047928127203,GPR
0.051429,1.5714,23.3333,5,FCC,0.343615,0.168718,0.1942135868811069,0.0880541207830709,0.0868989325644335,GPR
0.062143,1.5714,23.3333,5,FCC,0.318891,0.169599,0.2253606054408146,0.1012346967659918,0.0988898714618153,GPR
0.072857,1.5714,23.3333,5,FCC,0.296502,0.234446,0.2586631025509222,0.1150417828998232,0.1112028391470513,GPR
0.083571,1.5714,23.3333,5,FCC,0.276497,0.444497,0.2943956970696346,0.1295571782350305,0.123867149400178,GPR
0.094286,1.5714,23.3333,5,FCC,0.258522,0.795355,0.3328996620684367,0.1448598699314488,0.1369224581143723,GPR
0.105,1.5714,23.3333,5,FCC,0.242165,0.600614,0.3745849046816351,0.1610305599164179,0.1504175003481171,GPR
0.115714,1.5714,23.3333,5,FCC,0.227006,0.332075,0.4199627859869457,0.1781871535626104,0.1644203397994739,GPR
0.126429,1.5714,23.3333,5,FCC,0.2126,0.217524,0.4696410663089002,0.1965188270301765,0.1790168005881504,GPR
0.137143,1.5714,23.3333,5,FCC,0.198457,0.174827,0.5243039847391655,0.2163199951475159,0.1943066440931763,GPR
0.147857,1.5714,23.3333,5,FCC,0.184085,0.172649,0.5847260058382591,0.2380301332969348,0.2104105791649196,GPR
0.158571,1.5714,23.3333,5,FCC,0.169283,0.212412,0.6517299791754321,0.2622353623203156,0.2274619707900609,GPR
0.169286,1.5714,23.3333,5,FCC,0.154654,0.309799,0.7261657566529944,0.2896509851261112,0.2456052424974568,GPR
0.18,1.5714,23.3333,5,FCC,0.141446,0.400766,0.808840368709163,0.3210547697601771,0.2649826641710379,GPR
0.03,1.75,23.3333,5,FCC,0.347245,0.857509,0.1374801134742816,0.0632812463452137,0.0637868067677611,GPR
0.040714,1.75,23.3333,5,FCC,0.364587,0.42423,0.1649879445678289,0.0754201784422323,0.0752047928127203,GPR
0.051429,1.75,23.3333,5,FCC,0.355856,0.23857,0.1942135868811069,0.0880541207830709,0.0868989325644335,GPR
0.062143,1.75,23.3333,5,FCC,0.344215,0.171354,0.2253606054408146,0.1012346967659918,0.0988898714618153,GPR
0.072857,1.75,23.3333,5,FCC,0.32476,0.150465,0.2586631025509222,0.1150417828998232,0.1112028391470513,GPR
0.083571,1.75,23.3333,5,FCC,0.306145,0.160648,0.2943956970696346,0.1295571782350305,0.123867149400178,GPR
0.094286,1.75,23.3333,5,FCC,0.289065,0.212549,0.3328996620684367,0.1448598699314488,0.1369224581143723,GPR
0.105,1.75,23.3333,5,FCC,0.273475,0.352407,0.3745849046816351,0.1610305599164179,0.1504175003481171,GPR
0.115714,1.75,23.3333,5,FCC,0.2592,0.658196,0.4199627859869457,0.1781871535626104,0.1644203397994739,GPR
0.126429,1.75,23.3333,5,FCC,0.246039,0.82753,0.4696410663089002,0.1965188270301765,0.1790168005881504,GPR
0.137143,1.75,23.3333,5,FCC,0.233787,0.543236,0.5243039847391655,0.2163199951475159,0.1943066440931763,GPR
0.147857,1.75,23.3333,5,FCC,0.222236,0.324692,0.5847260058382591,0.2380301332969348,0.2104105791649196,GPR
0.158571,1.75,23.3333,5,FCC,0.211162,0.221296,0.6517299791754321,0.2622353623203156,0.2274619707900609,GPR
0.169286,1.75,23.3333,5,FCC,0.200317,0.173952,0.7261657566529944,0.2896509851261112,0.2456052424974568,GPR
0.18,1.75,23.3333,5,FCC,0.189417,0.156699,0.808840368709163,0.3210547697601771,0.2649826641710379,GPR
0.03,1.9286,23.3333,5,FCC,0.314064,0.664347,0.1374801134742816,0.0632812463452137,0.0637868067677611,GPR
0.040714,1.9286,23.3333,5,FCC,0.335179,0.830781,0.1649879445678289,0.0754201784422323,0.0752047928127203,GPR
0.051429,1.9286,23.3333,5,FCC,0.354165,0.456819,0.1942135868811069,0.0880541207830709,0.0868989325644335,GPR
0.062143,1.9286,23.3333,5,FCC,0.345145,0.265758,0.2253606054408146,0.1012346967659918,0.0988898714618153,GPR
0.072857,1.9286,23.3333,5,FCC,0.342688,0.185419,0.2586631025509222,0.1150417828998232,0.1112028391470513,GPR
0.083571,1.9286,23.3333,5,FCC,0.32878,0.150311,0.2943956970696346,0.1295571782350305,0.123867149400178,GPR
0.094286,1.9286,23.3333,5,FCC,0.313426,0.139077,0.3328996620684367,0.1448598699314488,0.1369224581143723,GPR
0.105,1.9286,23.3333,5,FCC,0.298802,0.147055,0.3745849046816351,0.1610305599164179,0.1504175003481171,GPR
0.115714,1.9286,23.3333,5,FCC,0.28518,0.179913,0.4199627859869457,0.1781871535626104,0.1644203397994739,GPR
0.126429,1.9286,23.3333,5,FCC,0.272547,0.258205,0.4696410663089002,0.1965188270301765,0.1790168005881504,GPR
0.137143,1.9286,23.3333,5,FCC,0.260817,0.430862,0.5243039847391655,0.2163199951475159,0.1943066440931763,GPR
0.147857,1.9286,23.3333,5,FCC,0.249886,0.734129,0.5847260058382591,0.2380301332969348,0.2104105791649196,GPR
0.158571,1.9286,23.3333,5,FCC,0.239648,0.851287,0.6517299791754321,0.2622353623203156,0.2274619707900609,GPR
0.169286,1.9286,23.3333,5,FCC,0.229995,0.592155,0.7261657566529944,0.2896509851261112,0.2456052424974568,GPR
0.18,1.9286,23.3333,5,FCC,0.220818,0.369921,0.808840368709163,0.3210547697601771,0.2649826641710379,GPR
0.03,2.1071,23.3333,5,FCC,0.303941,0.310786,0.1374801134742816,0.0632812463452137,0.0637868067677611,GPR
0.040714,2.1071,23.3333,5,FCC,0.301816,0.676667,0.1649879445678289,0.0754201784422323,0.0752047928127203,GPR
0.051429,2.1071,23.3333,5,FCC,0.317518,0.838992,0.1942135868811069,0.0880541207830709,0.0868989325644335,GPR
0.062143,2.1071,23.3333,5,FCC,0.343624,0.520354,0.2253606054408146,0.1012346967659918,0.0988898714618153,GPR
0.072857,2.1071,23.3333,5,FCC,0.337697,0.310755,0.2586631025509222,0.1150417828998232,0.1112028391470513,GPR
0.083571,2.1071,23.3333,5,FCC,0.334097,0.21194,0.2943956970696346,0.1295571782350305,0.123867149400178,GPR
0.094286,2.1071,23.3333,5,FCC,0.330245,0.16316,0.3328996620684367,0.1448598699314488,0.1369224581143723,GPR
0.105,2.1071,23.3333,5,FCC,0.318455,0.138978,0.3745849046816351,0.1610305599164179,0.1504175003481171,GPR
0.115714,2.1071,23.3333,5,FCC,0.306114,0.129832,0.4199627859869457,0.1781871535626104,0.1644203397994739,GPR
0.126429,2.1071,23.3333,5,FCC,0.294251,0.133121,0.4696410663089002,0.1965188270301765,0.1790168005881504,GPR
0.137143,2.1071,23.3333,5,FCC,0.283054,0.150868,0.5243039847391655,0.2163199951475159,0.1943066440931763,GPR
0.147857,2.1071,23.3333,5,FCC,0.272537,0.190884,0.5847260058382591,0.2380301332969348,0.2104105791649196,GPR
0.158571,2.1071,23.3333,5,FCC,0.262661,0.271798,0.6517299791754321,0.2622353623203156,0.2274619707900609,GPR
0.169286,2.1071,23.3333,5,FCC,0.253375,0.431551,0.7261657566529944,0.2896509851261112,0.2456052424974568,GPR
0.18,2.1071,23.3333,5,FCC,0.244618,0.701655,0.808840368709163,0.3210547697601771,0.2649826641710379,GPR
0.03,2.2857,23.3333,5,FCC,0.289483,0.173912,0.1374801134742816,0.0632812463452137,0.0637868067677611,GPR
0.040714,2.2857,23.3333,5,FCC,0.292543,0.324269,0.1649879445678289,0.0754201784422323,0.0752047928127203,GPR
0.051429,2.2857,23.3333,5,FCC,0.290411,0.635918,0.1942135868811069,0.0880541207830709,0.0868989325644335,GPR
0.062143,2.2857,23.3333,5,FCC,0.298542,0.847199,0.2253606054408146,0.1012346967659918,0.0988898714618153,GPR
0.072857,2.2857,23.3333,5,FCC,0.33042,0.61109,0.2586631025509222,0.1150417828998232,0.1112028391470513,GPR
0.083571,2.2857,23.3333,5,FCC,0.331019,0.378731,0.2943956970696346,0.1295571782350305,0.123867149400178,GPR
0.094286,2.2857,23.3333,5,FCC,0.324641,0.254179,0.3328996620684367,0.1448598699314488,0.1369224581143723,GPR
0.105,2.2857,23.3333,5,FCC,0.325075,0.188496,0.3745849046816351,0.1610305599164179,0.1504175003481171,GPR
0.115714,2.2857,23.3333,5,FCC,0.320735,0.152198,0.4199627859869457,0.1781871535626104,0.1644203397994739,GPR
0.126429,2.2857,23.3333,5,FCC,0.311124,0.132174,0.4696410663089002,0.1965188270301765,0.1790168005881504,GPR
0.137143,2.2857,23.3333,5,FCC,0.301023,0.122739,0.5243039847391655,0.2163199951475159,0.1943066440931763,GPR
0.147857,2.2857,23.3333,5,FCC,0.291186,0.121813,0.5847260058382591,0.2380301332969348,0.2104105791649196,GPR
0.158571,2.2857,23.3333,5,FCC,0.281787,0.129639,0.6517299791754321,0.2622353623203156,0.2274619707900609,GPR
0.169286,2.2857,23.3333,5,FCC,0.272862,0.148819,0.7261657566529944,0.2896509851261112,0.2456052424974568,GPR
0.18,2.2857,23.3333,5,FCC,0.264402,0.185566,0.808840368709163,0.3210547697601771,0.2649826641710379,GPR
0.03,2.4643,23.3333,5,FCC,0.25979,0.118,0.1374801134742816,0.0632812463452137,0.0637868067677611,GPR
0.040714,2.4643,23.3333,5,FCC,0.280661,0.180277,0.1649879445678289,0.0754201784422323,0.0752047928127203,GPR
0.051429,2.4643,23.3333,5,FCC,0.281944,0.311459,0.1942135868811069,0.0880541207830709,0.0868989325644335,GPR
0.062143,2.4643,23.3333,5,FCC,0.279908,0.564896,0.2253606054408146,0.1012346967659918,0.0988898714618153,GPR
0.072857,2.4643,23.3333,5,FCC,0.282558,0.819003,0.2586631025509222,0.1150417828998232,0.1112028391470513,GPR
0.083571,2.4643,23.3333,5,FCC,0.30977,0.714309,0.2943956970696346,0.1295571782350305,0.123867149400178,GPR
0.094286,2.4643,23.3333,5,FCC,0.322787,0.475227,0.3328996620684367,0.1448598699314488,0.1369224581143723,GPR
0.105,2.4643,23.3333,5,FCC,0.319197,0.317894,0.3745849046816351,0.1610305599164179,0.1504175003481171,GPR
0.115714,2.4643,23.3333,5,FCC,0.314166,0.229161,0.4199627859869457,0.1781871535626104,0.1644203397994739,GPR
0.126429,2.4643,23.3333,5,FCC,0.316055,0.177898,0.4696410663089002,0.1965188270301765,0.1790168005881504,GPR
0.137143,2.4643,23.3333,5,FCC,0.313202,0.147139,0.5243039847391655,0.2163199951475159,0.1943066440931763,GPR
0.147857,2.4643,23.3333,5,FCC,0.305521,0.12858,0.5847260058382591,0.2380301332969348,0.2104105791649196,GPR
0.158571,2.4643,23.3333,5,FCC,0.297172,0.118164,0.6517299791754321,0.2622353623203156,0.2274619707900609,GPR
0.169286,2.4643,23.3333,5,FCC,0.288899,0.114037,0.7261657566529944,0.2896509851261112,0.2456052424974568,GPR
0.18,2.4643,23.3333,5,FCC,0.280895,0.115696,0.808840368709163,0.3210547697601771,0.2649826641710379,GPR
0.03,2.6429,23.3333,5,FCC,0.211892,0.091307,0.1374801134742816,0.0632812463452137,0.0637868067677611,GPR
0.040714,2.6429,23.3333,5,FCC,0.257827,0.120651,0.1649879445678289,0.0754201784422323,0.0752047928127203,GPR
0.051429,2.6429,23.3333,5,FCC,0.271228,0.176416,0.1942135868811069,0.0880541207830709,0.0868989325644335,GPR
0.062143,2.6429,23.3333,5,FCC,0.27214,0.283631,0.2253606054408146,0.1012346967659918,0.0988898714618153,GPR
0.072857,2.6429,23.3333,5,FCC,0.270321,0.48066,0.2586631025509222,0.1150417828998232,0.1112028391470513,GPR
0.083571,2.6429,23.3333,5,FCC,0.270221,0.736638,0.2943956970696346,0.1295571782350305,0.123867149400178,GPR
0.094286,2.6429,23.3333,5,FCC,0.282611,0.789862,0.3328996620684367,0.1448598699314488,0.1369224581143723,GPR
0.105,2.6429,23.3333,5,FCC,0.309403,0.598331,0.3745849046816351,0.1610305599164179,0.1504175003481171,GPR
0.115714,2.6429,23.3333,5,FCC,0.312968,0.410512,0.4199627859869457,0.1781871535626104,0.1644203397994739,GPR
0.126429,2.6429,23.3333,5,FCC,0.309159,0.290998,0.4696410663089002,0.1965188270301765,0.1790168005881504,GPR
0.137143,2.6429,23.3333,5,FCC,0.305011,0.219037,0.5243039847391655,0.2163199951475159,0.1943066440931763,GPR
0.147857,2.6429,23.3333,5,FCC,0.306792,0.174555,0.5847260058382591,0.2380301332969348,0.2104105791649196,GPR
0.158571,2.6429,23.3333,5,FCC,0.306665,0.146164,0.6517299791754321,0.2622353623203156,0.2274619707900609,GPR
0.169286,2.6429,23.3333,5,FCC,0.300857,0.127798,0.7261657566529944,0.2896509851261112,0.2456052424974568,GPR
0.18,2.6429,23.3333,5,FCC,0.293979,0.116212,0.808840368709163,0.3210547697601771,0.2649826641710379,GPR
0.03,2.8214,23.3333,5,FCC,0.184454,0.076994,0.1374801134742816,0.0632812463452137,0.0637868067677611,GPR
0.040714,2.8214,23.3333,5,FCC,0.214802,0.092064,0.1649879445678289,0.0754201784422323,0.0752047928127203,GPR
0.051429,2.8214,23.3333,5,FCC,0.251435,0.11884,0.1942135868811069,0.0880541207830709,0.0868989325644335,GPR
0.062143,2.8214,23.3333,5,FCC,0.261909,0.166007,0.2253606054408146,0.1012346967659918,0.0988898714618153,GPR
0.072857,2.8214,23.3333,5,FCC,0.263002,0.250032,0.2586631025509222,0.1150417828998232,0.1112028391470513,GPR
0.083571,2.8214,23.3333,5,FCC,0.261539,0.397292,0.2943956970696346,0.1295571782350305,0.123867149400178,GPR
0.094286,2.8214,23.3333,5,FCC,0.260358,0.616222,0.3328996620684367,0.1448598699314488,0.1369224581143723,GPR
0.105,2.8214,23.3333,5,FCC,0.263578,0.784027,0.3745849046816351,0.1610305599164179,0.1504175003481171,GPR
0.115714,2.8214,23.3333,5,FCC,0.283933,0.719345,0.4199627859869457,0.1781871535626104,0.1644203397994739,GPR
0.126429,2.8214,23.3333,5,FCC,0.302628,0.535072,0.4696410663089002,0.1965188270301765,0.1790168005881504,GPR
0.137143,2.8214,23.3333,5,FCC,0.303804,0.382129,0.5243039847391655,0.2163199951475159,0.1943066440931763,GPR
0.147857,2.8214,23.3333,5,FCC,0.300481,0.281796,0.5847260058382591,0.2380301332969348,0.2104105791649196,GPR
0.158571,2.8214,23.3333,5,FCC,0.296796,0.217934,0.6517299791754321,0.2622353623203156,0.2274619707900609,GPR
0.169286,2.8214,23.3333,5,FCC,0.29695,0.176395,0.7261657566529944,0.2896509851261112,0.2456052424974568,GPR
0.18,2.8214,23.3333,5,FCC,0.300072,0.148616,0.808840368709163,0.3210547697601771,0.2649826641710379,GPR
0.03,3.0,23.3333,5,FCC,0.171176,0.068682,0.1374801134742816,0.0632812463452137,0.0637868067677611,GPR
0.040714,3.0,23.3333,5,FCC,0.182412,0.076704,0.1649879445678289,0.0754201784422323,0.0752047928127203,GPR
0.051429,3.0,23.3333,5,FCC,0.212915,0.090689,0.1942135868811069,0.0880541207830709,0.0868989325644335,GPR
0.062143,3.0,23.3333,5,FCC,0.243308,0.113948,0.2253606054408146,0.1012346967659918,0.0988898714618153,GPR
0.072857,3.0,23.3333,5,FCC,0.252822,0.15239,0.2586631025509222,0.1150417828998232,0.1112028391470513,GPR
0.083571,3.0,23.3333,5,FCC,0.254386,0.216562,0.2943956970696346,0.1295571782350305,0.123867149400178,GPR
0.094286,3.0,23.3333,5,FCC,0.253397,0.323644,0.3328996620684367,0.1448598699314488,0.1369224581143723,GPR
0.105,3.0,23.3333,5,FCC,0.251969,0.490559,0.3745849046816351,0.1610305599164179,0.1504175003481171,GPR
0.115714,3.0,23.3333,5,FCC,0.25197,0.686566,0.4199627859869457,0.1781871535626104,0.1644203397994739,GPR
0.126429,3.0,23.3333,5,FCC,0.25815,0.771433,0.4696410663089002,0.1965188270301765,0.1790168005881504,GPR
0.137143,3.0,23.3333,5,FCC,0.280605,0.670467,0.5243039847391655,0.2163199951475159,0.1943066440931763,GPR
0.147857,3.0,23.3333,5,FCC,0.294546,0.507251,0.5847260058382591,0.2380301332969348,0.2104105791649196,GPR
0.158571,3.0,23.3333,5,FCC,0.295449,0.374768,0.6517299791754321,0.2622353623203156,0.2274619707900609,GPR
0.169286,3.0,23.3333,5,FCC,0.292781,0.284054,0.7261657566529944,0.2896509851261112,0.2456052424974568,GPR
0.18,3.0,23.3333,5,FCC,0.289477,0.223595,0.808840368709163,0.3210547697601771,0.2649826641710379,GPR
0.03,0.5,26.6667,5,FCC,0.043553,0.039904,0.1374801134742816,0.0632812463452137,0.0637868067677611,GPR
0.040714,0.5,26.6667,5,FCC,0.031449,0.029911,0.1649879445678289,0.0754201784422323,0.0752047928127203,GPR
0.051429,0.5,26.6667,5,FCC,0.024475,0.023982,0.1942135868811069,0.0880541207830709,0.0868989325644335,GPR
0.062143,0.5,26.6667,5,FCC,0.020041,0.020035,0.2253606054408146,0.1012346967659918,0.0988898714618153,GPR
0.072857,0.5,26.6667,5,FCC,0.016988,0.017213,0.2586631025509222,0.1150417828998232,0.1112028391470513,GPR
0.083571,0.5,26.6667,5,FCC,0.014755,0.015091,0.2943956970696346,0.1295571782350305,0.123867149400178,GPR
0.094286,0.5,26.6667,5,FCC,0.013049,0.013437,0.3328996620684367,0.1448598699314488,0.1369224581143723,GPR
0.105,0.5,26.6667,5,FCC,0.011701,0.012111,0.3745849046816351,0.1610305599164179,0.1504175003481171,GPR
0.115714,0.5,26.6667,5,FCC,0.010608,0.011024,0.4199627859869457,0.1781871535626104,0.1644203397994739,GPR
0.126429,0.5,26.6667,5,FCC,0.009704,0.010117,0.4696410663089002,0.1965188270301765,0.1790168005881504,GPR
0.137143,0.5,26.6667,5,FCC,0.008942,0.009347,0.5243039847391655,0.2163199951475159,0.1943066440931763,GPR
0.147857,0.5,26.6667,5,FCC,0.008293,0.008687,0.5847260058382591,0.2380301332969348,0.2104105791649196,GPR
0.158571,0.5,26.6667,5,FCC,0.007731,0.008114,0.6517299791754321,0.2622353623203156,0.2274619707900609,GPR
0.169286,0.5,26.6667,5,FCC,0.007242,0.007612,0.7261657566529944,0.2896509851261112,0.2456052424974568,GPR
0.18,0.5,26.6667,5,FCC,0.00681,0.007169,0.808840368709163,0.3210547697601771,0.2649826641710379,GPR
0.03,0.6786,26.6667,5,FCC,0.083589,0.067706,0.1374801134742816,0.0632812463452137,0.0637868067677611,GPR
0.040714,0.6786,26.6667,5,FCC,0.059924,0.045804,0.1649879445678289,0.0754201784422323,0.0752047928127203,GPR
0.051429,0.6786,26.6667,5,FCC,0.045195,0.035138,0.1942135868811069,0.0880541207830709,0.0868989325644335,GPR
0.062143,0.6786,26.6667,5,FCC,0.035673,0.028662,0.2253606054408146,0.1012346967659918,0.0988898714618153,GPR
0.072857,0.6786,26.6667,5,FCC,0.028957,0.024264,0.2586631025509222,0.1150417828998232,0.1112028391470513,GPR
0.083571,0.6786,26.6667,5,FCC,0.024132,0.021063,0.2943956970696346,0.1295571782350305,0.123867149400178,GPR
0.094286,0.6786,26.6667,5,FCC,0.020618,0.018622,0.3328996620684367,0.1448598699314488,0.1369224581143723,GPR
0.105,0.6786,26.6667,5,FCC,0.017992,0.016696,0.3745849046816351,0.1610305599164179,0.1504175003481171,GPR
0.115714,0.6786,26.6667,5,FCC,0.015976,0.015135,0.4199627859869457,0.1781871535626104,0.1644203397994739,GPR
0.126429,0.6786,26.6667,5,FCC,0.014384,0.013844,0.4696410663089002,0.1965188270301765,0.1790168005881504,GPR
0.137143,0.6786,26.6667,5,FCC,0.013094,0.012757,0.5243039847391655,0.2163199951475159,0.1943066440931763,GPR
0.147857,0.6786,26.6667,5,FCC,0.012026,0.01183,0.5847260058382591,0.2380301332969348,0.2104105791649196,GPR
0.158571,0.6786,26.6667,5,FCC,0.011126,0.011029,0.6517299791754321,0.2622353623203156,0.2274619707900609,GPR
0.169286,0.6786,26.6667,5,FCC,0.010355,0.010331,0.7261657566529944,0.2896509851261112,0.2456052424974568,GPR
0.18,0.6786,26.6667,5,FCC,0.009687,0.009716,0.808840368709163,0.3210547697601771,0.2649826641710379,GPR
0.03,0.8571,26.6667,5,FCC,0.130728,0.183112,0.1374801134742816,0.0632812463452137,0.0637868067677611,GPR
0.040714,0.8571,26.6667,5,FCC,0.101176,0.091758,0.1649879445678289,0.0754201784422323,0.0752047928127203,GPR
0.051429,0.8571,26.6667,5,FCC,0.081215,0.057501,0.1942135868811069,0.0880541207830709,0.0868989325644335,GPR
0.062143,0.8571,26.6667,5,FCC,0.065149,0.043032,0.2253606054408146,0.1012346967659918,0.0988898714618153,GPR
0.072857,0.8571,26.6667,5,FCC,0.052284,0.034794,0.2586631025509222,0.1150417828998232,0.1112028391470513,GPR
0.083571,0.8571,26.6667,5,FCC,0.043107,0.029367,0.2943956970696346,0.1295571782350305,0.123867149400178,GPR
0.094286,0.8571,26.6667,5,FCC,0.036503,0.025478,0.3328996620684367,0.1448598699314488,0.1369224581143723,GPR
0.105,0.8571,26.6667,5,FCC,0.031348,0.022536,0.3745849046816351,0.1610305599164179,0.1504175003481171,GPR
0.115714,0.8571,26.6667,5,FCC,0.027094,0.020225,0.4199627859869457,0.1781871535626104,0.1644203397994739,GPR
0.126429,0.8571,26.6667,5,FCC,0.023587,0.018355,0.4696410663089002,0.1965188270301765,0.1790168005881504,GPR
0.137143,0.8571,26.6667,5,FCC,0.020762,0.01681,0.5243039847391655,0.2163199951475159,0.1943066440931763,GPR
0.147857,0.8571,26.6667,5,FCC,0.018496,0.01551,0.5847260058382591,0.2380301332969348,0.2104105791649196,GPR
0.158571,0.8571,26.6667,5,FCC,0.016657,0.0144,0.6517299791754321,0.2622353623203156,0.2274619707900609,GPR
0.169286,0.8571,26.6667,5,FCC,0.015149,0.01344,0.7261657566529944,0.2896509851261112,0.2456052424974568,GPR
0.18,0.8571,26.6667,5,FCC,0.0139,0.012602,0.808840368709163,0.3210547697601771,0.2649826641710379,GPR
0.03,1.0357,26.6667,5,FCC,0.195514,0.290931,0.1374801134742816,0.0632812463452137,0.0637868067677611,GPR
0.040714,1.0357,26.6667,5,FCC,0.145923,0.248854,0.1649879445678289,0.0754201784422323,0.0752047928127203,GPR
0.051429,1.0357,26.6667,5,FCC,0.118021,0.161289,0.1942135868811069,0.0880541207830709,0.0868989325644335,GPR
0.062143,1.0357,26.6667,5,FCC,0.099761,0.08851,0.2253606054408146,0.1012346967659918,0.0988898714618153,GPR
0.072857,1.0357,26.6667,5,FCC,0.085986,0.05862,0.2586631025509222,0.1150417828998232,0.1112028391470513,GPR
0.083571,1.0357,26.6667,5,FCC,0.074427,0.044931,0.2943956970696346,0.1295571782350305,0.123867149400178,GPR
0.094286,1.0357,26.6667,5,FCC,0.063854,0.036907,0.3328996620684367,0.1448598699314488,0.1369224581143723,GPR
0.105,1.0357,26.6667,5,FCC,0.054169,0.031527,0.3745849046816351,0.1610305599164179,0.1504175003481171,GPR
0.115714,1.0357,26.6667,5,FCC,0.046245,0.027621,0.4199627859869457,0.1781871535626104,0.1644203397994739,GPR
0.126429,1.0357,26.6667,5,FCC,0.040268,0.024633,0.4696410663089002,0.1965188270301765,0.1790168005881504,GPR
0.137143,1.0357,26.6667,5,FCC,0.035683,0.022261,0.5243039847391655,0.2163199951475159,0.1943066440931763,GPR
0.147857,1.0357,26.6667,5,FCC,0.031956,0.020326,0.5847260058382591,0.2380301332969348,0.2104105791649196,GPR
0.158571,1.0357,26.6667,5,FCC,0.028745,0.018713,0.6517299791754321,0.2622353623203156,0.2274619707900609,GPR
0.169286,1.0357,26.6667,5,FCC,0.025863,0.017347,0.7261657566529944,0.2896509851261112,0.2456052424974568,GPR
0.18,1.0357,26.6667,5,FCC,0.023252,0.016172,0.808840368709163,0.3210547697601771,0.2649826641710379,GPR
0.03,1.2143,26.6667,5,FCC,0.257359,0.378994,0.1374801134742816,0.0632812463452137,0.0637868067677611,GPR
0.040714,1.2143,26.6667,5,FCC,0.210464,0.22262,0.1649879445678289,0.0754201784422323,0.0752047928127203,GPR
0.051429,1.2143,26.6667,5,FCC,0.166434,0.398169,0.1942135868811069,0.0880541207830709,0.0868989325644335,GPR
0.062143,1.2143,26.6667,5,FCC,0.136295,0.215116,0.2253606054408146,0.1012346967659918,0.0988898714618153,GPR
0.072857,1.2143,26.6667,5,FCC,0.117039,0.169263,0.2586631025509222,0.1150417828998232,0.1112028391470513,GPR
0.083571,1.2143,26.6667,5,FCC,0.103212,0.107876,0.2943956970696346,0.1295571782350305,0.123867149400178,GPR
0.094286,1.2143,26.6667,5,FCC,0.092363,0.068523,0.3328996620684367,0.1448598699314488,0.1369224581143723,GPR
0.105,1.2143,26.6667,5,FCC,0.083296,0.05121,0.3745849046816351,0.1610305599164179,0.1504175003481171,GPR
0.115714,1.2143,26.6667,5,FCC,0.075275,0.041595,0.4199627859869457,0.1781871535626104,0.1644203397994739,GPR
0.126429,1.2143,26.6667,5,FCC,0.067751,0.035361,0.4696410663089002,0.1965188270301765,0.1790168005881504,GPR
0.137143,1.2143,26.6667,5,FCC,0.060348,0.030925,0.5243039847391655,0.2163199951475159,0.1943066440931763,GPR
0.147857,1.2143,26.6667,5,FCC,0.053141,0.027573,0.5847260058382591,0.2380301332969348,0.2104105791649196,GPR
0.158571,1.2143,26.6667,5,FCC,0.046752,0.024932,0.6517299791754321,0.2622353623203156,0.2274619707900609,GPR
0.169286,1.2143,26.6667,5,FCC,0.041604,0.022788,0.7261657566529944,0.2896509851261112,0.2456052424974568,GPR
0.18,1.2143,26.6667,5,FCC,0.037562,0.021006,0.808840368709163,0.3210547697601771,0.2649826641710379,GPR
0.03,1.3929,26.6667,5,FCC,0.29726,0.629319,0.1374801134742816,0.0632812463452137,0.0637868067677611,GPR
0.040714,1.3929,26.6667,5,FCC,0.259381,0.476766,0.1649879445678289,0.0754201784422323,0.0752047928127203,GPR
0.051429,1.3929,26.6667,5,FCC,0.225317,0.214226,0.1942135868811069,0.0880541207830709,0.0868989325644335,GPR
0.062143,1.3929,26.6667,5,FCC,0.191056,0.242404,0.2253606054408146,0.1012346967659918,0.0988898714618153,GPR
0.072857,1.3929,26.6667,5,FCC,0.159013,0.426451,0.2586631025509222,0.1150417828998232,0.1112028391470513,GPR
0.083571,1.3929,26.6667,5,FCC,0.136056,0.2363,0.2943956970696346,0.1295571782350305,0.123867149400178,GPR
0.094286,1.3929,26.6667,5,FCC,0.120292,0.167418,0.3328996620684367,0.1448598699314488,0.1369224581143723,GPR
0.105,1.3929,26.6667,5,FCC,0.108546,0.156265,0.3745849046816351,0.1610305599164179,0.1504175003481171,GPR
0.115714,1.3929,26.6667,5,FCC,0.099174,0.097018,0.4199627859869457,0.1781871535626104,0.1644203397994739,GPR
0.126429,1.3929,26.6667,5,FCC,0.091333,0.065984,0.4696410663089002,0.1965188270301765,0.1790168005881504,GPR
0.137143,1.3929,26.6667,5,FCC,0.084533,0.050878,0.5243039847391655,0.2163199951475159,0.1943066440931763,GPR
0.147857,1.3929,26.6667,5,FCC,0.078443,0.042036,0.5847260058382591,0.2380301332969348,0.2104105791649196,GPR
0.158571,1.3929,26.6667,5,FCC,0.0728,0.03615,0.6517299791754321,0.2622353623203156,0.2274619707900609,GPR
0.169286,1.3929,26.6667,5,FCC,0.067368,0.031894,0.7261657566529944,0.2896509851261112,0.2456052424974568,GPR
0.18,1.3929,26.6667,5,FCC,0.061929,0.028641,0.808840368709163,0.3210547697601771,0.2649826641710379,GPR
0.03,1.5714,26.6667,5,FCC,0.326095,0.1984,0.1374801134742816,0.0632812463452137,0.0637868067677611,GPR
0.040714,1.5714,26.6667,5,FCC,0.292446,0.538283,0.1649879445678289,0.0754201784422323,0.0752047928127203,GPR
0.051429,1.5714,26.6667,5,FCC,0.263304,0.700027,0.1942135868811069,0.0880541207830709,0.0868989325644335,GPR
0.062143,1.5714,26.6667,5,FCC,0.237198,0.275665,0.2253606054408146,0.1012346967659918,0.0988898714618153,GPR
0.072857,1.5714,26.6667,5,FCC,0.21208,0.185978,0.2586631025509222,0.1150417828998232,0.1112028391470513,GPR
0.083571,1.5714,26.6667,5,FCC,0.185895,0.232086,0.2943956970696346,0.1295571782350305,0.123867149400178,GPR
0.094286,1.5714,26.6667,5,FCC,0.160318,0.433522,0.3328996620684367,0.1448598699314488,0.1369224581143723,GPR
0.105,1.5714,26.6667,5,FCC,0.140274,0.324043,0.3745849046816351,0.1610305599164179,0.1504175003481171,GPR
0.115714,1.5714,26.6667,5,FCC,0.125846,0.183032,0.4199627859869457,0.1781871535626104,0.1644203397994739,GPR
0.126429,1.5714,26.6667,5,FCC,0.114974,0.161579,0.4696410663089002,0.1965188270301765,0.1790168005881504,GPR
0.137143,1.5714,26.6667,5,FCC,0.106282,0.16334,0.5243039847391655,0.2163199951475159,0.1943066440931763,GPR
0.147857,1.5714,26.6667,5,FCC,0.099022,0.108163,0.5847260058382591,0.2380301332969348,0.2104105791649196,GPR
0.158571,1.5714,26.6667,5,FCC,0.092764,0.073056,0.6517299791754321,0.2622353623203156,0.2274619707900609,GPR
0.169286,1.5714,26.6667,5,FCC,0.087241,0.055588,0.7261657566529944,0.2896509851261112,0.2456052424974568,GPR
0.18,1.5714,26.6667,5,FCC,0.082267,0.045548,0.808840368709163,0.3210547697601771,0.2649826641710379,GPR
0.03,1.75,26.6667,5,FCC,0.34633,0.159927,0.1374801134742816,0.0632812463452137,0.0637868067677611,GPR
0.040714,1.75,26.6667,5,FCC,0.317119,0.183128,0.1649879445678289,0.0754201784422323,0.0752047928127203,GPR
0.051429,1.75,26.6667,5,FCC,0.290754,0.391495,0.1942135868811069,0.0880541207830709,0.0868989325644335,GPR
0.062143,1.75,26.6667,5,FCC,0.267399,0.900565,0.2253606054408146,0.1012346967659918,0.0988898714618153,GPR
0.072857,1.75,26.6667,5,FCC,0.246391,0.455357,0.2586631025509222,0.1150417828998232,0.1112028391470513,GPR
0.083571,1.75,26.6667,5,FCC,0.226835,0.228777,0.2943956970696346,0.1295571782350305,0.123867149400178,GPR
0.094286,1.75,26.6667,5,FCC,0.207582,0.172325,0.3328996620684367,0.1448598699314488,0.1369224581143723,GPR
0.105,1.75,26.6667,5,FCC,0.187361,0.196365,0.3745849046816351,0.1610305599164179,0.1504175003481171,GPR
0.115714,1.75,26.6667,5,FCC,0.166357,0.340497,0.4199627859869457,0.1781871535626104,0.1644203397994739,GPR
0.126429,1.75,26.6667,5,FCC,0.147708,0.472533,0.4696410663089002,0.1965188270301765,0.1790168005881504,GPR
0.137143,1.75,26.6667,5,FCC,0.133355,0.281098,0.5243039847391655,0.2163199951475159,0.1943066440931763,GPR
0.147857,1.75,26.6667,5,FCC,0.122469,0.173823,0.5847260058382591,0.2380301332969348,0.2104105791649196,GPR
0.158571,1.75,26.6667,5,FCC,0.113853,0.152187,0.6517299791754321,0.2622353623203156,0.2274619707900609,GPR
0.169286,1.75,26.6667,5,FCC,0.106733,0.17313,0.7261657566529944,0.2896509851261112,0.2456052424974568,GPR
0.18,1.75,26.6667,5,FCC,0.100649,0.143285,0.808840368709163,0.3210547697601771,0.2649826641710379,GPR
0.03,1.9286,26.6667,5,FCC,0.35444,0.19802,0.1374801134742816,0.0632812463452137,0.0637868067677611,GPR
0.040714,1.9286,26.6667,5,FCC,0.334929,0.148429,0.1649879445678289,0.0754201784422323,0.0752047928127203,GPR
0.051429,1.9286,26.6667,5,FCC,0.311693,0.162267,0.1942135868811069,0.0880541207830709,0.0868989325644335,GPR
0.062143,1.9286,26.6667,5,FCC,0.290344,0.272055,0.2253606054408146,0.1012346967659918,0.0988898714618153,GPR
0.072857,1.9286,26.6667,5,FCC,0.271072,0.667482,0.2586631025509222,0.1150417828998232,0.1112028391470513,GPR
0.083571,1.9286,26.6667,5,FCC,0.25358,0.823583,0.2943956970696346,0.1295571782350305,0.123867149400178,GPR
0.094286,1.9286,26.6667,5,FCC,0.237449,0.387419,0.3328996620684367,0.1448598699314488,0.1369224581143723,GPR
0.105,1.9286,26.6667,5,FCC,0.222176,0.218967,0.3745849046816351,0.1610305599164179,0.1504175003481171,GPR
0.115714,1.9286,26.6667,5,FCC,0.207124,0.165091,0.4199627859869457,0.1781871535626104,0.1644203397994739,GPR
0.126429,1.9286,26.6667,5,FCC,0.191507,0.164617,0.4696410663089002,0.1965188270301765,0.1790168005881504,GPR
0.137143,1.9286,26.6667,5,FCC,0.17479,0.22537,0.5243039847391655,0.2163199951475159,0.1943066440931763,GPR
0.147857,1.9286,26.6667,5,FCC,0.157922,0.398664,0.5847260058382591,0.2380301332969348,0.2104105791649196,GPR
0.158571,1.9286,26.6667,5,FCC,0.143177,0.490861,0.6517299791754321,0.2622353623203156,0.2274619707900609,GPR
0.169286,1.9286,26.6667,5,FCC,0.131496,0.302212,0.7261657566529944,0.2896509851261112,0.2456052424974568,GPR
0.18,1.9286,26.6667,5,FCC,0.122319,0.186357,0.808840368709163,0.3210547697601771,0.2649826641710379,GPR
0.03,2.1071,26.6667,5,FCC,0.340921,0.302586,0.1374801134742816,0.0632812463452137,0.0637868067677611,GPR
0.040714,2.1071,26.6667,5,FCC,0.34371,0.177961,0.1649879445678289,0.0754201784422323,0.0752047928127203,GPR
0.051429,2.1071,26.6667,5,FCC,0.326957,0.140256,0.1942135868811069,0.0880541207830709,0.0868989325644335,GPR
0.062143,2.1071,26.6667,5,FCC,0.308063,0.143755,0.2253606054408146,0.1012346967659918,0.0988898714618153,GPR
0.072857,2.1071,26.6667,5,FCC,0.290372,0.19718,0.2586631025509222,0.1150417828998232,0.1112028391470513,GPR
0.083571,2.1071,26.6667,5,FCC,0.274134,0.375564,0.2943956970696346,0.1295571782350305,0.123867149400178,GPR
0.094286,2.1071,26.6667,5,FCC,0.259235,0.825321,0.3328996620684367,0.1448598699314488,0.1369224581143723,GPR
0.105,2.1071,26.6667,5,FCC,0.245468,0.776091,0.3745849046816351,0.1610305599164179,0.1504175003481171,GPR
0.115714,2.1071,26.6667,5,FCC,0.23259,0.390789,0.4199627859869457,0.1781871535626104,0.1644203397994739,GPR
0.126429,2.1071,26.6667,5,FCC,0.220319,0.229563,0.4696410663089002,0.1965188270301765,0.1790168005881504,GPR
0.137143,2.1071,26.6667,5,FCC,0.208308,0.167414,0.5243039847391655,0.2163199951475159,0.1943066440931763,GPR
0.147857,2.1071,26.6667,5,FCC,0.196115,0.148624,0.5847260058382591,0.2380301332969348,0.2104105791649196,GPR
0.158571,2.1071,26.6667,5,FCC,0.183234,0.162731,0.6517299791754321,0.2622353623203156,0.2274619707900609,GPR
0.169286,2.1071,26.6667,5,FCC,0.169432,0.226689,0.7261657566529944,0.2896509851261112,0.2456052424974568,GPR
0.18,2.1071,26.6667,5,FCC,0.155456,0.385233,0.808840368709163,0.3210547697601771,0.2649826641710379,GPR
0.03,2.2857,26.6667,5,FCC,0.331103,0.512185,0.1374801134742816,0.0632812463452137,0.0637868067677611,GPR
0.040714,2.2857,26.6667,5,FCC,0.329624,0.260417,0.1649879445678289,0.0754201784422323,0.0752047928127203,GPR
0.051429,2.2857,26.6667,5,FCC,0.334309,0.168562,0.1942135868811069,0.0880541207830709,0.0868989325644335,GPR
0.062143,2.2857,26.6667,5,FCC,0.320916,0.134834,0.2253606054408146,0.1012346967659918,0.0988898714618153,GPR
0.072857,2.2857,26.6667,5,FCC,0.305327,0.130275,0.2586631025509222,0.1150417828998232,0.1112028391470513,GPR
0.083571,2.2857,26.6667,5,FCC,0.290428,0.153919,0.2943956970696346,0.1295571782350305,0.123867149400178,GPR
0.094286,2.2857,26.6667,5,FCC,0.276542,0.229157,0.3328996620684367,0.1448598699314488,0.1369224581143723,GPR
0.105,2.2857,26.6667,5,FCC,0.263657,0.43564,0.3745849046816351,0.1610305599164179,0.1504175003481171,GPR
0.115714,2.2857,26.6667,5,FCC,0.251675,0.861493,0.4199627859869457,0.1781871535626104,0.1644203397994739,GPR
0.126429,2.2857,26.6667,5,FCC,0.24047,0.817849,0.4696410663089002,0.1965188270301765,0.1790168005881504,GPR
0.137143,2.2857,26.6667,5,FCC,0.229898,0.444012,0.5243039847391655,0.2163199951475159,0.1943066440931763,GPR
0.147857,2.2857,26.6667,5,FCC,0.2198,0.261662,0.5847260058382591,0.2380301332969348,0.2104105791649196,GPR
0.158571,2.2857,26.6667,5,FCC,0.209987,0.182874,0.6517299791754321,0.2622353623203156,0.2274619707900609,GPR
0.169286,2.2857,26.6667,5,FCC,0.200224,0.148594,0.7261657566529944,0.2896509851261112,0.2456052424974568,GPR
0.18,2.2857,26.6667,5,FCC,0.190214,0.139389,0.808840368709163,0.3210547697601771,0.2649826641710379,GPR
0.03,2.4643,26.6667,5,FCC,0.282698,0.727667,0.1374801134742816,0.0632812463452137,0.0637868067677611,GPR
0.040714,2.4643,26.6667,5,FCC,0.323162,0.42844,0.1649879445678289,0.0754201784422323,0.0752047928127203,GPR
0.051429,2.4643,26.6667,5,FCC,0.319655,0.242167,0.1942135868811069,0.0880541207830709,0.0868989325644335,GPR
0.062143,2.4643,26.6667,5,FCC,0.325851,0.165156,0.2253606054408146,0.1012346967659918,0.0988898714618153,GPR
0.072857,2.4643,26.6667,5,FCC,0.315929,0.132212,0.2586631025509222,0.1150417828998232,0.1112028391470513,GPR
0.083571,2.4643,26.6667,5,FCC,0.302988,0.121825,0.2943956970696346,0.1295571782350305,0.123867149400178,GPR
0.094286,2.4643,26.6667,5,FCC,0.290309,0.129487,0.3328996620684367,0.1448598699314488,0.1369224581143723,GPR
0.105,2.4643,26.6667,5,FCC,0.27831,0.1614,0.3745849046816351,0.1610305599164179,0.1504175003481171,GPR
0.115714,2.4643,26.6667,5,FCC,0.267051,0.241195,0.4199627859869457,0.1781871535626104,0.1644203397994739,GPR
0.126429,2.4643,26.6667,5,FCC,0.256498,0.434483,0.4696410663089002,0.1965188270301765,0.1790168005881504,GPR
0.137143,2.4643,26.6667,5,FCC,0.246586,0.818586,0.5243039847391655,0.2163199951475159,0.1943066440931763,GPR
0.147857,2.4643,26.6667,5,FCC,0.237237,0.913558,0.5847260058382591,0.2380301332969348,0.2104105791649196,GPR
0.158571,2.4643,26.6667,5,FCC,0.228365,0.554905,0.6517299791754321,0.2622353623203156,0.2274619707900609,GPR
0.169286,2.4643,26.6667,5,FCC,0.219878,0.325101,0.7261657566529944,0.2896509851261112,0.2456052424974568,GPR
0.18,2.4643,26.6667,5,FCC,0.21167,0.217094,0.808840368709163,0.3210547697601771,0.2649826641710379,GPR
0.03,2.6429,26.6667,5,FCC,0.258148,0.59312,0.1374801134742816,0.0632812463452137,0.0637868067677611,GPR
0.040714,2.6429,26.6667,5,FCC,0.288381,0.661775,0.1649879445678289,0.0754201784422323,0.0752047928127203,GPR
0.051429,2.6429,26.6667,5,FCC,0.314059,0.389495,0.1942135868811069,0.0880541207830709,0.0868989325644335,GPR
0.062143,2.6429,26.6667,5,FCC,0.310555,0.236432,0.2253606054408146,0.1012346967659918,0.0988898714618153,GPR
0.072857,2.6429,26.6667,5,FCC,0.317092,0.166125,0.2586631025509222,0.1150417828998232,0.1112028391470513,GPR
0.083571,2.6429,26.6667,5,FCC,0.311415,0.132406,0.2943956970696346,0.1295571782350305,0.123867149400178,GPR
0.094286,2.6429,26.6667,5,FCC,0.300752,0.117664,0.3328996620684367,0.1448598699314488,0.1369224581143723,GPR
0.105,2.6429,26.6667,5,FCC,0.289911,0.116175,0.3745849046816351,0.1610305599164179,0.1504175003481171,GPR
0.115714,2.6429,26.6667,5,FCC,0.279475,0.128329,0.4199627859869457,0.1781871535626104,0.1644203397994739,GPR
0.126429,2.6429,26.6667,5,FCC,0.269569,0.160751,0.4696410663089002,0.1965188270301765,0.1790168005881504,GPR
0.137143,2.6429,26.6667,5,FCC,0.260204,0.232028,0.5243039847391655,0.2163199951475159,0.1943066440931763,GPR
0.147857,2.6429,26.6667,5,FCC,0.251354,0.388467,0.5847260058382591,0.2380301332969348,0.2104105791649196,GPR
0.158571,2.6429,26.6667,5,FCC,0.242978,0.704766,0.6517299791754321,0.2622353623203156,0.2274619707900609,GPR
0.169286,2.6429,26.6667,5,FCC,0.235025,0.977498,0.7261657566529944,0.2896509851261112,0.2456052424974568,GPR
0.18,2.6429,26.6667,5,FCC,0.227445,0.736749,0.808840368709163,0.3210547697601771,0.2649826641710379,GPR
0.03,2.8214,26.6667,5,FCC,0.247282,0.353433,0.1374801134742816,0.0632812463452137,0.0637868067677611,GPR
0.040714,2.8214,26.6667,5,FCC,0.252168,0.655035,0.1649879445678289,0.0754201784422323,0.0752047928127203,GPR
0.051429,2.8214,26.6667,5,FCC,0.287515,0.610912,0.1942135868811069,0.0880541207830709,0.0868989325644335,GPR
0.062143,2.8214,26.6667,5,FCC,0.305247,0.375036,0.2253606054408146,0.1012346967659918,0.0988898714618153,GPR
0.072857,2.8214,26.6667,5,FCC,0.302241,0.238966,0.2586631025509222,0.1150417828998232,0.1112028391470513,GPR
0.083571,2.8214,26.6667,5,FCC,0.306115,0.170906,0.2943956970696346,0.1295571782350305,0.123867149400178,GPR
0.094286,2.8214,26.6667,5,FCC,0.306866,0.135407,0.3328996620684367,0.1448598699314488,0.1369224581143723,GPR
0.105,2.8214,26.6667,5,FCC,0.298415,0.117091,0.3745849046816351,0.1610305599164179,0.1504175003481171,GPR
0.115714,2.8214,26.6667,5,FCC,0.289175,0.109806,0.4199627859869457,0.1781871535626104,0.1644203397994739,GPR
0.126429,2.8214,26.6667,5,FCC,0.280076,0.111797,0.4696410663089002,0.1965188270301765,0.1790168005881504,GPR
0.137143,2.8214,26.6667,5,FCC,0.271325,0.124381,0.5243039847391655,0.2163199951475159,0.1943066440931763,GPR
0.147857,2.8214,26.6667,5,FCC,0.262977,0.15275,0.5847260058382591,0.2380301332969348,0.2104105791649196,GPR
0.158571,2.8214,26.6667,5,FCC,0.255032,0.209519,0.6517299791754321,0.2622353623203156,0.2274619707900609,GPR
0.169286,2.8214,26.6667,5,FCC,0.247474,0.323679,0.7261657566529944,0.2896509851261112,0.2456052424974568,GPR
0.18,2.8214,26.6667,5,FCC,0.240276,0.551647,0.808840368709163,0.3210547697601771,0.2649826641710379,GPR
0.03,3.0,26.6667,5,FCC,0.237259,0.216223,0.1374801134742816,0.0632812463452137,0.0637868067677611,GPR
0.040714,3.0,26.6667,5,FCC,0.240601,0.421208,0.1649879445678289,0.0754201784422323,0.0752047928127203,GPR
0.051429,3.0,26.6667,5,FCC,0.246157,0.666556,0.1942135868811069,0.0880541207830709,0.0868989325644335,GPR
0.062143,3.0,26.6667,5,FCC,0.281368,0.583866,0.2253606054408146,0.1012346967659918,0.0988898714618153,GPR
0.072857,3.0,26.6667,5,FCC,0.296819,0.376048,0.2586631025509222,0.1150417828998232,0.1112028391470513,GPR
0.083571,3.0,26.6667,5,FCC,0.294644,0.248119,0.2943956970696346,0.1295571782350305,0.123867149400178,GPR
0.094286,3.0,26.6667,5,FCC,0.294093,0.179413,0.3328996620684367,0.1448598699314488,0.1369224581143723,GPR
0.105,3.0,26.6667,5,FCC,0.301454,0.141275,0.3745849046816351,0.1610305599164179,0.1504175003481171,GPR
0.115714,3.0,26.6667,5,FCC,0.295776,0.119648,0.4199627859869457,0.1781871535626104,0.1644203397994739,GPR
0.126429,3.0,26.6667,5,FCC,0.288053,0.108174,0.4696410663089002,0.1965188270301765,0.1790168005881504,GPR
0.137143,3.0,26.6667,5,FCC,0.280146,0.104171,0.5243039847391655,0.2163199951475159,0.1943066440931763,GPR
0.147857,3.0,26.6667,5,FCC,0.272411,0.107058,0.5847260058382591,0.2380301332969348,0.2104105791649196,GPR
0.158571,3.0,26.6667,5,FCC,0.264952,0.118018,0.6517299791754321,0.2622353623203156,0.2274619707900609,GPR
0.169286,3.0,26.6667,5,FCC,0.2578,0.140569,0.7261657566529944,0.2896509851261112,0.2456052424974568,GPR
0.18,3.0,26.6667,5,FCC,0.250955,0.182475,0.808840368709163,0.3210547697601771,0.2649826641710379,GPR
0.03,0.5,30.0,5,FCC,0.027037,0.02635,0.1374801134742816,0.0632812463452137,0.0637868067677611,GPR
0.040714,0.5,30.0,5,FCC,0.020034,0.020148,0.1649879445678289,0.0754201784422323,0.0752047928127203,GPR
0.051429,0.5,30.0,5,FCC,0.015962,0.016323,0.1942135868811069,0.0880541207830709,0.0868989325644335,GPR
0.062143,0.5,30.0,5,FCC,0.013287,0.013723,0.2253606054408146,0.1012346967659918,0.0988898714618153,GPR
0.072857,0.5,30.0,5,FCC,0.011388,0.01184,0.2586631025509222,0.1150417828998232,0.1112028391470513,GPR
0.083571,0.5,30.0,5,FCC,0.009968,0.010412,0.2943956970696346,0.1295571782350305,0.123867149400178,GPR
0.094286,0.5,30.0,5,FCC,0.008865,0.009292,0.3328996620684367,0.1448598699314488,0.1369224581143723,GPR
0.105,0.5,30.0,5,FCC,0.007983,0.00839,0.3745849046816351,0.1610305599164179,0.1504175003481171,GPR
0.115714,0.5,30.0,5,FCC,0.007262,0.007647,0.4199627859869457,0.1781871535626104,0.1644203397994739,GPR
0.126429,0.5,30.0,5,FCC,0.00666,0.007026,0.4696410663089002,0.1965188270301765,0.1790168005881504,GPR
0.137143,0.5,30.0,5,FCC,0.006151,0.006498,0.5243039847391655,0.2163199951475159,0.1943066440931763,GPR
0.147857,0.5,30.0,5,FCC,0.005714,0.006044,0.5847260058382591,0.2380301332969348,0.2104105791649196,GPR
0.158571,0.5,30.0,5,FCC,0.005335,0.005649,0.6517299791754321,0.2622353623203156,0.2274619707900609,GPR
0.169286,0.5,30.0,5,FCC,0.005004,0.005303,0.7261657566529944,0.2896509851261112,0.2456052424974568,GPR
0.18,0.5,30.0,5,FCC,0.004711,0.004996,0.808840368709163,0.3210547697601771,0.2649826641710379,GPR
0.03,0.6786,30.0,5,FCC,0.048409,0.03725,0.1374801134742816,0.0632812463452137,0.0637868067677611,GPR
0.040714,0.6786,30.0,5,FCC,0.033858,0.027794,0.1649879445678289,0.0754201784422323,0.0752047928127203,GPR
0.051429,0.6786,30.0,5,FCC,0.025323,0.022262,0.1942135868811069,0.0880541207830709,0.0868989325644335,GPR
0.062143,0.6786,30.0,5,FCC,0.020129,0.018598,0.2253606054408146,0.1012346967659918,0.0988898714618153,GPR
0.072857,0.6786,30.0,5,FCC,0.016746,0.015983,0.2586631025509222,0.1150417828998232,0.1112028391470513,GPR
0.083571,0.6786,30.0,5,FCC,0.014382,0.014018,0.2943956970696346,0.1295571782350305,0.123867149400178,GPR
0.094286,0.6786,30.0,5,FCC,0.012628,0.012487,0.3328996620684367,0.1448598699314488,0.1369224581143723,GPR
0.105,0.6786,30.0,5,FCC,0.01127,0.011259,0.3745849046816351,0.1610305599164179,0.1504175003481171,GPR
0.115714,0.6786,30.0,5,FCC,0.010183,0.010252,0.4199627859869457,0.1781871535626104,0.1644203397994739,GPR
0.126429,0.6786,30.0,5,FCC,0.009292,0.009411,0.4696410663089002,0.1965188270301765,0.1790168005881504,GPR
0.137143,0.6786,30.0,5,FCC,0.008548,0.008698,0.5243039847391655,0.2163199951475159,0.1943066440931763,GPR
0.147857,0.6786,30.0,5,FCC,0.007915,0.008086,0.5847260058382591,0.2380301332969348,0.2104105791649196,GPR
0.158571,0.6786,30.0,5,FCC,0.007371,0.007555,0.6517299791754321,0.2622353623203156,0.2274619707900609,GPR
0.169286,0.6786,30.0,5,FCC,0.006898,0.007089,0.7261657566529944,0.2896509851261112,0.2456052424974568,GPR
0.18,0.6786,30.0,5,FCC,0.006482,0.006677,0.808840368709163,0.3210547697601771,0.2649826641710379,GPR
0.03,0.8571,30.0,5,FCC,0.084993,0.057425,0.1374801134742816,0.0632812463452137,0.0637868067677611,GPR
0.040714,0.8571,30.0,5,FCC,0.059723,0.039077,0.1649879445678289,0.0754201784422323,0.0752047928127203,GPR
0.051429,0.8571,30.0,5,FCC,0.044171,0.030124,0.1942135868811069,0.0880541207830709,0.0868989325644335,GPR
0.062143,0.8571,30.0,5,FCC,0.034507,0.024658,0.2253606054408146,0.1012346967659918,0.0988898714618153,GPR
0.072857,0.8571,30.0,5,FCC,0.027443,0.020929,0.2586631025509222,0.1150417828998232,0.1112028391470513,GPR
0.083571,0.8571,30.0,5,FCC,0.022359,0.018205,0.2943956970696346,0.1295571782350305,0.123867149400178,GPR
0.094286,0.8571,30.0,5,FCC,0.018771,0.016121,0.3328996620684367,0.1448598699314488,0.1369224581143723,GPR
0.105,0.8571,30.0,5,FCC,0.016167,0.014472,0.3745849046816351,0.1610305599164179,0.1504175003481171,GPR
0.115714,0.8571,30.0,5,FCC,0.01423,0.013134,0.4199627859869457,0.1781871535626104,0.1644203397994739,GPR
0.126429,0.8571,30.0,5,FCC,0.012743,0.012024,0.4696410663089002,0.1965188270301765,0.1790168005881504,GPR
0.137143,0.8571,30.0,5,FCC,0.011562,0.011089,0.5243039847391655,0.2163199951475159,0.1943066440931763,GPR
0.147857,0.8571,30.0,5,FCC,0.010596,0.01029,0.5847260058382591,0.2380301332969348,0.2104105791649196,GPR
0.158571,0.8571,30.0,5,FCC,0.009789,0.0096,0.6517299791754321,0.2622353623203156,0.2274619707900609,GPR
0.169286,0.8571,30.0,5,FCC,0.009102,0.008996,0.7261657566529944,0.2896509851261112,0.2456052424974568,GPR
0.18,0.8571,30.0,5,FCC,0.00851,0.008465,0.808840368709163,0.3210547697601771,0.2649826641710379,GPR
0.03,1.0357,30.0,5,FCC,0.120882,0.144142,0.1374801134742816,0.0632812463452137,0.0637868067677611,GPR
0.040714,1.0357,30.0,5,FCC,0.094998,0.064282,0.1649879445678289,0.0754201784422323,0.0752047928127203,GPR
0.051429,1.0357,30.0,5,FCC,0.075449,0.043533,0.1942135868811069,0.0880541207830709,0.0868989325644335,GPR
0.062143,1.0357,30.0,5,FCC,0.058245,0.033696,0.2253606054408146,0.1012346967659918,0.0988898714618153,GPR
0.072857,1.0357,30.0,5,FCC,0.045908,0.02774,0.2586631025509222,0.1150417828998232,0.1112028391470513,GPR
0.083571,1.0357,30.0,5,FCC,0.037918,0.023674,0.2943956970696346,0.1295571782350305,0.123867149400178,GPR
0.094286,1.0357,30.0,5,FCC,0.031992,0.020696,0.3328996620684367,0.1448598699314488,0.1369224581143723,GPR
0.105,1.0357,30.0,5,FCC,0.027025,0.018408,0.3745849046816351,0.1610305599164179,0.1504175003481171,GPR
0.115714,1.0357,30.0,5,FCC,0.022861,0.01659,0.4199627859869457,0.1781871535626104,0.1644203397994739,GPR
0.126429,1.0357,30.0,5,FCC,0.019628,0.015107,0.4696410663089002,0.1965188270301765,0.1790168005881504,GPR
0.137143,1.0357,30.0,5,FCC,0.017152,0.013873,0.5243039847391655,0.2163199951475159,0.1943066440931763,GPR
0.147857,1.0357,30.0,5,FCC,0.015203,0.012828,0.5847260058382591,0.2380301332969348,0.2104105791649196,GPR
0.158571,1.0357,30.0,5,FCC,0.013648,0.011933,0.6517299791754321,0.2622353623203156,0.2274619707900609,GPR
0.169286,1.0357,30.0,5,FCC,0.012405,0.011155,0.7261657566529944,0.2896509851261112,0.2456052424974568,GPR
0.18,1.0357,30.0,5,FCC,0.011395,0.010474,0.808840368709163,0.3210547697601771,0.2649826641710379,GPR
0.03,1.2143,30.0,5,FCC,0.162136,0.349479,0.1374801134742816,0.0632812463452137,0.0637868067677611,GPR
0.040714,1.2143,30.0,5,FCC,0.126093,0.185466,0.1649879445678289,0.0754201784422323,0.0752047928127203,GPR
0.051429,1.2143,30.0,5,FCC,0.104645,0.083778,0.1942135868811069,0.0880541207830709,0.0868989325644335,GPR
0.062143,1.2143,30.0,5,FCC,0.088943,0.052141,0.2253606054408146,0.1012346967659918,0.0988898714618153,GPR
0.072857,1.2143,30.0,5,FCC,0.075586,0.039264,0.2586631025509222,0.1150417828998232,0.1112028391470513,GPR
0.083571,1.2143,30.0,5,FCC,0.062662,0.031974,0.2943956970696346,0.1295571782350305,0.123867149400178,GPR
0.094286,1.2143,30.0,5,FCC,0.051081,0.027162,0.3328996620684367,0.1448598699314488,0.1369224581143723,GPR
0.105,1.2143,30.0,5,FCC,0.042824,0.0237,0.3745849046816351,0.1610305599164179,0.1504175003481171,GPR
0.115714,1.2143,30.0,5,FCC,0.037075,0.021068,0.4199627859869457,0.1781871535626104,0.1644203397994739,GPR
0.126429,1.2143,30.0,5,FCC,0.032655,0.01899,0.4696410663089002,0.1965188270301765,0.1790168005881504,GPR
0.137143,1.2143,30.0,5,FCC,0.028886,0.017301,0.5243039847391655,0.2163199951475159,0.1943066440931763,GPR
0.147857,1.2143,30.0,5,FCC,0.025423,0.015898,0.5847260058382591,0.2380301332969348,0.2104105791649196,GPR
0.158571,1.2143,30.0,5,FCC,0.02224,0.014712,0.6517299791754321,0.2622353623203156,0.2274619707900609,GPR
0.169286,1.2143,30.0,5,FCC,0.019534,0.013696,0.7261657566529944,0.2896509851261112,0.2456052424974568,GPR
0.18,1.2143,30.0,5,FCC,0.017368,0.012814,0.808840368709163,0.3210547697601771,0.2649826641710379,GPR
0.03,1.3929,30.0,5,FCC,0.218237,0.22077,0.1374801134742816,0.0632812463452137,0.0637868067677611,GPR
0.040714,1.3929,30.0,5,FCC,0.165409,0.44698,0.1649879445678289,0.0754201784422323,0.0752047928127203,GPR
0.051429,1.3929,30.0,5,FCC,0.133564,0.184826,0.1942135868811069,0.0880541207830709,0.0868989325644335,GPR
0.062143,1.3929,30.0,5,FCC,0.114072,0.142706,0.2253606054408146,0.1012346967659918,0.0988898714618153,GPR
0.072857,1.3929,30.0,5,FCC,0.099966,0.071339,0.2586631025509222,0.1150417828998232,0.1112028391470513,GPR
0.083571,1.3929,30.0,5,FCC,0.088669,0.049027,0.2943956970696346,0.1295571782350305,0.123867149400178,GPR
0.094286,1.3929,30.0,5,FCC,0.078821,0.038415,0.3328996620684367,0.1448598699314488,0.1369224581143723,GPR
0.105,1.3929,30.0,5,FCC,0.069366,0.032003,0.3745849046816351,0.1610305599164179,0.1504175003481171,GPR
0.115714,1.3929,30.0,5,FCC,0.059605,0.027615,0.4199627859869457,0.1781871535626104,0.1644203397994739,GPR
0.126429,1.3929,30.0,5,FCC,0.050435,0.024382,0.4696410663089002,0.1965188270301765,0.1790168005881504,GPR
0.137143,1.3929,30.0,5,FCC,0.043415,0.02188,0.5243039847391655,0.2163199951475159,0.1943066440931763,GPR
0.147857,1.3929,30.0,5,FCC,0.038368,0.019875,0.5847260058382591,0.2380301332969348,0.2104105791649196,GPR
0.158571,1.3929,30.0,5,FCC,0.034533,0.018227,0.6517299791754321,0.2622353623203156,0.2274619707900609,GPR
0.169286,1.3929,30.0,5,FCC,0.03139,0.016845,0.7261657566529944,0.2896509851261112,0.2456052424974568,GPR
0.18,1.3929,30.0,5,FCC,0.028628,0.015666,0.808840368709163,0.3210547697601771,0.2649826641710379,GPR
0.03,1.5714,30.0,5,FCC,0.257149,0.340664,0.1374801134742816,0.0632812463452137,0.0637868067677611,GPR
0.040714,1.5714,30.0,5,FCC,0.216505,0.199862,0.1649879445678289,0.0754201784422323,0.0752047928127203,GPR
0.051429,1.5714,30.0,5,FCC,0.173735,0.480016,0.1942135868811069,0.0880541207830709,0.0868989325644335,GPR
0.062143,1.5714,30.0,5,FCC,0.142893,0.243296,0.2253606054408146,0.1012346967659918,0.0988898714618153,GPR
0.072857,1.5714,30.0,5,FCC,0.123707,0.182266,0.2586631025509222,0.1150417828998232,0.1112028391470513,GPR
0.083571,1.5714,30.0,5,FCC,0.110082,0.133075,0.2943956970696346,0.1295571782350305,0.123867149400178,GPR
0.094286,1.5714,30.0,5,FCC,0.09942,0.071486,0.3328996620684367,0.1448598699314488,0.1369224581143723,GPR
0.105,1.5714,30.0,5,FCC,0.090549,0.050174,0.3745849046816351,0.1610305599164179,0.1504175003481171,GPR
0.115714,1.5714,30.0,5,FCC,0.082786,0.039697,0.4199627859869457,0.1781871535626104,0.1644203397994739,GPR
0.126429,1.5714,30.0,5,FCC,0.075608,0.033299,0.4696410663089002,0.1965188270301765,0.1790168005881504,GPR
0.137143,1.5714,30.0,5,FCC,0.068501,0.028896,0.5243039847391655,0.2163199951475159,0.1943066440931763,GPR
0.147857,1.5714,30.0,5,FCC,0.060991,0.025637,0.5847260058382591,0.2380301332969348,0.2104105791649196,GPR
0.158571,1.5714,30.0,5,FCC,0.053234,0.023105,0.6517299791754321,0.2622353623203156,0.2274619707900609,GPR
0.169286,1.5714,30.0,5,FCC,0.04641,0.021068,0.7261657566529944,0.2896509851261112,0.2456052424974568,GPR
0.18,1.5714,30.0,5,FCC,0.041203,0.019387,0.808840368709163,0.3210547697601771,0.2649826641710379,GPR
0.03,1.75,30.0,5,FCC,0.282055,0.940635,0.1374801134742816,0.0632812463452137,0.0637868067677611,GPR
0.040714,1.75,30.0,5,FCC,0.249962,0.316783,0.1649879445678289,0.0754201784422323,0.0752047928127203,GPR
0.051429,1.75,30.0,5,FCC,0.21895,0.182412,0.1942135868811069,0.0880541207830709,0.0868989325644335,GPR
0.062143,1.75,30.0,5,FCC,0.185128,0.310069,0.2253606054408146,0.1012346967659918,0.0988898714618153,GPR
0.072857,1.75,30.0,5,FCC,0.154586,0.465913,0.2586631025509222,0.1150417828998232,0.1112028391470513,GPR
0.083571,1.75,30.0,5,FCC,0.134172,0.194531,0.2943956970696346,0.1295571782350305,0.123867149400178,GPR
0.094286,1.75,30.0,5,FCC,0.120109,0.179759,0.3328996620684367,0.1448598699314488,0.1369224581143723,GPR
0.105,1.75,30.0,5,FCC,0.109404,0.152451,0.3745849046816351,0.1610305599164179,0.1504175003481171,GPR
0.115714,1.75,30.0,5,FCC,0.100696,0.081206,0.4199627859869457,0.1781871535626104,0.1644203397994739,GPR
0.126429,1.75,30.0,5,FCC,0.0933,0.05532,0.4696410663089002,0.1965188270301765,0.1790168005881504,GPR
0.137143,1.75,30.0,5,FCC,0.086805,0.04313,0.5243039847391655,0.2163199951475159,0.1943066440931763,GPR
0.147857,1.75,30.0,5,FCC,0.080918,0.035929,0.5847260058382591,0.2380301332969348,0.2104105791649196,GPR
0.158571,1.75,30.0,5,FCC,0.075387,0.031079,0.6517299791754321,0.2622353623203156,0.2274619707900609,GPR
0.169286,1.75,30.0,5,FCC,0.069944,0.027538,0.7261657566529944,0.2896509851261112,0.2456052424974568,GPR
0.18,1.75,30.0,5,FCC,0.064283,0.024811,0.808840368709163,0.3210547697601771,0.2649826641710379,GPR
0.03,1.9286,30.0,5,FCC,0.299884,0.300516,0.1374801134742816,0.0632812463452137,0.0637868067677611,GPR
0.040714,1.9286,30.0,5,FCC,0.27197,0.961709,0.1649879445678289,0.0754201784422323,0.0752047928127203,GPR
0.051429,1.9286,30.0,5,FCC,0.246702,0.339194,0.1942135868811069,0.0880541207830709,0.0868989325644335,GPR
0.062143,1.9286,30.0,5,FCC,0.222501,0.179883,0.2253606054408146,0.1012346967659918,0.0988898714618153,GPR
0.072857,1.9286,30.0,5,FCC,0.196723,0.197336,0.2586631025509222,0.1150417828998232,0.1112028391470513,GPR
0.083571,1.9286,30.0,5,FCC,0.169083,0.455843,0.2943956970696346,0.1295571782350305,0.123867149400178,GPR
0.094286,1.9286,30.0,5,FCC,0.146504,0.402028,0.3328996620684367,0.1448598699314488,0.1369224581143723,GPR
0.105,1.9286,30.0,5,FCC,0.130843,0.185822,0.3745849046816351,0.1610305599164179,0.1504175003481171,GPR
0.115714,1.9286,30.0,5,FCC,0.119397,0.164485,0.4199627859869457,0.1781871535626104,0.1644203397994739,GPR
0.126429,1.9286,30.0,5,FCC,0.110373,0.192815,0.4696410663089002,0.1965188270301765,0.1790168005881504,GPR
0.137143,1.9286,30.0,5,FCC,0.102879,0.107476,0.5243039847391655,0.2163199951475159,0.1943066440931763,GPR
0.147857,1.9286,30.0,5,FCC,0.096434,0.067063,0.5847260058382591,0.2380301332969348,0.2104105791649196,GPR
0.158571,1.9286,30.0,5,FCC,0.090749,0.049844,0.6517299791754321,0.2622353623203156,0.2274619707900609,GPR
0.169286,1.9286,30.0,5,FCC,0.085626,0.040492,0.7261657566529944,0.2896509851261112,0.2456052424974568,GPR
0.18,1.9286,30.0,5,FCC,0.080914,0.03453,0.808840368709163,0.3210547697601771,0.2649826641710379,GPR
0.03,2.1071,30.0,5,FCC,0.312627,0.154913,0.1374801134742816,0.0632812463452137,0.0637868067677611,GPR
0.040714,2.1071,30.0,5,FCC,0.288114,0.343143,0.1649879445678289,0.0754201784422323,0.0752047928127203,GPR
0.051429,2.1071,30.0,5,FCC,0.265754,0.975338,0.1942135868811069,0.0880541207830709,0.0868989325644335,GPR
0.062143,2.1071,30.0,5,FCC,0.245291,0.405972,0.2253606054408146,0.1012346967659918,0.0988898714618153,GPR
0.072857,2.1071,30.0,5,FCC,0.22588,0.196662,0.2586631025509222,0.1150417828998232,0.1112028391470513,GPR
0.083571,2.1071,30.0,5,FCC,0.20611,0.159889,0.2943956970696346,0.1295571782350305,0.123867149400178,GPR
0.094286,2.1071,30.0,5,FCC,0.184285,0.226943,0.3328996620684367,0.1448598699314488,0.1369224581143723,GPR
0.105,2.1071,30.0,5,FCC,0.161744,0.518795,0.3745849046816351,0.1610305599164179,0.1504175003481171,GPR
0.115714,2.1071,30.0,5,FCC,0.14349,0.418301,0.4199627859869457,0.1781871535626104,0.1644203397994739,GPR
0.126429,2.1071,30.0,5,FCC,0.130264,0.198579,0.4696410663089002,0.1965188270301765,0.1790168005881504,GPR
0.137143,2.1071,30.0,5,FCC,0.120287,0.149477,0.5243039847391655,0.2163199951475159,0.1943066440931763,GPR
0.147857,2.1071,30.0,5,FCC,0.112285,0.191772,0.5847260058382591,0.2380301332969348,0.2104105791649196,GPR
0.158571,2.1071,30.0,5,FCC,0.105569,0.169322,0.6517299791754321,0.2622353623203156,0.2274619707900609,GPR
0.169286,2.1071,30.0,5,FCC,0.099756,0.095111,0.7261657566529944,0.2896509851261112,0.2456052424974568,GPR
0.18,2.1071,30.0,5,FCC,0.09461,0.063568,0.808840368709163,0.3210547697601771,0.2649826641710379,GPR
0.03,2.2857,30.0,5,FCC,0.321032,0.132955,0.1374801134742816,0.0632812463452137,0.0637868067677611,GPR
0.040714,2.2857,30.0,5,FCC,0.300019,0.159082,0.1649879445678289,0.0754201784422323,0.0752047928127203,GPR
0.051429,2.2857,30.0,5,FCC,0.280045,0.338352,0.1942135868811069,0.0880541207830709,0.0868989325644335,GPR
0.062143,2.2857,30.0,5,FCC,0.261668,0.949039,0.2253606054408146,0.1012346967659918,0.0988898714618153,GPR
0.072857,2.2857,30.0,5,FCC,0.244707,0.536235,0.2586631025509222,0.1150417828998232,0.1112028391470513,GPR
0.083571,2.2857,30.0,5,FCC,0.228712,0.239491,0.2943956970696346,0.1295571782350305,0.123867149400178,GPR
0.094286,2.2857,30.0,5,FCC,0.212977,0.16022,0.3328996620684367,0.1448598699314488,0.1369224581143723,GPR
0.105,2.2857,30.0,5,FCC,0.196439,0.15534,0.3745849046816351,0.1610305599164179,0.1504175003481171,GPR
0.115714,2.2857,30.0,5,FCC,0.178085,0.232989,0.4199627859869457,0.1781871535626104,0.1644203397994739,GPR
0.126429,2.2857,30.0,5,FCC,0.159203,0.507848,0.4696410663089002,0.1965188270301765,0.1790168005881504,GPR
0.137143,2.2857,30.0,5,FCC,0.143348,0.502801,0.5243039847391655,0.2163199951475159,0.1943066440931763,GPR
0.147857,2.2857,30.0,5,FCC,0.131399,0.241318,0.5847260058382591,0.2380301332969348,0.2104105791649196,GPR
0.158571,2.2857,30.0,5,FCC,0.122226,0.153413,0.6517299791754321,0.2622353623203156,0.2274619707900609,GPR
0.169286,2.2857,30.0,5,FCC,0.114824,0.148399,0.7261657566529944,0.2896509851261112,0.2456052424974568,GPR
0.18,2.2857,30.0,5,FCC,0.108595,0.205453,0.808840368709163,0.3210547697601771,0.2649826641710379,GPR
0.03,2.4643,30.0,5,FCC,0.324624,0.145633,0.1374801134742816,0.0632812463452137,0.0637868067677611,GPR
0.040714,2.4643,30.0,5,FCC,0.308336,0.125735,0.1649879445678289,0.0754201784422323,0.0752047928127203,GPR
0.051429,2.4643,30.0,5,FCC,0.290793,0.156332,0.1942135868811069,0.0880541207830709,0.0868989325644335,GPR
0.062143,2.4643,30.0,5,FCC,0.27419,0.301401,0.2253606054408146,0.1012346967659918,0.0988898714618153,GPR
0.072857,2.4643,30.0,5,FCC,0.258776,0.814103,0.2586631025509222,0.1150417828998232,0.1112028391470513,GPR
0.083571,2.4643,30.0,5,FCC,0.244447,0.751813,0.2943956970696346,0.1295571782350305,0.123867149400178,GPR
0.094286,2.4643,30.0,5,FCC,0.230957,0.325572,0.3328996620684367,0.1448598699314488,0.1369224581143723,GPR
0.105,2.4643,30.0,5,FCC,0.217947,0.18824,0.3745849046816351,0.1610305599164179,0.1504175003481171,GPR
0.115714,2.4643,30.0,5,FCC,0.204892,0.145504,0.4199627859869457,0.1781871535626104,0.1644203397994739,GPR
0.126429,2.4643,30.0,5,FCC,0.191042,0.148839,0.4696410663089002,0.1965188270301765,0.1790168005881504,GPR
0.137143,2.4643,30.0,5,FCC,0.175704,0.213121,0.5243039847391655,0.2163199951475159,0.1943066440931763,GPR
0.147857,2.4643,30.0,5,FCC,0.159579,0.429788,0.5847260058382591,0.2380301332969348,0.2104105791649196,GPR
0.158571,2.4643,30.0,5,FCC,0.145186,0.621021,0.6517299791754321,0.2622353623203156,0.2274619707900609,GPR
0.169286,2.4643,30.0,5,FCC,0.133834,0.339863,0.7261657566529944,0.2896509851261112,0.2456052424974568,GPR
0.18,2.4643,30.0,5,FCC,0.124999,0.188263,0.808840368709163,0.3210547697601771,0.2649826641710379,GPR
0.03,2.6429,30.0,5,FCC,0.310564,0.182101,0.1374801134742816,0.0632812463452137,0.0637868067677611,GPR
0.040714,2.6429,30.0,5,FCC,0.31306,0.129603,0.1649879445678289,0.0754201784422323,0.0752047928127203,GPR
0.051429,2.6429,30.0,5,FCC,0.298517,0.12028,0.1942135868811069,0.0880541207830709,0.0868989325644335,GPR
0.062143,2.6429,30.0,5,FCC,0.283734,0.147711,0.2253606054408146,0.1012346967659918,0.0988898714618153,GPR
0.072857,2.6429,30.0,5,FCC,0.269697,0.253479,0.2586631025509222,0.1150417828998232,0.1112028391470513,GPR
0.083571,2.6429,30.0,5,FCC,0.256556,0.608319,0.2943956970696346,0.1295571782350305,0.123867149400178,GPR
0.094286,2.6429,30.0,5,FCC,0.244259,0.972955,0.3328996620684367,0.1448598699314488,0.1369224581143723,GPR
0.105,2.6429,30.0,5,FCC,0.232669,0.492275,0.3745849046816351,0.1610305599164179,0.1504175003481171,GPR
0.115714,2.6429,30.0,5,FCC,0.221595,0.252693,0.4199627859869457,0.1781871535626104,0.1644203397994739,GPR
0.126429,2.6429,30.0,5,FCC,0.210775,0.167065,0.4696410663089002,0.1965188270301765,0.1790168005881504,GPR
0.137143,2.6429,30.0,5,FCC,0.199841,0.136998,0.5243039847391655,0.2163199951475159,0.1943066440931763,GPR
0.147857,2.6429,30.0,5,FCC,0.188278,0.139097,0.5847260058382591,0.2380301332969348,0.2104105791649196,GPR
0.158571,2.6429,30.0,5,FCC,0.175554,0.182061,0.6517299791754321,0.2622353623203156,0.2274619707900609,GPR
0.169286,2.6429,30.0,5,FCC,0.161809,0.319858,0.7261657566529944,0.2896509851261112,0.2456052424974568,GPR
0.18,2.6429,30.0,5,FCC,0.148581,0.610283,0.808840368709163,0.3210547697601771,0.2649826641710379,GPR
0.03,2.8214,30.0,5,FCC,0.296948,0.247858,0.1374801134742816,0.0632812463452137,0.0637868067677611,GPR
0.040714,2.8214,30.0,5,FCC,0.310369,0.154091,0.1649879445678289,0.0754201784422323,0.0752047928127203,GPR
0.051429,2.8214,30.0,5,FCC,0.303285,0.120253,0.1942135868811069,0.0880541207830709,0.0868989325644335,GPR
0.062143,2.8214,30.0,5,FCC,0.290695,0.114872,0.2253606054408146,0.1012346967659918,0.0988898714618153,GPR
0.072857,2.8214,30.0,5,FCC,0.278092,0.136235,0.2586631025509222,0.1150417828998232,0.1112028391470513,GPR
0.083571,2.8214,30.0,5,FCC,0.266059,0.208504,0.2943956970696346,0.1295571782350305,0.123867149400178,GPR
0.094286,2.8214,30.0,5,FCC,0.254707,0.424699,0.3328996620684367,0.1448598699314488,0.1369224581143723,GPR
0.105,2.8214,30.0,5,FCC,0.244018,0.916417,0.3745849046816351,0.1610305599164179,0.1504175003481171,GPR
0.115714,2.8214,30.0,5,FCC,0.233916,0.779162,0.4199627859869457,0.1781871535626104,0.1644203397994739,GPR
0.126429,2.8214,30.0,5,FCC,0.224293,0.38494,0.4696410663089002,0.1965188270301765,0.1790168005881504,GPR
0.137143,2.8214,30.0,5,FCC,0.215012,0.22322,0.5243039847391655,0.2163199951475159,0.1943066440931763,GPR
0.147857,2.8214,30.0,5,FCC,0.20589,0.157618,0.5847260058382591,0.2380301332969348,0.2104105791649196,GPR
0.158571,2.8214,30.0,5,FCC,0.196677,0.131424,0.6517299791754321,0.2622353623203156,0.2274619707900609,GPR
0.169286,2.8214,30.0,5,FCC,0.187031,0.129037,0.7261657566529944,0.2896509851261112,0.2456052424974568,GPR
0.18,2.8214,30.0,5,FCC,0.176549,0.152972,0.808840368709163,0.3210547697601771,0.2649826641710379,GPR
0.03,3.0,30.0,5,FCC,0.287808,0.353065,0.1374801134742816,0.0632812463452137,0.0637868067677611,GPR
0.040714,3.0,30.0,5,FCC,0.28935,0.200614,0.1649879445678289,0.0754201784422323,0.0752047928127203,GPR
0.051429,3.0,30.0,5,FCC,0.303373,0.1387,0.1942135868811069,0.0880541207830709,0.0868989325644335,GPR
0.062143,3.0,30.0,5,FCC,0.295128,0.113878,0.2253606054408146,0.1012346967659918,0.0988898714618153,GPR
0.072857,3.0,30.0,5,FCC,0.284254,0.109455,0.2586631025509222,0.1150417828998232,0.1112028391470513,GPR
0.083571,3.0,30.0,5,FCC,0.273395,0.124452,0.2943956970696346,0.1295571782350305,0.123867149400178,GPR
0.094286,3.0,30.0,5,FCC,0.262963,0.171903,0.3328996620684367,0.1448598699314488,0.1369224581143723,GPR
0.105,3.0,30.0,5,FCC,0.253052,0.297538,0.3745849046816351,0.1610305599164179,0.1504175003481171,GPR
0.115714,3.0,30.0,5,FCC,0.243664,0.627275,0.4199627859869457,0.1781871535626104,0.1644203397994739,GPR
0.126429,3.0,30.0,5,FCC,0.234759,0.999742,0.4696410663089002,0.1965188270301765,0.1790168005881504,GPR
0.137143,3.0,30.0,5,FCC,0.226275,0.645219,0.5243039847391655,0.2163199951475159,0.1943066440931763,GPR
0.147857,3.0,30.0,5,FCC,0.218134,0.342348,0.5847260058382591,0.2380301332969348,0.2104105791649196,GPR
0.158571,3.0,30.0,5,FCC,0.210239,0.212788,0.6517299791754321,0.2622353623203156,0.2274619707900609,GPR
0.169286,3.0,30.0,5,FCC,0.202466,0.154796,0.7261657566529944,0.2896509851261112,0.2456052424974568,GPR
0.18,3.0,30.0,5,FCC,0.194652,0.128572,0.808840368709163,0.3210547697601771,0.2649826641710379,GPR
0.03,0.5,33.3333,5,FCC,0.018509,0.018806,0.1374801134742816,0.0632812463452137,0.0637868067677611,GPR
0.040714,0.5,33.3333,5,FCC,0.014011,0.014476,0.1649879445678289,0.0754201784422323,0.0752047928127203,GPR
0.051429,0.5,33.3333,5,FCC,0.011291,0.01177,0.1942135868811069,0.0880541207830709,0.0868989325644335,GPR
0.062143,0.5,33.3333,5,FCC,0.009461,0.009917,0.2253606054408146,0.1012346967659918,0.0988898714618153,GPR
0.072857,0.5,33.3333,5,FCC,0.008145,0.008569,0.2586631025509222,0.1150417828998232,0.1112028391470513,GPR
0.083571,0.5,33.3333,5,FCC,0.007151,0.007543,0.2943956970696346,0.1295571782350305,0.123867149400178,GPR
0.094286,0.5,33.3333,5,FCC,0.006374,0.006737,0.3328996620684367,0.1448598699314488,0.1369224581143723,GPR
0.105,0.5,33.3333,5,FCC,0.005749,0.006087,0.3745849046816351,0.1610305599164179,0.1504175003481171,GPR
0.115714,0.5,33.3333,5,FCC,0.005237,0.005551,0.4199627859869457,0.1781871535626104,0.1644203397994739,GPR
0.126429,0.5,33.3333,5,FCC,0.004808,0.005102,0.4696410663089002,0.1965188270301765,0.1790168005881504,GPR
0.137143,0.5,33.3333,5,FCC,0.004444,0.00472,0.5243039847391655,0.2163199951475159,0.1943066440931763,GPR
0.147857,0.5,33.3333,5,FCC,0.004132,0.004391,0.5847260058382591,0.2380301332969348,0.2104105791649196,GPR
0.158571,0.5,33.3333,5,FCC,0.00386,0.004106,0.6517299791754321,0.2622353623203156,0.2274619707900609,GPR
0.169286,0.5,33.3333,5,FCC,0.003622,0.003855,0.7261657566529944,0.2896509851261112,0.2456052424974568,GPR
0.18,0.5,33.3333,5,FCC,0.003412,0.003633,0.808840368709163,0.3210547697601771,0.2649826641710379,GPR
0.03,0.6786,33.3333,5,FCC,0.02902,0.025025,0.1374801134742816,0.0632812463452137,0.0637868067677611,GPR
0.040714,0.6786,33.3333,5,FCC,0.020575,0.019192,0.1649879445678289,0.0754201784422323,0.0752047928127203,GPR
0.051429,0.6786,33.3333,5,FCC,0.016055,0.015588,0.1942135868811069,0.0880541207830709,0.0868989325644335,GPR
0.062143,0.6786,33.3333,5,FCC,0.013234,0.013132,0.2253606054408146,0.1012346967659918,0.0988898714618153,GPR
0.072857,0.6786,33.3333,5,FCC,0.011285,0.011348,0.2586631025509222,0.1150417828998232,0.1112028391470513,GPR
0.083571,0.6786,33.3333,5,FCC,0.009848,0.009993,0.2943956970696346,0.1295571782350305,0.123867149400178,GPR
0.094286,0.6786,33.3333,5,FCC,0.008742,0.008927,0.3328996620684367,0.1448598699314488,0.1369224581143723,GPR
0.105,0.6786,33.3333,5,FCC,0.007863,0.008068,0.3745849046816351,0.1610305599164179,0.1504175003481171,GPR
0.115714,0.6786,33.3333,5,FCC,0.007146,0.007359,0.4199627859869457,0.1781871535626104,0.1644203397994739,GPR
0.126429,0.6786,33.3333,5,FCC,0.00655,0.006766,0.4696410663089002,0.1965188270301765,0.1790168005881504,GPR
0.137143,0.6786,33.3333,5,FCC,0.006046,0.006261,0.5243039847391655,0.2163199951475159,0.1943066440931763,GPR
0.147857,0.6786,33.3333,5,FCC,0.005615,0.005826,0.5847260058382591,0.2380301332969348,0.2104105791649196,GPR
0.158571,0.6786,33.3333,5,FCC,0.005242,0.005448,0.6517299791754321,0.2622353623203156,0.2274619707900609,GPR
0.169286,0.6786,33.3333,5,FCC,0.004915,0.005115,0.7261657566529944,0.2896509851261112,0.2456052424974568,GPR
0.18,0.6786,33.3333,5,FCC,0.004627,0.004822,0.808840368709163,0.3210547697601771,0.2649826641710379,GPR
0.03,0.8571,33.3333,5,FCC,0.049403,0.03309,0.1374801134742816,0.0632812463452137,0.0637868067677611,GPR
0.040714,0.8571,33.3333,5,FCC,0.034141,0.024793,0.1649879445678289,0.0754201784422323,0.0752047928127203,GPR
0.051429,0.8571,33.3333,5,FCC,0.024672,0.019921,0.1942135868811069,0.0880541207830709,0.0868989325644335,GPR
0.062143,0.8571,33.3333,5,FCC,0.019071,0.016683,0.2253606054408146,0.1012346967659918,0.0988898714618153,GPR
0.072857,0.8571,33.3333,5,FCC,0.015584,0.014364,0.2586631025509222,0.1150417828998232,0.1112028391470513,GPR
0.083571,0.8571,33.3333,5,FCC,0.013259,0.012617,0.2943956970696346,0.1295571782350305,0.123867149400178,GPR
0.094286,0.8571,33.3333,5,FCC,0.011586,0.011253,0.3328996620684367,0.1448598699314488,0.1369224581143723,GPR
0.105,0.8571,33.3333,5,FCC,0.010311,0.010156,0.3745849046816351,0.1610305599164179,0.1504175003481171,GPR
0.115714,0.8571,33.3333,5,FCC,0.009302,0.009256,0.4199627859869457,0.1781871535626104,0.1644203397994739,GPR
0.126429,0.8571,33.3333,5,FCC,0.008479,0.008503,0.4696410663089002,0.1965188270301765,0.1790168005881504,GPR
0.137143,0.8571,33.3333,5,FCC,0.007794,0.007863,0.5243039847391655,0.2163199951475159,0.1943066440931763,GPR
0.147857,0.8571,33.3333,5,FCC,0.007214,0.007314,0.5847260058382591,0.2380301332969348,0.2104105791649196,GPR
0.158571,0.8571,33.3333,5,FCC,0.006716,0.006836,0.6517299791754321,0.2622353623203156,0.2274619707900609,GPR
0.169286,0.8571,33.3333,5,FCC,0.006284,0.006417,0.7261657566529944,0.2896509851261112,0.2456052424974568,GPR
0.18,0.8571,33.3333,5,FCC,0.005904,0.006047,0.808840368709163,0.3210547697601771,0.2649826641710379,GPR
0.03,1.0357,33.3333,5,FCC,0.082195,0.046519,0.1374801134742816,0.0632812463452137,0.0637868067677611,GPR
0.040714,1.0357,33.3333,5,FCC,0.055711,0.032587,0.1649879445678289,0.0754201784422323,0.0752047928127203,GPR
0.051429,1.0357,33.3333,5,FCC,0.041092,0.025454,0.1942135868811069,0.0880541207830709,0.0868989325644335,GPR
0.062143,1.0357,33.3333,5,FCC,0.031835,0.020996,0.2253606054408146,0.1012346967659918,0.0988898714618153,GPR
0.072857,1.0357,33.3333,5,FCC,0.024665,0.017912,0.2586631025509222,0.1150417828998232,0.1112028391470513,GPR
0.083571,1.0357,33.3333,5,FCC,0.019749,0.015638,0.2943956970696346,0.1295571782350305,0.123867149400178,GPR
0.094286,1.0357,33.3333,5,FCC,0.016399,0.013886,0.3328996620684367,0.1448598699314488,0.1369224581143723,GPR
0.105,1.0357,33.3333,5,FCC,0.014028,0.012493,0.3745849046816351,0.1610305599164179,0.1504175003481171,GPR
0.115714,1.0357,33.3333,5,FCC,0.01232,0.011358,0.4199627859869457,0.1781871535626104,0.1644203397994739,GPR
0.126429,1.0357,33.3333,5,FCC,0.011031,0.010414,0.4696410663089002,0.1965188270301765,0.1790168005881504,GPR
0.137143,1.0357,33.3333,5,FCC,0.010014,0.009616,0.5243039847391655,0.2163199951475159,0.1943066440931763,GPR
0.147857,1.0357,33.3333,5,FCC,0.009185,0.008932,0.5847260058382591,0.2380301332969348,0.2104105791649196,GPR
0.158571,1.0357,33.3333,5,FCC,0.008492,0.00834,0.6517299791754321,0.2622353623203156,0.2274619707900609,GPR
0.169286,1.0357,33.3333,5,FCC,0.007902,0.007822,0.7261657566529944,0.2896509851261112,0.2456052424974568,GPR
0.18,1.0357,33.3333,5,FCC,0.007393,0.007365,0.808840368709163,0.3210547697601771,0.2649826641710379,GPR
0.03,1.2143,33.3333,5,FCC,0.111245,0.083984,0.1374801134742816,0.0632812463452137,0.0637868067677611,GPR
0.040714,1.2143,33.3333,5,FCC,0.08754,0.04626,0.1649879445678289,0.0754201784422323,0.0752047928127203,GPR
0.051429,1.2143,33.3333,5,FCC,0.066347,0.033581,0.1942135868811069,0.0880541207830709,0.0868989325644335,GPR
0.062143,1.2143,33.3333,5,FCC,0.049351,0.026774,0.2253606054408146,0.1012346967659918,0.0988898714618153,GPR
0.072857,1.2143,33.3333,5,FCC,0.039535,0.022405,0.2586631025509222,0.1150417828998232,0.1112028391470513,GPR
0.083571,1.2143,33.3333,5,FCC,0.032782,0.019322,0.2943956970696346,0.1295571782350305,0.123867149400178,GPR
0.094286,1.2143,33.3333,5,FCC,0.027017,0.017014,0.3328996620684367,0.1448598699314488,0.1369224581143723,GPR
0.105,1.2143,33.3333,5,FCC,0.022074,0.015214,0.3745849046816351,0.1610305599164179,0.1504175003481171,GPR
0.115714,1.2143,33.3333,5,FCC,0.018464,0.013768,0.4199627859869457,0.1781871535626104,0.1644203397994739,GPR
0.126429,1.2143,33.3333,5,FCC,0.01584,0.012578,0.4696410663089002,0.1965188270301765,0.1790168005881504,GPR
0.137143,1.2143,33.3333,5,FCC,0.013815,0.011581,0.5243039847391655,0.2163199951475159,0.1943066440931763,GPR
0.147857,1.2143,33.3333,5,FCC,0.012258,0.010733,0.5847260058382591,0.2380301332969348,0.2104105791649196,GPR
0.158571,1.2143,33.3333,5,FCC,0.011064,0.010002,0.6517299791754321,0.2622353623203156,0.2274619707900609,GPR
0.169286,1.2143,33.3333,5,FCC,0.010122,0.009366,0.7261657566529944,0.2896509851261112,0.2456052424974568,GPR
0.18,1.2143,33.3333,5,FCC,0.009352,0.008806,0.808840368709163,0.3210547697601771,0.2649826641710379,GPR
0.03,1.3929,33.3333,5,FCC,0.138422,0.200241,0.1374801134742816,0.0632812463452137,0.0637868067677611,GPR
0.040714,1.3929,33.3333,5,FCC,0.111823,0.088782,0.1649879445678289,0.0754201784422323,0.0752047928127203,GPR
0.051429,1.3929,33.3333,5,FCC,0.093477,0.049155,0.1942135868811069,0.0880541207830709,0.0868989325644335,GPR
0.062143,1.3929,33.3333,5,FCC,0.077899,0.035857,0.2253606054408146,0.1012346967659918,0.0988898714618153,GPR
0.072857,1.3929,33.3333,5,FCC,0.061915,0.028757,0.2586631025509222,0.1150417828998232,0.1112028391470513,GPR
0.083571,1.3929,33.3333,5,FCC,0.048632,0.024199,0.2943956970696346,0.1295571782350305,0.123867149400178,GPR
0.094286,1.3929,33.3333,5,FCC,0.040429,0.020974,0.3328996620684367,0.1448598699314488,0.1369224581143723,GPR
0.105,1.3929,33.3333,5,FCC,0.034829,0.018551,0.3745849046816351,0.1610305599164179,0.1504175003481171,GPR
0.115714,1.3929,33.3333,5,FCC,0.030293,0.016653,0.4199627859869457,0.1781871535626104,0.1644203397994739,GPR
0.126429,1.3929,33.3333,5,FCC,0.026066,0.015121,0.4696410663089002,0.1965188270301765,0.1790168005881504,GPR
0.137143,1.3929,33.3333,5,FCC,0.022054,0.013856,0.5243039847391655,0.2163199951475159,0.1943066440931763,GPR
0.147857,1.3929,33.3333,5,FCC,0.018791,0.012792,0.5847260058382591,0.2380301332969348,0.2104105791649196,GPR
0.158571,1.3929,33.3333,5,FCC,0.016372,0.011883,0.6517299791754321,0.2622353623203156,0.2274619707900609,GPR
0.169286,1.3929,33.3333,5,FCC,0.014494,0.011098,0.7261657566529944,0.2896509851261112,0.2456052424974568,GPR
0.18,1.3929,33.3333,5,FCC,0.012943,0.010411,0.808840368709163,0.3210547697601771,0.2649826641710379,GPR
0.03,1.5714,33.3333,5,FCC,0.172878,0.536912,0.1374801134742816,0.0632812463452137,0.0637868067677611,GPR
0.040714,1.5714,33.3333,5,FCC,0.135772,0.190687,0.1649879445678289,0.0754201784422323,0.0752047928127203,GPR
0.051429,1.5714,33.3333,5,FCC,0.114465,0.110904,0.1942135868811069,0.0880541207830709,0.0868989325644335,GPR
0.062143,1.5714,33.3333,5,FCC,0.099196,0.055919,0.2253606054408146,0.1012346967659918,0.0988898714618153,GPR
0.072857,1.5714,33.3333,5,FCC,0.086763,0.039732,0.2586631025509222,0.1150417828998232,0.1112028391470513,GPR
0.083571,1.5714,33.3333,5,FCC,0.075183,0.031596,0.2943956970696346,0.1295571782350305,0.123867149400178,GPR
0.094286,1.5714,33.3333,5,FCC,0.062716,0.026516,0.3328996620684367,0.1448598699314488,0.1369224581143723,GPR
0.105,1.5714,33.3333,5,FCC,0.050891,0.022972,0.3745849046816351,0.1610305599164179,0.1504175003481171,GPR
0.115714,1.5714,33.3333,5,FCC,0.042821,0.020328,0.4199627859869457,0.1781871535626104,0.1644203397994739,GPR
0.126429,1.5714,33.3333,5,FCC,0.037446,0.018266,0.4696410663089002,0.1965188270301765,0.1790168005881504,GPR
0.137143,1.5714,33.3333,5,FCC,0.033405,0.016605,0.5243039847391655,0.2163199951475159,0.1943066440931763,GPR
0.147857,1.5714,33.3333,5,FCC,0.029995,0.015235,0.5847260058382591,0.2380301332969348,0.2104105791649196,GPR
0.158571,1.5714,33.3333,5,FCC,0.026796,0.014082,0.6517299791754321,0.2622353623203156,0.2274619707900609,GPR
0.169286,1.5714,33.3333,5,FCC,0.02356,0.013097,0.7261657566529944,0.2896509851261112,0.2456052424974568,GPR
0.18,1.5714,33.3333,5,FCC,0.020419,0.012245,0.808840368709163,0.3210547697601771,0.2649826641710379,GPR
0.03,1.75,33.3333,5,FCC,0.215713,0.208329,0.1374801134742816,0.0632812463452137,0.0637868067677611,GPR
0.040714,1.75,33.3333,5,FCC,0.166253,0.533287,0.1649879445678289,0.0754201784422323,0.0752047928127203,GPR
0.051429,1.75,33.3333,5,FCC,0.136405,0.178758,0.1942135868811069,0.0880541207830709,0.0868989325644335,GPR
0.062143,1.75,33.3333,5,FCC,0.118078,0.169449,0.2253606054408146,0.1012346967659918,0.0988898714618153,GPR
0.072857,1.75,33.3333,5,FCC,0.104675,0.070393,0.2586631025509222,0.1150417828998232,0.1112028391470513,GPR
0.083571,1.75,33.3333,5,FCC,0.093885,0.046293,0.2943956970696346,0.1295571782350305,0.123867149400178,GPR
0.094286,1.75,33.3333,5,FCC,0.084526,0.035772,0.3328996620684367,0.1448598699314488,0.1369224581143723,GPR
0.105,1.75,33.3333,5,FCC,0.075632,0.029627,0.3745849046816351,0.1610305599164179,0.1504175003481171,GPR
0.115714,1.75,33.3333,5,FCC,0.066098,0.025491,0.4199627859869457,0.1781871535626104,0.1644203397994739,GPR
0.126429,1.75,33.3333,5,FCC,0.055674,0.022471,0.4696410663089002,0.1965188270301765,0.1790168005881504,GPR
0.137143,1.75,33.3333,5,FCC,0.0469,0.020148,0.5243039847391655,0.2163199951475159,0.1943066440931763,GPR
0.147857,1.75,33.3333,5,FCC,0.040904,0.018294,0.5847260058382591,0.2380301332969348,0.2104105791649196,GPR
0.158571,1.75,33.3333,5,FCC,0.036672,0.016774,0.6517299791754321,0.2622353623203156,0.2274619707900609,GPR
0.169286,1.75,33.3333,5,FCC,0.033391,0.0155,0.7261657566529944,0.2896509851261112,0.2456052424974568,GPR
0.18,1.75,33.3333,5,FCC,0.030626,0.014415,0.808840368709163,0.3210547697601771,0.2649826641710379,GPR
0.03,1.9286,33.3333,5,FCC,0.243514,0.228029,0.1374801134742816,0.0632812463452137,0.0637868067677611,GPR
0.040714,1.9286,33.3333,5,FCC,0.20552,0.215227,0.1649879445678289,0.0754201784422323,0.0752047928127203,GPR
0.051429,1.9286,33.3333,5,FCC,0.165139,0.598119,0.1942135868811069,0.0880541207830709,0.0868989325644335,GPR
0.062143,1.9286,33.3333,5,FCC,0.138901,0.190174,0.2253606054408146,0.1012346967659918,0.0988898714618153,GPR
0.072857,1.9286,33.3333,5,FCC,0.12225,0.2195,0.2586631025509222,0.1150417828998232,0.1112028391470513,GPR
0.083571,1.9286,33.3333,5,FCC,0.10999,0.107751,0.2943956970696346,0.1295571782350305,0.123867149400178,GPR
0.094286,1.9286,33.3333,5,FCC,0.100151,0.058819,0.3328996620684367,0.1448598699314488,0.1369224581143723,GPR
0.105,1.9286,33.3333,5,FCC,0.091808,0.042454,0.3745849046816351,0.1610305599164179,0.1504175003481171,GPR
0.115714,1.9286,33.3333,5,FCC,0.084382,0.034095,0.4199627859869457,0.1781871535626104,0.1644203397994739,GPR
0.126429,1.9286,33.3333,5,FCC,0.077369,0.028857,0.4696410663089002,0.1965188270301765,0.1790168005881504,GPR
0.137143,1.9286,33.3333,5,FCC,0.070166,0.025191,0.5243039847391655,0.2163199951475159,0.1943066440931763,GPR
0.147857,1.9286,33.3333,5,FCC,0.062073,0.022447,0.5847260058382591,0.2380301332969348,0.2104105791649196,GPR
0.158571,1.9286,33.3333,5,FCC,0.05335,0.020297,0.6517299791754321,0.2622353623203156,0.2274619707900609,GPR
0.169286,1.9286,33.3333,5,FCC,0.046015,0.018556,0.7261657566529944,0.2896509851261112,0.2456052424974568,GPR
0.18,1.9286,33.3333,5,FCC,0.040808,0.017113,0.808840368709163,0.3210547697601771,0.2649826641710379,GPR
0.03,2.1071,33.3333,5,FCC,0.260625,0.603735,0.1374801134742816,0.0632812463452137,0.0637868067677611,GPR
0.040714,2.1071,33.3333,5,FCC,0.232263,0.190904,0.1649879445678289,0.0754201784422323,0.0752047928127203,GPR
0.051429,2.1071,33.3333,5,FCC,0.201273,0.202025,0.1942135868811069,0.0880541207830709,0.0868989325644335,GPR
0.062143,2.1071,33.3333,5,FCC,0.167272,0.630321,0.2253606054408146,0.1012346967659918,0.0988898714618153,GPR
0.072857,2.1071,33.3333,5,FCC,0.142752,0.250758,0.2586631025509222,0.1150417828998232,0.1112028391470513,GPR
0.083571,2.1071,33.3333,5,FCC,0.126864,0.164785,0.2943956970696346,0.1295571782350305,0.123867149400178,GPR
0.094286,2.1071,33.3333,5,FCC,0.115235,0.210494,0.3328996620684367,0.1448598699314488,0.1369224581143723,GPR
0.105,2.1071,33.3333,5,FCC,0.105954,0.089944,0.3745849046816351,0.1610305599164179,0.1504175003481171,GPR
0.115714,2.1071,33.3333,5,FCC,0.098154,0.055041,0.4199627859869457,0.1781871535626104,0.1644203397994739,GPR
0.126429,2.1071,33.3333,5,FCC,0.091356,0.041269,0.4696410663089002,0.1965188270301765,0.1790168005881504,GPR
0.137143,2.1071,33.3333,5,FCC,0.085235,0.03375,0.5243039847391655,0.2163199951475159,0.1943066440931763,GPR
0.147857,2.1071,33.3333,5,FCC,0.079514,0.028886,0.5847260058382591,0.2380301332969348,0.2104105791649196,GPR
0.158571,2.1071,33.3333,5,FCC,0.073889,0.02542,0.6517299791754321,0.2622353623203156,0.2274619707900609,GPR
0.169286,2.1071,33.3333,5,FCC,0.067952,0.022793,0.7261657566529944,0.2896509851261112,0.2456052424974568,GPR
0.18,2.1071,33.3333,5,FCC,0.06122,0.020715,0.808840368709163,0.3210547697601771,0.2649826641710379,GPR
0.03,2.2857,33.3333,5,FCC,0.272475,0.822687,0.1374801134742816,0.0632812463452137,0.0637868067677611,GPR
0.040714,2.2857,33.3333,5,FCC,0.248639,0.419048,0.1649879445678289,0.0754201784422323,0.0752047928127203,GPR
0.051429,2.2857,33.3333,5,FCC,0.225466,0.176126,0.1942135868811069,0.0880541207830709,0.0868989325644335,GPR
0.062143,2.2857,33.3333,5,FCC,0.200277,0.178517,0.2253606054408146,0.1012346967659918,0.0988898714618153,GPR
0.072857,2.2857,33.3333,5,FCC,0.171584,0.491562,0.2586631025509222,0.1150417828998232,0.1112028391470513,GPR
0.083571,2.2857,33.3333,5,FCC,0.147872,0.411644,0.2943956970696346,0.1295571782350305,0.123867149400178,GPR
0.094286,2.2857,33.3333,5,FCC,0.131985,0.169959,0.3328996620684367,0.1448598699314488,0.1369224581143723,GPR
0.105,2.2857,33.3333,5,FCC,0.120533,0.182521,0.3745849046816351,0.1610305599164179,0.1504175003481171,GPR
0.115714,2.2857,33.3333,5,FCC,0.111513,0.193576,0.4199627859869457,0.1781871535626104,0.1644203397994739,GPR
0.126429,2.2857,33.3333,5,FCC,0.104001,0.08728,0.4696410663089002,0.1965188270301765,0.1790168005881504,GPR
0.137143,2.2857,33.3333,5,FCC,0.097517,0.055276,0.5243039847391655,0.2163199951475159,0.1943066440931763,GPR
0.147857,2.2857,33.3333,5,FCC,0.091772,0.041881,0.5847260058382591,0.2380301332969348,0.2104105791649196,GPR
0.158571,2.2857,33.3333,5,FCC,0.086564,0.034431,0.6517299791754321,0.2622353623203156,0.2274619707900609,GPR
0.169286,2.2857,33.3333,5,FCC,0.08173,0.029581,0.7261657566529944,0.2896509851261112,0.2456052424974568,GPR
0.18,2.2857,33.3333,5,FCC,0.077106,0.026112,0.808840368709163,0.3210547697601771,0.2649826641710379,GPR
0.03,2.4643,33.3333,5,FCC,0.280843,0.279693,0.1374801134742816,0.0632812463452137,0.0637868067677611,GPR
0.040714,2.4643,33.3333,5,FCC,0.26009,0.999093,0.1649879445678289,0.0754201784422323,0.0752047928127203,GPR
0.051429,2.4643,33.3333,5,FCC,0.24047,0.354906,0.1942135868811069,0.0880541207830709,0.0868989325644335,GPR
0.062143,2.4643,33.3333,5,FCC,0.221306,0.170424,0.2253606054408146,0.1012346967659918,0.0988898714618153,GPR
0.072857,2.4643,33.3333,5,FCC,0.200835,0.156942,0.2586631025509222,0.1150417828998232,0.1112028391470513,GPR
0.083571,2.4643,33.3333,5,FCC,0.177149,0.312102,0.2943956970696346,0.1295571782350305,0.123867149400178,GPR
0.094286,2.4643,33.3333,5,FCC,0.154361,0.672806,0.3328996620684367,0.1448598699314488,0.1369224581143723,GPR
0.105,2.4643,33.3333,5,FCC,0.137831,0.258938,0.3745849046816351,0.1610305599164179,0.1504175003481171,GPR
0.115714,2.4643,33.3333,5,FCC,0.126071,0.149009,0.4199627859869457,0.1781871535626104,0.1644203397994739,GPR
0.126429,2.4643,33.3333,5,FCC,0.117012,0.191326,0.4696410663089002,0.1965188270301765,0.1790168005881504,GPR
0.137143,2.4643,33.3333,5,FCC,0.10958,0.203804,0.5243039847391655,0.2163199951475159,0.1943066440931763,GPR
0.147857,2.4643,33.3333,5,FCC,0.103231,0.094519,0.5847260058382591,0.2380301332969348,0.2104105791649196,GPR
0.158571,2.4643,33.3333,5,FCC,0.097659,0.05899,0.6517299791754321,0.2622353623203156,0.2274619707900609,GPR
0.169286,2.4643,33.3333,5,FCC,0.092667,0.044216,0.7261657566529944,0.2896509851261112,0.2456052424974568,GPR
0.18,2.4643,33.3333,5,FCC,0.08812,0.03614,0.808840368709163,0.3210547697601771,0.2649826641710379,GPR
0.03,2.6429,33.3333,5,FCC,0.286523,0.150753,0.1374801134742816,0.0632812463452137,0.0637868067677611,GPR
0.040714,2.6429,33.3333,5,FCC,0.268403,0.400409,0.1649879445678289,0.0754201784422323,0.0752047928127203,GPR
0.051429,2.6429,33.3333,5,FCC,0.251101,0.963236,0.1942135868811069,0.0880541207830709,0.0868989325644335,GPR
0.062143,2.6429,33.3333,5,FCC,0.23469,0.33855,0.2253606054408146,0.1012346967659918,0.0988898714618153,GPR
0.072857,2.6429,33.3333,5,FCC,0.218665,0.171364,0.2586631025509222,0.1150417828998232,0.1112028391470513,GPR
0.083571,2.6429,33.3333,5,FCC,0.201924,0.142693,0.2943956970696346,0.1295571782350305,0.123867149400178,GPR
0.094286,2.6429,33.3333,5,FCC,0.182851,0.205491,0.3328996620684367,0.1448598699314488,0.1369224581143723,GPR
0.105,2.6429,33.3333,5,FCC,0.162128,0.544148,0.3745849046816351,0.1610305599164179,0.1504175003481171,GPR
0.115714,2.6429,33.3333,5,FCC,0.144748,0.517606,0.4199627859869457,0.1781871535626104,0.1644203397994739,GPR
0.126429,2.6429,33.3333,5,FCC,0.132138,0.20983,0.4696410663089002,0.1965188270301765,0.1790168005881504,GPR
0.137143,2.6429,33.3333,5,FCC,0.122672,0.14043,0.5243039847391655,0.2163199951475159,0.1943066440931763,GPR
0.147857,2.6429,33.3333,5,FCC,0.115088,0.181201,0.5847260058382591,0.2380301332969348,0.2104105791649196,GPR
0.158571,2.6429,33.3333,5,FCC,0.108714,0.236537,0.6517299791754321,0.2622353623203156,0.2274619707900609,GPR
0.169286,2.6429,33.3333,5,FCC,0.103181,0.11456,0.7261657566529944,0.2896509851261112,0.2456052424974568,GPR
0.18,2.6429,33.3333,5,FCC,0.098268,0.0674,0.808840368709163,0.3210547697601771,0.2649826641710379,GPR
0.03,2.8214,33.3333,5,FCC,0.289955,0.117277,0.1374801134742816,0.0632812463452137,0.0637868067677611,GPR
0.040714,2.8214,33.3333,5,FCC,0.27433,0.178526,0.1649879445678289,0.0754201784422323,0.0752047928127203,GPR
0.051429,2.8214,33.3333,5,FCC,0.258961,0.501379,0.1942135868811069,0.0880541207830709,0.0868989325644335,GPR
0.062143,2.8214,33.3333,5,FCC,0.244341,0.927882,0.2253606054408146,0.1012346967659918,0.0988898714618153,GPR
0.072857,2.8214,33.3333,5,FCC,0.230422,0.350174,0.2586631025509222,0.1150417828998232,0.1112028391470513,GPR
0.083571,2.8214,33.3333,5,FCC,0.216867,0.179282,0.2943956970696346,0.1295571782350305,0.123867149400178,GPR
0.094286,2.8214,33.3333,5,FCC,0.203009,0.136603,0.3328996620684367,0.1448598699314488,0.1369224581143723,GPR
0.105,2.8214,33.3333,5,FCC,0.187757,0.153893,0.3745849046816351,0.1610305599164179,0.1504175003481171,GPR
0.115714,2.8214,33.3333,5,FCC,0.170337,0.286584,0.4199627859869457,0.1781871535626104,0.1644203397994739,GPR
0.126429,2.8214,33.3333,5,FCC,0.153004,0.701936,0.4696410663089002,0.1965188270301765,0.1790168005881504,GPR
0.137143,2.8214,33.3333,5,FCC,0.139154,0.429228,0.5243039847391655,0.2163199951475159,0.1943066440931763,GPR
0.147857,2.8214,33.3333,5,FCC,0.12881,0.194782,0.5847260058382591,0.2380301332969348,0.2104105791649196,GPR
0.158571,2.8214,33.3333,5,FCC,0.120762,0.135352,0.6517299791754321,0.2622353623203156,0.2274619707900609,GPR
0.169286,2.8214,33.3333,5,FCC,0.114161,0.15813,0.7261657566529944,0.2896509851261112,0.2456052424974568,GPR
0.18,2.8214,33.3333,5,FCC,0.108529,0.259678,0.808840368709163,0.3210547697601771,0.2649826641710379,GPR
0.03,3.0,33.3333,5,FCC,0.291331,0.111617,0.1374801134742816,0.0632812463452137,0.0637868067677611,GPR
0.040714,3.0,33.3333,5,FCC,0.278282,0.12159,0.1649879445678289,0.0754201784422323,0.0752047928127203,GPR
0.051429,3.0,33.3333,5,FCC,0.26472,0.202961,0.1942135868811069,0.0880541207830709,0.0868989325644335,GPR
0.062143,3.0,33.3333,5,FCC,0.251582,0.553152,0.2253606054408146,0.1012346967659918,0.0988898714618153,GPR
0.072857,3.0,33.3333,5,FCC,0.239069,0.935007,0.2586631025509222,0.1150417828998232,0.1112028391470513,GPR
0.083571,3.0,33.3333,5,FCC,0.227121,0.38632,0.2943956970696346,0.1295571782350305,0.123867149400178,GPR
0.094286,3.0,33.3333,5,FCC,0.21552,0.195738,0.3328996620684367,0.1448598699314488,0.1369224581143723,GPR
0.105,3.0,33.3333,5,FCC,0.203869,0.138318,0.3745849046816351,0.1610305599164179,0.1504175003481171,GPR
0.115714,3.0,33.3333,5,FCC,0.191511,0.1311,0.4199627859869457,0.1781871535626104,0.1644203397994739,GPR
0.126429,3.0,33.3333,5,FCC,0.177589,0.175692,0.4696410663089002,0.1965188270301765,0.1790168005881504,GPR
0.137143,3.0,33.3333,5,FCC,0.162125,0.363862,0.5243039847391655,0.2163199951475159,0.1943066440931763,GPR
0.147857,3.0,33.3333,5,FCC,0.147524,0.74943,0.5847260058382591,0.2380301332969348,0.2104105791649196,GPR
0.158571,3.0,33.3333,5,FCC,0.135878,0.410552,0.6517299791754321,0.2622353623203156,0.2274619707900609,GPR
0.169286,3.0,33.3333,5,FCC,0.126937,0.197291,0.7261657566529944,0.2896509851261112,0.2456052424974568,GPR
0.18,3.0,33.3333,5,FCC,0.119819,0.134294,0.808840368709163,0.3210547697601771,0.2649826641710379,GPR
0.03,0.5,36.6667,5,FCC,0.01356,0.014058,0.1374801134742816,0.0632812463452137,0.0637868067677611,GPR
0.040714,0.5,36.6667,5,FCC,0.010356,0.010841,0.1649879445678289,0.0754201784422323,0.0752047928127203,GPR
0.051429,0.5,36.6667,5,FCC,0.008382,0.008823,0.1942135868811069,0.0880541207830709,0.0868989325644335,GPR
0.062143,0.5,36.6667,5,FCC,0.007042,0.007438,0.2253606054408146,0.1012346967659918,0.0988898714618153,GPR
0.072857,0.5,36.6667,5,FCC,0.006073,0.006429,0.2586631025509222,0.1150417828998232,0.1112028391470513,GPR
0.083571,0.5,36.6667,5,FCC,0.005338,0.005661,0.2943956970696346,0.1295571782350305,0.123867149400178,GPR
0.094286,0.5,36.6667,5,FCC,0.004762,0.005057,0.3328996620684367,0.1448598699314488,0.1369224581143723,GPR
0.105,0.5,36.6667,5,FCC,0.004299,0.004569,0.3745849046816351,0.1610305599164179,0.1504175003481171,GPR
0.115714,0.5,36.6667,5,FCC,0.003917,0.004168,0.4199627859869457,0.1781871535626104,0.1644203397994739,GPR
0.126429,0.5,36.6667,5,FCC,0.003598,0.003831,0.4696410663089002,0.1965188270301765,0.1790168005881504,GPR
0.137143,0.5,36.6667,5,FCC,0.003327,0.003544,0.5243039847391655,0.2163199951475159,0.1943066440931763,GPR
0.147857,0.5,36.6667,5,FCC,0.003094,0.003298,0.5847260058382591,0.2380301332969348,0.2104105791649196,GPR
0.158571,0.5,36.6667,5,FCC,0.002892,0.003083,0.6517299791754321,0.2622353623203156,0.2274619707900609,GPR
0.169286,0.5,36.6667,5,FCC,0.002714,0.002895,0.7261657566529944,0.2896509851261112,0.2456052424974568,GPR
0.18,0.5,36.6667,5,FCC,0.002557,0.002728,0.808840368709163,0.3210547697601771,0.2649826641710379,GPR
0.03,0.6786,36.6667,5,FCC,0.019073,0.018219,0.1374801134742816,0.0632812463452137,0.0637868067677611,GPR
0.040714,0.6786,36.6667,5,FCC,0.014228,0.014113,0.1649879445678289,0.0754201784422323,0.0752047928127203,GPR
0.051429,0.6786,36.6667,5,FCC,0.011411,0.011524,0.1942135868811069,0.0880541207830709,0.0868989325644335,GPR
0.062143,0.6786,36.6667,5,FCC,0.009544,0.00974,0.2253606054408146,0.1012346967659918,0.0988898714618153,GPR
0.072857,0.6786,36.6667,5,FCC,0.00821,0.008435,0.2586631025509222,0.1150417828998232,0.1112028391470513,GPR
0.083571,0.6786,36.6667,5,FCC,0.007206,0.007439,0.2943956970696346,0.1295571782350305,0.123867149400178,GPR
0.094286,0.6786,36.6667,5,FCC,0.006423,0.006654,0.3328996620684367,0.1448598699314488,0.1369224581143723,GPR
0.105,0.6786,36.6667,5,FCC,0.005794,0.006019,0.3745849046816351,0.1610305599164179,0.1504175003481171,GPR
0.115714,0.6786,36.6667,5,FCC,0.005278,0.005494,0.4199627859869457,0.1781871535626104,0.1644203397994739,GPR
0.126429,0.6786,36.6667,5,FCC,0.004846,0.005054,0.4696410663089002,0.1965188270301765,0.1790168005881504,GPR
0.137143,0.6786,36.6667,5,FCC,0.00448,0.004679,0.5243039847391655,0.2163199951475159,0.1943066440931763,GPR
0.147857,0.6786,36.6667,5,FCC,0.004166,0.004356,0.5847260058382591,0.2380301332969348,0.2104105791649196,GPR
0.158571,0.6786,36.6667,5,FCC,0.003893,0.004075,0.6517299791754321,0.2622353623203156,0.2274619707900609,GPR
0.169286,0.6786,36.6667,5,FCC,0.003653,0.003827,0.7261657566529944,0.2896509851261112,0.2456052424974568,GPR
0.18,0.6786,36.6667,5,FCC,0.003441,0.003608,0.808840368709163,0.3210547697601771,0.2649826641710379,GPR
0.03,0.8571,36.6667,5,FCC,0.029619,0.022868,0.1374801134742816,0.0632812463452137,0.0637868067677611,GPR
0.040714,0.8571,36.6667,5,FCC,0.020076,0.017628,0.1649879445678289,0.0754201784422323,0.0752047928127203,GPR
0.051429,0.8571,36.6667,5,FCC,0.015297,0.014369,0.1942135868811069,0.0880541207830709,0.0868989325644335,GPR
0.062143,0.8571,36.6667,5,FCC,0.012495,0.012137,0.2253606054408146,0.1012346967659918,0.0988898714618153,GPR
0.072857,0.8571,36.6667,5,FCC,0.010614,0.010509,0.2586631025509222,0.1150417828998232,0.1112028391470513,GPR
0.083571,0.8571,36.6667,5,FCC,0.009246,0.009268,0.2943956970696346,0.1295571782350305,0.123867149400178,GPR
0.094286,0.8571,36.6667,5,FCC,0.0082,0.00829,0.3328996620684367,0.1448598699314488,0.1369224581143723,GPR
0.105,0.8571,36.6667,5,FCC,0.007372,0.0075,0.3745849046816351,0.1610305599164179,0.1504175003481171,GPR
0.115714,0.8571,36.6667,5,FCC,0.006698,0.006847,0.4199627859869457,0.1781871535626104,0.1644203397994739,GPR
0.126429,0.8571,36.6667,5,FCC,0.006138,0.006299,0.4696410663089002,0.1965188270301765,0.1790168005881504,GPR
0.137143,0.8571,36.6667,5,FCC,0.005666,0.005833,0.5243039847391655,0.2163199951475159,0.1943066440931763,GPR
0.147857,0.8571,36.6667,5,FCC,0.005262,0.005431,0.5847260058382591,0.2380301332969348,0.2104105791649196,GPR
0.158571,0.8571,36.6667,5,FCC,0.004912,0.005081,0.6517299791754321,0.2622353623203156,0.2274619707900609,GPR
0.169286,0.8571,36.6667,5,FCC,0.004606,0.004773,0.7261657566529944,0.2896509851261112,0.2456052424974568,GPR
0.18,0.8571,36.6667,5,FCC,0.004336,0.0045,0.808840368709163,0.3210547697601771,0.2649826641710379,GPR
0.03,1.0357,36.6667,5,FCC,0.04774,0.02877,0.1374801134742816,0.0632812463452137,0.0637868067677611,GPR
0.040714,1.0357,36.6667,5,FCC,0.03282,0.021775,0.1649879445678289,0.0754201784422323,0.0752047928127203,GPR
0.051429,1.0357,36.6667,5,FCC,0.022967,0.017602,0.1942135868811069,0.0880541207830709,0.0868989325644335,GPR
0.062143,1.0357,36.6667,5,FCC,0.017405,0.014799,0.2253606054408146,0.1012346967659918,0.0988898714618153,GPR
0.072857,1.0357,36.6667,5,FCC,0.014056,0.012779,0.2586631025509222,0.1150417828998232,0.1112028391470513,GPR
0.083571,1.0357,36.6667,5,FCC,0.011913,0.01125,0.2943956970696346,0.1295571782350305,0.123867149400178,GPR
0.094286,1.0357,36.6667,5,FCC,0.010399,0.010051,0.3328996620684367,0.1448598699314488,0.1369224581143723,GPR
0.105,1.0357,36.6667,5,FCC,0.009254,0.009084,0.3745849046816351,0.1610305599164179,0.1504175003481171,GPR
0.115714,1.0357,36.6667,5,FCC,0.00835,0.008288,0.4199627859869457,0.1781871535626104,0.1644203397994739,GPR
0.126429,1.0357,36.6667,5,FCC,0.007614,0.007621,0.4696410663089002,0.1965188270301765,0.1790168005881504,GPR
0.137143,1.0357,36.6667,5,FCC,0.007001,0.007054,0.5243039847391655,0.2163199951475159,0.1943066440931763,GPR
0.147857,1.0357,36.6667,5,FCC,0.006483,0.006566,0.5847260058382591,0.2380301332969348,0.2104105791649196,GPR
0.158571,1.0357,36.6667,5,FCC,0.006037,0.006141,0.6517299791754321,0.2622353623203156,0.2274619707900609,GPR
0.169286,1.0357,36.6667,5,FCC,0.00565,0.005768,0.7261657566529944,0.2896509851261112,0.2456052424974568,GPR
0.18,1.0357,36.6667,5,FCC,0.005311,0.005438,0.808840368709163,0.3210547697601771,0.2649826641710379,GPR
0.03,1.2143,36.6667,5,FCC,0.075974,0.037463,0.1374801134742816,0.0632812463452137,0.0637868067677611,GPR
0.040714,1.2143,36.6667,5,FCC,0.049859,0.027122,0.1649879445678289,0.0754201784422323,0.0752047928127203,GPR
0.051429,1.2143,36.6667,5,FCC,0.037291,0.021505,0.1942135868811069,0.0880541207830709,0.0868989325644335,GPR
0.062143,1.2143,36.6667,5,FCC,0.028155,0.017895,0.2253606054408146,0.1012346967659918,0.0988898714618153,GPR
0.072857,1.2143,36.6667,5,FCC,0.021197,0.015355,0.2586631025509222,0.1150417828998232,0.1112028391470513,GPR
0.083571,1.2143,36.6667,5,FCC,0.016878,0.013461,0.2943956970696346,0.1295571782350305,0.123867149400178,GPR
0.094286,1.2143,36.6667,5,FCC,0.013941,0.011991,0.3328996620684367,0.1448598699314488,0.1369224581143723,GPR
0.105,1.2143,36.6667,5,FCC,0.011954,0.010814,0.3745849046816351,0.1610305599164179,0.1504175003481171,GPR
0.115714,1.2143,36.6667,5,FCC,0.010548,0.009851,0.4199627859869457,0.1781871535626104,0.1644203397994739,GPR
0.126429,1.2143,36.6667,5,FCC,0.009483,0.009046,0.4696410663089002,0.1965188270301765,0.1790168005881504,GPR
0.137143,1.2143,36.6667,5,FCC,0.008635,0.008364,0.5243039847391655,0.2163199951475159,0.1943066440931763,GPR
0.147857,1.2143,36.6667,5,FCC,0.007939,0.007779,0.5847260058382591,0.2380301332969348,0.2104105791649196,GPR
0.158571,1.2143,36.6667,5,FCC,0.007354,0.00727,0.6517299791754321,0.2622353623203156,0.2274619707900609,GPR
0.169286,1.2143,36.6667,5,FCC,0.006854,0.006825,0.7261657566529944,0.2896509851261112,0.2456052424974568,GPR
0.18,1.2143,36.6667,5,FCC,0.006421,0.006431,0.808840368709163,0.3210547697601771,0.2649826641710379,GPR
0.03,1.3929,36.6667,5,FCC,0.102176,0.054303,0.1374801134742816,0.0632812463452137,0.0637868067677611,GPR
0.040714,1.3929,36.6667,5,FCC,0.078027,0.035009,0.1649879445678289,0.0754201784422323,0.0752047928127203,GPR
0.051429,1.3929,36.6667,5,FCC,0.054695,0.026635,0.1942135868811069,0.0880541207830709,0.0868989325644335,GPR
0.062143,1.3929,36.6667,5,FCC,0.041876,0.021715,0.2253606054408146,0.1012346967659918,0.0988898714618153,GPR
0.072857,1.3929,36.6667,5,FCC,0.034074,0.01841,0.2586631025509222,0.1150417828998232,0.1112028391470513,GPR
0.083571,1.3929,36.6667,5,FCC,0.027385,0.016015,0.2943956970696346,0.1295571782350305,0.123867149400178,GPR
0.094286,1.3929,36.6667,5,FCC,0.021463,0.014189,0.3328996620684367,0.1448598699314488,0.1369224581143723,GPR
0.105,1.3929,36.6667,5,FCC,0.017483,0.012747,0.3745849046816351,0.1610305599164179,0.1504175003481171,GPR
0.115714,1.3929,36.6667,5,FCC,0.014707,0.011577,0.4199627859869457,0.1781871535626104,0.1644203397994739,GPR
0.126429,1.3929,36.6667,5,FCC,0.0126,0.010607,0.4696410663089002,0.1965188270301765,0.1790168005881504,GPR
0.137143,1.3929,36.6667,5,FCC,0.011073,0.009789,0.5243039847391655,0.2163199951475159,0.1943066440931763,GPR
0.147857,1.3929,36.6667,5,FCC,0.00995,0.00909,0.5847260058382591,0.2380301332969348,0.2104105791649196,GPR
0.158571,1.3929,36.6667,5,FCC,0.009078,0.008486,0.6517299791754321,0.2622353623203156,0.2274619707900609,GPR
0.169286,1.3929,36.6667,5,FCC,0.008371,0.007957,0.7261657566529944,0.2896509851261112,0.2456052424974568,GPR
0.18,1.3929,36.6667,5,FCC,0.00778,0.007491,0.808840368709163,0.3210547697601771,0.2649826641710379,GPR
0.03,1.5714,36.6667,5,FCC,0.122486,0.121954,0.1374801134742816,0.0632812463452137,0.0637868067677611,GPR
0.040714,1.5714,36.6667,5,FCC,0.100294,0.05001,0.1649879445678289,0.0754201784422323,0.0752047928127203,GPR
0.051429,1.5714,36.6667,5,FCC,0.08223,0.034359,0.1942135868811069,0.0880541207830709,0.0868989325644335,GPR
0.062143,1.5714,36.6667,5,FCC,0.062738,0.026862,0.2253606054408146,0.1012346967659918,0.0988898714618153,GPR
0.072857,1.5714,36.6667,5,FCC,0.047567,0.022271,0.2586631025509222,0.1150417828998232,0.1112028391470513,GPR
0.083571,1.5714,36.6667,5,FCC,0.039206,0.01911,0.2943956970696346,0.1295571782350305,0.123867149400178,GPR
0.094286,1.5714,36.6667,5,FCC,0.033439,0.016777,0.3328996620684367,0.1448598699314488,0.1369224581143723,GPR
0.105,1.5714,36.6667,5,FCC,0.028375,0.014975,0.3745849046816351,0.1610305599164179,0.1504175003481171,GPR
0.115714,1.5714,36.6667,5,FCC,0.023254,0.013534,0.4199627859869457,0.1781871535626104,0.1644203397994739,GPR
0.126429,1.5714,36.6667,5,FCC,0.019004,0.012354,0.4696410663089002,0.1965188270301765,0.1790168005881504,GPR
0.137143,1.5714,36.6667,5,FCC,0.016113,0.011369,0.5243039847391655,0.2163199951475159,0.1943066440931763,GPR
0.147857,1.5714,36.6667,5,FCC,0.013971,0.010532,0.5847260058382591,0.2380301332969348,0.2104105791649196,GPR
0.158571,1.5714,36.6667,5,FCC,0.012214,0.009812,0.6517299791754321,0.2622353623203156,0.2274619707900609,GPR
0.169286,1.5714,36.6667,5,FCC,0.01083,0.009186,0.7261657566529944,0.2896509851261112,0.2456052424974568,GPR
0.18,1.5714,36.6667,5,FCC,0.009789,0.008636,0.808840368709163,0.3210547697601771,0.2649826641710379,GPR
0.03,1.75,36.6667,5,FCC,0.143077,0.188441,0.1374801134742816,0.0632812463452137,0.0637868067677611,GPR
0.040714,1.75,36.6667,5,FCC,0.118022,0.105405,0.1649879445678289,0.0754201784422323,0.0752047928127203,GPR
0.051429,1.75,36.6667,5,FCC,0.100748,0.049478,0.1942135868811069,0.0880541207830709,0.0868989325644335,GPR
0.062143,1.75,36.6667,5,FCC,0.086589,0.03489,0.2253606054408146,0.1012346967659918,0.0988898714618153,GPR
0.072857,1.75,36.6667,5,FCC,0.072226,0.027645,0.2586631025509222,0.1150417828998232,0.1112028391470513,GPR
0.083571,1.75,36.6667,5,FCC,0.056234,0.023135,0.2943956970696346,0.1295571782350305,0.123867149400178,GPR
0.094286,1.75,36.6667,5,FCC,0.045169,0.019994,0.3328996620684367,0.1448598699314488,0.1369224581143723,GPR
0.105,1.75,36.6667,5,FCC,0.038607,0.017655,0.3745849046816351,0.1610305599164179,0.1504175003481171,GPR
0.115714,1.75,36.6667,5,FCC,0.033924,0.015834,0.4199627859869457,0.1781871535626104,0.1644203397994739,GPR
0.126429,1.75,36.6667,5,FCC,0.029954,0.01437,0.4696410663089002,0.1965188270301765,0.1790168005881504,GPR
0.137143,1.75,36.6667,5,FCC,0.026007,0.013164,0.5243039847391655,0.2163199951475159,0.1943066440931763,GPR
0.147857,1.75,36.6667,5,FCC,0.021844,0.012151,0.5847260058382591,0.2380301332969348,0.2104105791649196,GPR
0.158571,1.75,36.6667,5,FCC,0.018298,0.011288,0.6517299791754321,0.2622353623203156,0.2274619707900609,GPR
0.169286,1.75,36.6667,5,FCC,0.015804,0.010542,0.7261657566529944,0.2896509851261112,0.2456052424974568,GPR
0.18,1.75,36.6667,5,FCC,0.013964,0.00989,0.808840368709163,0.3210547697601771,0.2649826641710379,GPR
0.03,1.9286,36.6667,5,FCC,0.16846,0.560852,0.1374801134742816,0.0632812463452137,0.0637868067677611,GPR
0.040714,1.9286,36.6667,5,FCC,0.135829,0.192055,0.1649879445678289,0.0754201784422323,0.0752047928127203,GPR
0.051429,1.9286,36.6667,5,FCC,0.116464,0.108819,0.1942135868811069,0.0880541207830709,0.0868989325644335,GPR
0.062143,1.9286,36.6667,5,FCC,0.102259,0.051693,0.2253606054408146,0.1012346967659918,0.0988898714618153,GPR
0.072857,1.9286,36.6667,5,FCC,0.090583,0.036471,0.2586631025509222,0.1150417828998232,0.1112028391470513,GPR
0.083571,1.9286,36.6667,5,FCC,0.079734,0.028972,0.2943956970696346,0.1295571782350305,0.123867149400178,GPR
0.094286,1.9286,36.6667,5,FCC,0.067626,0.024321,0.3328996620684367,0.1448598699314488,0.1369224581143723,GPR
0.105,1.9286,36.6667,5,FCC,0.054295,0.021084,0.3745849046816351,0.1610305599164179,0.1504175003481171,GPR
0.115714,1.9286,36.6667,5,FCC,0.044905,0.018672,0.4199627859869457,0.1781871535626104,0.1644203397994739,GPR
0.126429,1.9286,36.6667,5,FCC,0.039101,0.016791,0.4696410663089002,0.1965188270301765,0.1790168005881504,GPR
0.137143,1.9286,36.6667,5,FCC,0.034969,0.015276,0.5243039847391655,0.2163199951475159,0.1943066440931763,GPR
0.147857,1.9286,36.6667,5,FCC,0.031612,0.014025,0.5847260058382591,0.2380301332969348,0.2104105791649196,GPR
0.158571,1.9286,36.6667,5,FCC,0.028553,0.012972,0.6517299791754321,0.2622353623203156,0.2274619707900609,GPR
0.169286,1.9286,36.6667,5,FCC,0.02541,0.012072,0.7261657566529944,0.2896509851261112,0.2456052424974568,GPR
0.18,1.9286,36.6667,5,FCC,0.02196,0.011293,0.808840368709163,0.3210547697601771,0.2649826641710379,GPR
0.03,2.1071,36.6667,5,FCC,0.200614,0.263056,0.1374801134742816,0.0632812463452137,0.0637868067677611,GPR
0.040714,2.1071,36.6667,5,FCC,0.156945,0.379924,0.1649879445678289,0.0754201784422323,0.0752047928127203,GPR
0.051429,2.1071,36.6667,5,FCC,0.132396,0.187236,0.1942135868811069,0.0880541207830709,0.0868989325644335,GPR
0.062143,2.1071,36.6667,5,FCC,0.116413,0.130104,0.2253606054408146,0.1012346967659918,0.0988898714618153,GPR
0.072857,2.1071,36.6667,5,FCC,0.104264,0.057105,0.2586631025509222,0.1150417828998232,0.1112028391470513,GPR
0.083571,2.1071,36.6667,5,FCC,0.094227,0.03928,0.2943956970696346,0.1295571782350305,0.123867149400178,GPR
0.094286,2.1071,36.6667,5,FCC,0.085307,0.030941,0.3328996620684367,0.1448598699314488,0.1369224581143723,GPR
0.105,2.1071,36.6667,5,FCC,0.076519,0.025896,0.3745849046816351,0.1610305599164179,0.1504175003481171,GPR
0.115714,2.1071,36.6667,5,FCC,0.066445,0.022432,0.4199627859869457,0.1781871535626104,0.1644203397994739,GPR
0.126429,2.1071,36.6667,5,FCC,0.054967,0.019869,0.4696410663089002,0.1965188270301765,0.1790168005881504,GPR
0.137143,2.1071,36.6667,5,FCC,0.046053,0.017879,0.5243039847391655,0.2163199951475159,0.1943066440931763,GPR
0.147857,2.1071,36.6667,5,FCC,0.040373,0.016279,0.5847260058382591,0.2380301332969348,0.2104105791649196,GPR
0.158571,2.1071,36.6667,5,FCC,0.036412,0.01496,0.6517299791754321,0.2622353623203156,0.2274619707900609,GPR
0.169286,2.1071,36.6667,5,FCC,0.033319,0.01385,0.7261657566529944,0.2896509851261112,0.2456052424974568,GPR
0.18,2.1071,36.6667,5,FCC,0.030678,0.012902,0.808840368709163,0.3210547697601771,0.2649826641710379,GPR
0.03,2.2857,36.6667,5,FCC,0.224032,0.164746,0.1374801134742816,0.0632812463452137,0.0637868067677611,GPR
0.040714,2.2857,36.6667,5,FCC,0.185185,0.397769,0.1649879445678289,0.0754201784422323,0.0752047928127203,GPR
0.051429,2.2857,36.6667,5,FCC,0.151111,0.326393,0.1942135868811069,0.0880541207830709,0.0868989325644335,GPR
0.062143,2.2857,36.6667,5,FCC,0.131004,0.170183,0.2253606054408146,0.1012346967659918,0.0988898714618153,GPR
0.072857,2.2857,36.6667,5,FCC,0.117214,0.182238,0.2586631025509222,0.1150417828998232,0.1112028391470513,GPR
0.083571,2.2857,36.6667,5,FCC,0.106503,0.06794,0.2943956970696346,0.1295571782350305,0.123867149400178,GPR
0.094286,2.2857,36.6667,5,FCC,0.097602,0.0439,0.3328996620684367,0.1448598699314488,0.1369224581143723,GPR
0.105,2.2857,36.6667,5,FCC,0.089825,0.033797,0.3745849046816351,0.1610305599164179,0.1504175003481171,GPR
0.115714,2.2857,36.6667,5,FCC,0.082644,0.027995,0.4199627859869457,0.1781871535626104,0.1644203397994739,GPR
0.126429,2.2857,36.6667,5,FCC,0.075441,0.024122,0.4696410663089002,0.1965188270301765,0.1790168005881504,GPR
0.137143,2.2857,36.6667,5,FCC,0.067269,0.021305,0.5243039847391655,0.2163199951475159,0.1943066440931763,GPR
0.147857,2.2857,36.6667,5,FCC,0.057497,0.019142,0.5847260058382591,0.2380301332969348,0.2104105791649196,GPR
0.158571,2.2857,36.6667,5,FCC,0.048542,0.017415,0.6517299791754321,0.2622353623203156,0.2274619707900609,GPR
0.169286,2.2857,36.6667,5,FCC,0.042437,0.015999,0.7261657566529944,0.2896509851261112,0.2456052424974568,GPR
0.18,2.2857,36.6667,5,FCC,0.038291,0.014811,0.808840368709163,0.3210547697601771,0.2649826641710379,GPR
0.03,2.4643,36.6667,5,FCC,0.237613,0.243526,0.1374801134742816,0.0632812463452137,0.0637868067677611,GPR
0.040714,2.4643,36.6667,5,FCC,0.210082,0.158776,0.1649879445678289,0.0754201784422323,0.0752047928127203,GPR
0.051429,2.4643,36.6667,5,FCC,0.176301,0.49788,0.1942135868811069,0.0880541207830709,0.0868989325644335,GPR
0.062143,2.4643,36.6667,5,FCC,0.14827,0.332094,0.2253606054408146,0.1012346967659918,0.0988898714618153,GPR
0.072857,2.4643,36.6667,5,FCC,0.130839,0.155139,0.2586631025509222,0.1150417828998232,0.1112028391470513,GPR
0.083571,2.4643,36.6667,5,FCC,0.118532,0.263817,0.2943956970696346,0.1295571782350305,0.123867149400178,GPR
0.094286,2.4643,36.6667,5,FCC,0.108853,0.091179,0.3328996620684367,0.1448598699314488,0.1369224581143723,GPR
0.105,2.4643,36.6667,5,FCC,0.100771,0.051803,0.3745849046816351,0.1610305599164179,0.1504175003481171,GPR
0.115714,2.4643,36.6667,5,FCC,0.093746,0.038067,0.4199627859869457,0.1781871535626104,0.1644203397994739,GPR
0.126429,2.4643,36.6667,5,FCC,0.087422,0.030872,0.4696410663089002,0.1965188270301765,0.1790168005881504,GPR
0.137143,2.4643,36.6667,5,FCC,0.081484,0.026302,0.5243039847391655,0.2163199951475159,0.1943066440931763,GPR
0.147857,2.4643,36.6667,5,FCC,0.075552,0.023078,0.5847260058382591,0.2380301332969348,0.2104105791649196,GPR
0.158571,2.4643,36.6667,5,FCC,0.069039,0.020648,0.6517299791754321,0.2622353623203156,0.2274619707900609,GPR
0.169286,2.4643,36.6667,5,FCC,0.061193,0.018735,0.7261657566529944,0.2896509851261112,0.2456052424974568,GPR
0.18,2.4643,36.6667,5,FCC,0.052556,0.01718,0.808840368709163,0.3210547697601771,0.2649826641710379,GPR
0.03,2.6429,36.6667,5,FCC,0.24639,0.576459,0.1374801134742816,0.0632812463452137,0.0637868067677611,GPR
0.040714,2.6429,36.6667,5,FCC,0.224774,0.178231,0.1649879445678289,0.0754201784422323,0.0752047928127203,GPR
0.051429,2.6429,36.6667,5,FCC,0.200625,0.161617,0.1942135868811069,0.0880541207830709,0.0868989325644335,GPR
0.062143,2.6429,36.6667,5,FCC,0.171518,0.520358,0.2253606054408146,0.1012346967659918,0.0988898714618153,GPR
0.072857,2.6429,36.6667,5,FCC,0.147266,0.384445,0.2586631025509222,0.1150417828998232,0.1112028391470513,GPR
0.083571,2.6429,36.6667,5,FCC,0.131495,0.153654,0.2943956970696346,0.1295571782350305,0.123867149400178,GPR
0.094286,2.6429,36.6667,5,FCC,0.120193,0.233982,0.3328996620684367,0.1448598699314488,0.1369224581143723,GPR
0.105,2.6429,36.6667,5,FCC,0.111258,0.150603,0.3745849046816351,0.1610305599164179,0.1504175003481171,GPR
0.115714,2.6429,36.6667,5,FCC,0.103778,0.067092,0.4199627859869457,0.1781871535626104,0.1644203397994739,GPR
0.126429,2.6429,36.6667,5,FCC,0.097288,0.044954,0.4696410663089002,0.1965188270301765,0.1790168005881504,GPR
0.137143,2.6429,36.6667,5,FCC,0.091499,0.035034,0.5243039847391655,0.2163199951475159,0.1943066440931763,GPR
0.147857,2.6429,36.6667,5,FCC,0.0862,0.029239,0.5847260058382591,0.2380301332969348,0.2104105791649196,GPR
0.158571,2.6429,36.6667,5,FCC,0.081196,0.025347,0.6517299791754321,0.2622353623203156,0.2274619707900609,GPR
0.169286,2.6429,36.6667,5,FCC,0.076257,0.022505,0.7261657566529944,0.2896509851261112,0.2456052424974568,GPR
0.18,2.6429,36.6667,5,FCC,0.071049,0.020314,0.808840368709163,0.3210547697601771,0.2649826641710379,GPR
0.03,2.8214,36.6667,5,FCC,0.252348,0.94377,0.1374801134742816,0.0632812463452137,0.0637868067677611,GPR
0.040714,2.8214,36.6667,5,FCC,0.23409,0.334368,0.1649879445678289,0.0754201784422323,0.0752047928127203,GPR
0.051429,2.8214,36.6667,5,FCC,0.215463,0.153651,0.1942135868811069,0.0880541207830709,0.0868989325644335,GPR
0.062143,2.8214,36.6667,5,FCC,0.194418,0.160676,0.2253606054408146,0.1012346967659918,0.0988898714618153,GPR
0.072857,2.8214,36.6667,5,FCC,0.169326,0.474071,0.2586631025509222,0.1150417828998232,0.1112028391470513,GPR
0.083571,2.8214,36.6667,5,FCC,0.147546,0.497183,0.2943956970696346,0.1295571782350305,0.123867149400178,GPR
0.094286,2.8214,36.6667,5,FCC,0.13277,0.171631,0.3328996620684367,0.1448598699314488,0.1369224581143723,GPR
0.105,2.8214,36.6667,5,FCC,0.122115,0.157772,0.3745849046816351,0.1610305599164179,0.1504175003481171,GPR
0.115714,2.8214,36.6667,5,FCC,0.113699,0.277354,0.4199627859869457,0.1781871535626104,0.1644203397994739,GPR
0.126429,2.8214,36.6667,5,FCC,0.106661,0.104032,0.4696410663089002,0.1965188270301765,0.1790168005881504,GPR
0.137143,2.8214,36.6667,5,FCC,0.100562,0.05769,0.5243039847391655,0.2163199951475159,0.1943066440931763,GPR
0.147857,2.8214,36.6667,5,FCC,0.095144,0.041618,0.5847260058382591,0.2380301332969348,0.2104105791649196,GPR
0.158571,2.8214,36.6667,5,FCC,0.090233,0.033458,0.6517299791754321,0.2622353623203156,0.2274619707900609,GPR
0.169286,2.8214,36.6667,5,FCC,0.085694,0.028401,0.7261657566529944,0.2896509851261112,0.2456052424974568,GPR
0.18,2.8214,36.6667,5,FCC,0.081403,0.024889,0.808840368709163,0.3210547697601771,0.2649826641710379,GPR
0.03,3.0,36.6667,5,FCC,0.256316,0.397784,0.1374801134742816,0.0632812463452137,0.0637868067677611,GPR
0.040714,3.0,36.6667,5,FCC,0.240499,0.826497,0.1649879445678289,0.0754201784422323,0.0752047928127203,GPR
0.051429,3.0,36.6667,5,FCC,0.224786,0.247806,0.1942135868811069,0.0880541207830709,0.0868989325644335,GPR
0.062143,3.0,36.6667,5,FCC,0.20866,0.141601,0.2253606054408146,0.1012346967659918,0.0988898714618153,GPR
0.072857,3.0,36.6667,5,FCC,0.190458,0.153701,0.2586631025509222,0.1150417828998232,0.1112028391470513,GPR
0.083571,3.0,36.6667,5,FCC,0.168833,0.387616,0.2943956970696346,0.1295571782350305,0.123867149400178,GPR
0.094286,3.0,36.6667,5,FCC,0.148834,0.680843,0.3328996620684367,0.1448598699314488,0.1369224581143723,GPR
0.105,3.0,36.6667,5,FCC,0.134579,0.21876,0.3745849046816351,0.1610305599164179,0.1504175003481171,GPR
0.115714,3.0,36.6667,5,FCC,0.124273,0.136121,0.4199627859869457,0.1781871535626104,0.1644203397994739,GPR
0.126429,3.0,36.6667,5,FCC,0.116186,0.216544,0.4696410663089002,0.1965188270301765,0.1790168005881504,GPR
0.137143,3.0,36.6667,5,FCC,0.109455,0.216319,0.5243039847391655,0.2163199951475159,0.1943066440931763,GPR
0.147857,3.0,36.6667,5,FCC,0.10364,0.087395,0.5847260058382591,0.2380301332969348,0.2104105791649196,GPR
0.158571,3.0,36.6667,5,FCC,0.09849,0.053676,0.6517299791754321,0.2622353623203156,0.2274619707900609,GPR
0.169286,3.0,36.6667,5,FCC,0.093843,0.040149,0.7261657566529944,0.2896509851261112,0.2456052424974568,GPR
0.18,3.0,36.6667,5,FCC,0.089587,0.03282,0.808840368709163,0.3210547697601771,0.2649826641710379,GPR
0.03,0.5,40.0,5,FCC,0.010354,0.01085,0.1374801134742816,0.0632812463452137,0.0637868067677611,GPR
0.040714,0.5,40.0,5,FCC,0.007933,0.008366,0.1649879445678289,0.0754201784422323,0.0752047928127203,GPR
0.051429,0.5,40.0,5,FCC,0.006432,0.006807,0.1942135868811069,0.0880541207830709,0.0868989325644335,GPR
0.062143,0.5,40.0,5,FCC,0.005409,0.005738,0.2253606054408146,0.1012346967659918,0.0988898714618153,GPR
0.072857,0.5,40.0,5,FCC,0.004667,0.004959,0.2586631025509222,0.1150417828998232,0.1112028391470513,GPR
0.083571,0.5,40.0,5,FCC,0.004104,0.004366,0.2943956970696346,0.1295571782350305,0.123867149400178,GPR
0.094286,0.5,40.0,5,FCC,0.003662,0.003899,0.3328996620684367,0.1448598699314488,0.1369224581143723,GPR
0.105,0.5,40.0,5,FCC,0.003306,0.003523,0.3745849046816351,0.1610305599164179,0.1504175003481171,GPR
0.115714,0.5,40.0,5,FCC,0.003013,0.003213,0.4199627859869457,0.1781871535626104,0.1644203397994739,GPR
0.126429,0.5,40.0,5,FCC,0.002768,0.002953,0.4696410663089002,0.1965188270301765,0.1790168005881504,GPR
0.137143,0.5,40.0,5,FCC,0.00256,0.002732,0.5243039847391655,0.2163199951475159,0.1943066440931763,GPR
0.147857,0.5,40.0,5,FCC,0.002381,0.002542,0.5847260058382591,0.2380301332969348,0.2104105791649196,GPR
0.158571,0.5,40.0,5,FCC,0.002225,0.002376,0.6517299791754321,0.2622353623203156,0.2274619707900609,GPR
0.169286,0.5,40.0,5,FCC,0.002089,0.002231,0.7261657566529944,0.2896509851261112,0.2456052424974568,GPR
0.18,0.5,40.0,5,FCC,0.001968,0.002103,0.808840368709163,0.3210547697601771,0.2649826641710379,GPR
0.03,0.6786,40.0,5,FCC,0.013893,0.013882,0.1374801134742816,0.0632812463452137,0.0637868067677611,GPR
0.040714,0.6786,40.0,5,FCC,0.010599,0.010793,0.1649879445678289,0.0754201784422323,0.0752047928127203,GPR
0.051429,0.6786,40.0,5,FCC,0.008586,0.00883,0.1942135868811069,0.0880541207830709,0.0868989325644335,GPR
0.062143,0.6786,40.0,5,FCC,0.007222,0.007471,0.2253606054408146,0.1012346967659918,0.0988898714618153,GPR
0.072857,0.6786,40.0,5,FCC,0.006234,0.006475,0.2586631025509222,0.1150417828998232,0.1112028391470513,GPR
0.083571,0.6786,40.0,5,FCC,0.005485,0.005714,0.2943956970696346,0.1295571782350305,0.123867149400178,GPR
0.094286,0.6786,40.0,5,FCC,0.004897,0.005113,0.3328996620684367,0.1448598699314488,0.1369224581143723,GPR
0.105,0.6786,40.0,5,FCC,0.004423,0.004626,0.3745849046816351,0.1610305599164179,0.1504175003481171,GPR
0.115714,0.6786,40.0,5,FCC,0.004033,0.004224,0.4199627859869457,0.1781871535626104,0.1644203397994739,GPR
0.126429,0.6786,40.0,5,FCC,0.003706,0.003886,0.4696410663089002,0.1965188270301765,0.1790168005881504,GPR
0.137143,0.6786,40.0,5,FCC,0.003429,0.003598,0.5243039847391655,0.2163199951475159,0.1943066440931763,GPR
0.147857,0.6786,40.0,5,FCC,0.00319,0.00335,0.5847260058382591,0.2380301332969348,0.2104105791649196,GPR
0.158571,0.6786,40.0,5,FCC,0.002982,0.003134,0.6517299791754321,0.2622353623203156,0.2274619707900609,GPR
0.169286,0.6786,40.0,5,FCC,0.0028,0.002944,0.7261657566529944,0.2896509851261112,0.2456052424974568,GPR
0.18,0.6786,40.0,5,FCC,0.002638,0.002776,0.808840368709163,0.3210547697601771,0.2649826641710379,GPR
0.03,0.8571,40.0,5,FCC,0.018736,0.017019,0.1374801134742816,0.0632812463452137,0.0637868067677611,GPR
0.040714,0.8571,40.0,5,FCC,0.013714,0.013264,0.1649879445678289,0.0754201784422323,0.0752047928127203,GPR
0.051429,0.8571,40.0,5,FCC,0.010945,0.010875,0.1942135868811069,0.0880541207830709,0.0868989325644335,GPR
0.062143,0.8571,40.0,5,FCC,0.009142,0.009219,0.2253606054408146,0.1012346967659918,0.0988898714618153,GPR
0.072857,0.8571,40.0,5,FCC,0.007861,0.008001,0.2586631025509222,0.1150417828998232,0.1112028391470513,GPR
0.083571,0.8571,40.0,5,FCC,0.006901,0.007069,0.2943956970696346,0.1295571782350305,0.123867149400178,GPR
0.094286,0.8571,40.0,5,FCC,0.006152,0.006331,0.3328996620684367,0.1448598699314488,0.1369224581143723,GPR
0.105,0.8571,40.0,5,FCC,0.005551,0.005733,0.3745849046816351,0.1610305599164179,0.1504175003481171,GPR
0.115714,0.8571,40.0,5,FCC,0.005058,0.005238,0.4199627859869457,0.1781871535626104,0.1644203397994739,GPR
0.126429,0.8571,40.0,5,FCC,0.004646,0.004822,0.4696410663089002,0.1965188270301765,0.1790168005881504,GPR
0.137143,0.8571,40.0,5,FCC,0.004296,0.004468,0.5243039847391655,0.2163199951475159,0.1943066440931763,GPR
0.147857,0.8571,40.0,5,FCC,0.003995,0.004162,0.5847260058382591,0.2380301332969348,0.2104105791649196,GPR
0.158571,0.8571,40.0,5,FCC,0.003734,0.003895,0.6517299791754321,0.2622353623203156,0.2274619707900609,GPR
0.169286,0.8571,40.0,5,FCC,0.003505,0.00366,0.7261657566529944,0.2896509851261112,0.2456052424974568,GPR
0.18,0.8571,40.0,5,FCC,0.003303,0.003452,0.808840368709163,0.3210547697601771,0.2649826641710379,GPR
0.03,1.0357,40.0,5,FCC,0.028977,0.020554,0.1374801134742816,0.0632812463452137,0.0637868067677611,GPR
0.040714,1.0357,40.0,5,FCC,0.018951,0.015957,0.1649879445678289,0.0754201784422323,0.0752047928127203,GPR
0.051429,1.0357,40.0,5,FCC,0.014167,0.013067,0.1942135868811069,0.0880541207830709,0.0868989325644335,GPR
0.062143,1.0357,40.0,5,FCC,0.011514,0.011072,0.2253606054408146,0.1012346967659918,0.0988898714618153,GPR
0.072857,1.0357,40.0,5,FCC,0.00977,0.00961,0.2586631025509222,0.1150417828998232,0.1112028391470513,GPR
0.083571,1.0357,40.0,5,FCC,0.00851,0.008491,0.2943956970696346,0.1295571782350305,0.123867149400178,GPR
0.094286,1.0357,40.0,5,FCC,0.007549,0.007606,0.3328996620684367,0.1448598699314488,0.1369224581143723,GPR
0.105,1.0357,40.0,5,FCC,0.006789,0.006889,0.3745849046816351,0.1610305599164179,0.1504175003481171,GPR
0.115714,1.0357,40.0,5,FCC,0.006171,0.006296,0.4199627859869457,0.1781871535626104,0.1644203397994739,GPR
0.126429,1.0357,40.0,5,FCC,0.005658,0.005797,0.4696410663089002,0.1965188270301765,0.1790168005881504,GPR
0.137143,1.0357,40.0,5,FCC,0.005225,0.005371,0.5243039847391655,0.2163199951475159,0.1943066440931763,GPR
0.147857,1.0357,40.0,5,FCC,0.004854,0.005004,0.5847260058382591,0.2380301332969348,0.2104105791649196,GPR
0.158571,1.0357,40.0,5,FCC,0.004532,0.004684,0.6517299791754321,0.2622353623203156,0.2274619707900609,GPR
0.169286,1.0357,40.0,5,FCC,0.004251,0.004402,0.7261657566529944,0.2896509851261112,0.2456052424974568,GPR
0.18,1.0357,40.0,5,FCC,0.004003,0.004153,0.808840368709163,0.3210547697601771,0.2649826641710379,GPR
0.03,1.2143,40.0,5,FCC,0.044707,0.024829,0.1374801134742816,0.0632812463452137,0.0637868067677611,GPR
0.040714,1.2143,40.0,5,FCC,0.030274,0.019029,0.1649879445678289,0.0754201784422323,0.0752047928127203,GPR
0.051429,1.2143,40.0,5,FCC,0.02059,0.015492,0.1942135868811069,0.0880541207830709,0.0868989325644335,GPR
0.062143,1.2143,40.0,5,FCC,0.015424,0.013087,0.2253606054408146,0.1012346967659918,0.0988898714618153,GPR
0.072857,1.2143,40.0,5,FCC,0.01243,0.011339,0.2586631025509222,0.1150417828998232,0.1112028391470513,GPR
0.083571,1.2143,40.0,5,FCC,0.010561,0.010007,0.2943956970696346,0.1295571782350305,0.123867149400178,GPR
0.094286,1.2143,40.0,5,FCC,0.009241,0.008958,0.3328996620684367,0.1448598699314488,0.1369224581143723,GPR
0.105,1.2143,40.0,5,FCC,0.008239,0.008109,0.3745849046816351,0.1610305599164179,0.1504175003481171,GPR
0.115714,1.2143,40.0,5,FCC,0.007445,0.007408,0.4199627859869457,0.1781871535626104,0.1644203397994739,GPR
0.126429,1.2143,40.0,5,FCC,0.006798,0.006819,0.4696410663089002,0.1965188270301765,0.1790168005881504,GPR
0.137143,1.2143,40.0,5,FCC,0.006257,0.006318,0.5243039847391655,0.2163199951475159,0.1943066440931763,GPR
0.147857,1.2143,40.0,5,FCC,0.005799,0.005885,0.5847260058382591,0.2380301332969348,0.2104105791649196,GPR
0.158571,1.2143,40.0,5,FCC,0.005405,0.005508,0.6517299791754321,0.2622353623203156,0.2274619707900609,GPR
0.169286,1.2143,40.0,5,FCC,0.005062,0.005176,0.7261657566529944,0.2896509851261112,0.2456052424974568,GPR
0.18,1.2143,40.0,5,FCC,0.00476,0.004883,0.808840368709163,0.3210547697601771,0.2649826641710379,GPR
0.03,1.3929,40.0,5,FCC,0.06621,0.030515,0.1374801134742816,0.0632812463452137,0.0637868067677611,GPR
0.040714,1.3929,40.0,5,FCC,0.044253,0.02274,0.1649879445678289,0.0754201784422323,0.0752047928127203,GPR
0.051429,1.3929,40.0,5,FCC,0.033169,0.018283,0.1942135868811069,0.0880541207830709,0.0868989325644335,GPR
0.062143,1.3929,40.0,5,FCC,0.023649,0.015341,0.2253606054408146,0.1012346967659918,0.0988898714618153,GPR
0.072857,1.3929,40.0,5,FCC,0.017777,0.013237,0.2586631025509222,0.1150417828998232,0.1112028391470513,GPR
0.083571,1.3929,40.0,5,FCC,0.014106,0.011651,0.2943956970696346,0.1295571782350305,0.123867149400178,GPR
0.094286,1.3929,40.0,5,FCC,0.01172,0.01041,0.3328996620684367,0.1448598699314488,0.1369224581143723,GPR
0.105,1.3929,40.0,5,FCC,0.010165,0.009411,0.3745849046816351,0.1610305599164179,0.1504175003481171,GPR
0.115714,1.3929,40.0,5,FCC,0.009041,0.008589,0.4199627859869457,0.1781871535626104,0.1644203397994739,GPR
0.126429,1.3929,40.0,5,FCC,0.008171,0.0079,0.4696410663089002,0.1965188270301765,0.1790168005881504,GPR
0.137143,1.3929,40.0,5,FCC,0.007469,0.007314,0.5243039847391655,0.2163199951475159,0.1943066440931763,GPR
0.147857,1.3929,40.0,5,FCC,0.006887,0.00681,0.5847260058382591,0.2380301332969348,0.2104105791649196,GPR
0.158571,1.3929,40.0,5,FCC,0.006393,0.006371,0.6517299791754321,0.2622353623203156,0.2274619707900609,GPR
0.169286,1.3929,40.0,5,FCC,0.005969,0.005986,0.7261657566529944,0.2896509851261112,0.2456052424974568,GPR
0.18,1.3929,40.0,5,FCC,0.0056,0.005644,0.808840368709163,0.3210547697601771,0.2649826641710379,GPR
0.03,1.5714,40.0,5,FCC,0.092966,0.03931,0.1374801134742816,0.0632812463452137,0.0637868067677611,GPR
0.040714,1.5714,40.0,5,FCC,0.064429,0.027603,0.1649879445678289,0.0754201784422323,0.0752047928127203,GPR
0.051429,1.5714,40.0,5,FCC,0.04555,0.021671,0.1942135868811069,0.0880541207830709,0.0868989325644335,GPR
0.062143,1.5714,40.0,5,FCC,0.03616,0.017961,0.2253606054408146,0.1012346967659918,0.0988898714618153,GPR
0.072857,1.5714,40.0,5,FCC,0.028476,0.015383,0.2586631025509222,0.1150417828998232,0.1112028391470513,GPR
0.083571,1.5714,40.0,5,FCC,0.021265,0.013475,0.2943956970696346,0.1295571782350305,0.123867149400178,GPR
0.094286,1.5714,40.0,5,FCC,0.016818,0.011999,0.3328996620684367,0.1448598699314488,0.1369224581143723,GPR
0.105,1.5714,40.0,5,FCC,0.013823,0.010821,0.3745849046816351,0.1610305599164179,0.1504175003481171,GPR
0.115714,1.5714,40.0,5,FCC,0.011613,0.009858,0.4199627859869457,0.1781871535626104,0.1644203397994739,GPR
0.126429,1.5714,40.0,5,FCC,0.010126,0.009054,0.4696410663089002,0.1965188270301765,0.1790168005881504,GPR
0.137143,1.5714,40.0,5,FCC,0.009067,0.008373,0.5243039847391655,0.2163199951475159,0.1943066440931763,GPR
0.147857,1.5714,40.0,5,FCC,0.008251,0.007788,0.5847260058382591,0.2380301332969348,0.2104105791649196,GPR
0.158571,1.5714,40.0,5,FCC,0.007591,0.007281,0.6517299791754321,0.2622353623203156,0.2274619707900609,GPR
0.169286,1.5714,40.0,5,FCC,0.007041,0.006836,0.7261657566529944,0.2896509851261112,0.2456052424974568,GPR
0.18,1.5714,40.0,5,FCC,0.006573,0.006443,0.808840368709163,0.3210547697601771,0.2649826641710379,GPR
0.03,1.75,40.0,5,FCC,0.110212,0.057585,0.1374801134742816,0.0632812463452137,0.0637868067677611,GPR
0.040714,1.75,40.0,5,FCC,0.089303,0.034846,0.1649879445678289,0.0754201784422323,0.0752047928127203,GPR
0.051429,1.75,40.0,5,FCC,0.066507,0.026109,0.1942135868811069,0.0880541207830709,0.0868989325644335,GPR
0.062143,1.75,40.0,5,FCC,0.048144,0.021168,0.2253606054408146,0.1012346967659918,0.0988898714618153,GPR
0.072857,1.75,40.0,5,FCC,0.039081,0.017905,0.2586631025509222,0.1150417828998232,0.1112028391470513,GPR
0.083571,1.75,40.0,5,FCC,0.032823,0.015559,0.2943956970696346,0.1295571782350305,0.123867149400178,GPR
0.094286,1.75,40.0,5,FCC,0.026796,0.01378,0.3328996620684367,0.1448598699314488,0.1369224581143723,GPR
0.105,1.75,40.0,5,FCC,0.020759,0.012379,0.3745849046816351,0.1610305599164179,0.1504175003481171,GPR
0.115714,1.75,40.0,5,FCC,0.016788,0.011244,0.4199627859869457,0.1781871535626104,0.1644203397994739,GPR
0.126429,1.75,40.0,5,FCC,0.014165,0.010304,0.4696410663089002,0.1965188270301765,0.1790168005881504,GPR
0.137143,1.75,40.0,5,FCC,0.012052,0.009512,0.5243039847391655,0.2163199951475159,0.1943066440931763,GPR
0.147857,1.75,40.0,5,FCC,0.010442,0.008835,0.5847260058382591,0.2380301332969348,0.2104105791649196,GPR
0.158571,1.75,40.0,5,FCC,0.009313,0.008249,0.6517299791754321,0.2622353623203156,0.2274619707900609,GPR
0.169286,1.75,40.0,5,FCC,0.008475,0.007737,0.7261657566529944,0.2896509851261112,0.2456052424974568,GPR
0.18,1.75,40.0,5,FCC,0.007812,0.007286,0.808840368709163,0.3210547697601771,0.2649826641710379,GPR
0.03,1.9286,40.0,5,FCC,0.125182,0.140571,0.1374801134742816,0.0632812463452137,0.0637868067677611,GPR
0.040714,1.9286,40.0,5,FCC,0.104852,0.048495,0.1649879445678289,0.0754201784422323,0.0752047928127203,GPR
0.051429,1.9286,40.0,5,FCC,0.088534,0.032651,0.1942135868811069,0.0880541207830709,0.0868989325644335,GPR
0.062143,1.9286,40.0,5,FCC,0.070787,0.025399,0.2253606054408146,0.1012346967659918,0.0988898714618153,GPR
0.072857,1.9286,40.0,5,FCC,0.052321,0.021028,0.2586631025509222,0.1150417828998232,0.1112028391470513,GPR
0.083571,1.9286,40.0,5,FCC,0.042337,0.01804,0.2943956970696346,0.1295571782350305,0.123867149400178,GPR
0.094286,1.9286,40.0,5,FCC,0.036297,0.015842,0.3328996620684367,0.1448598699314488,0.1369224581143723,GPR
0.105,1.9286,40.0,5,FCC,0.031534,0.014145,0.3745849046816351,0.1610305599164179,0.1504175003481171,GPR
0.115714,1.9286,40.0,5,FCC,0.026763,0.012791,0.4199627859869457,0.1781871535626104,0.1644203397994739,GPR
0.126429,1.9286,40.0,5,FCC,0.021497,0.011682,0.4696410663089002,0.1965188270301765,0.1790168005881504,GPR
0.137143,1.9286,40.0,5,FCC,0.017446,0.010756,0.5243039847391655,0.2163199951475159,0.1943066440931763,GPR
0.147857,1.9286,40.0,5,FCC,0.014868,0.009969,0.5847260058382591,0.2380301332969348,0.2104105791649196,GPR
0.158571,1.9286,40.0,5,FCC,0.012935,0.009292,0.6517299791754321,0.2622353623203156,0.2274619707900609,GPR
0.169286,1.9286,40.0,5,FCC,0.01125,0.008702,0.7261657566529944,0.2896509851261112,0.2456052424974568,GPR
0.18,1.9286,40.0,5,FCC,0.009891,0.008184,0.808840368709163,0.3210547697601771,0.2649826641710379,GPR
0.03,2.1071,40.0,5,FCC,0.140153,0.187389,0.1374801134742816,0.0632812463452137,0.0637868067677611,GPR
0.040714,2.1071,40.0,5,FCC,0.118106,0.094211,0.1649879445678289,0.0754201784422323,0.0752047928127203,GPR
0.051429,2.1071,40.0,5,FCC,0.102321,0.044588,0.1942135868811069,0.0880541207830709,0.0868989325644335,GPR
0.062143,2.1071,40.0,5,FCC,0.089152,0.031666,0.2253606054408146,0.1012346967659918,0.0988898714618153,GPR
0.072857,2.1071,40.0,5,FCC,0.07558,0.025202,0.2586631025509222,0.1150417828998232,0.1112028391470513,GPR
0.083571,2.1071,40.0,5,FCC,0.058772,0.021157,0.2943956970696346,0.1295571782350305,0.123867149400178,GPR
0.094286,2.1071,40.0,5,FCC,0.046538,0.018329,0.3328996620684367,0.1448598699314488,0.1369224581143723,GPR
0.105,2.1071,40.0,5,FCC,0.039762,0.016217,0.3745849046816351,0.1610305599164179,0.1504175003481171,GPR
0.115714,2.1071,40.0,5,FCC,0.035119,0.014568,0.4199627859869457,0.1781871535626104,0.1644203397994739,GPR
0.126429,2.1071,40.0,5,FCC,0.031294,0.013239,0.4696410663089002,0.1965188270301765,0.1790168005881504,GPR
0.137143,2.1071,40.0,5,FCC,0.027544,0.012142,0.5243039847391655,0.2163199951475159,0.1943066440931763,GPR
0.147857,2.1071,40.0,5,FCC,0.023228,0.01122,0.5847260058382591,0.2380301332969348,0.2104105791649196,GPR
0.158571,2.1071,40.0,5,FCC,0.018938,0.010432,0.6517299791754321,0.2622353623203156,0.2274619707900609,GPR
0.169286,2.1071,40.0,5,FCC,0.015971,0.00975,0.7261657566529944,0.2896509851261112,0.2456052424974568,GPR
0.18,2.1071,40.0,5,FCC,0.013981,0.009154,0.808840368709163,0.3210547697601771,0.2649826641710379,GPR
0.03,2.2857,40.0,5,FCC,0.157265,0.341267,0.1374801134742816,0.0632812463452137,0.0637868067677611,GPR
0.040714,2.2857,40.0,5,FCC,0.131029,0.262461,0.1649879445678289,0.0754201784422323,0.0752047928127203,GPR
0.051429,2.2857,40.0,5,FCC,0.114196,0.080447,0.1942135868811069,0.0880541207830709,0.0868989325644335,GPR
0.062143,2.2857,40.0,5,FCC,0.101314,0.043117,0.2253606054408146,0.1012346967659918,0.0988898714618153,GPR
0.072857,2.2857,40.0,5,FCC,0.090378,0.031484,0.2586631025509222,0.1150417828998232,0.1112028391470513,GPR
0.083571,2.2857,40.0,5,FCC,0.079749,0.025397,0.2943956970696346,0.1295571782350305,0.123867149400178,GPR
0.094286,2.2857,40.0,5,FCC,0.066853,0.021509,0.3328996620684367,0.1448598699314488,0.1369224581143723,GPR
0.105,2.2857,40.0,5,FCC,0.052762,0.018757,0.3745849046816351,0.1610305599164179,0.1504175003481171,GPR
0.115714,2.2857,40.0,5,FCC,0.043962,0.016682,0.4199627859869457,0.1781871535626104,0.1644203397994739,GPR
0.126429,2.2857,40.0,5,FCC,0.038643,0.015051,0.4696410663089002,0.1965188270301765,0.1790168005881504,GPR
0.137143,2.2857,40.0,5,FCC,0.034791,0.013728,0.5243039847391655,0.2163199951475159,0.1943066440931763,GPR
0.147857,2.2857,40.0,5,FCC,0.031593,0.01263,0.5847260058382591,0.2380301332969348,0.2104105791649196,GPR
0.158571,2.2857,40.0,5,FCC,0.02859,0.011703,0.6517299791754321,0.2622353623203156,0.2274619707900609,GPR
0.169286,2.2857,40.0,5,FCC,0.025327,0.010907,0.7261657566529944,0.2896509851261112,0.2456052424974568,GPR
0.18,2.2857,40.0,5,FCC,0.021476,0.010217,0.808840368709163,0.3210547697601771,0.2649826641710379,GPR
0.03,2.4643,40.0,5,FCC,0.179219,0.599472,0.1374801134742816,0.0632812463452137,0.0637868067677611,GPR
0.040714,2.4643,40.0,5,FCC,0.145026,0.197109,0.1649879445678289,0.0754201784422323,0.0752047928127203,GPR
0.051429,2.4643,40.0,5,FCC,0.125704,0.29862,0.1942135868811069,0.0880541207830709,0.0868989325644335,GPR
0.062143,2.4643,40.0,5,FCC,0.11204,0.077057,0.2253606054408146,0.1012346967659918,0.0988898714618153,GPR
0.072857,2.4643,40.0,5,FCC,0.101164,0.043249,0.2586631025509222,0.1150417828998232,0.1112028391470513,GPR
0.083571,2.4643,40.0,5,FCC,0.091845,0.031946,0.2943956970696346,0.1295571782350305,0.123867149400178,GPR
0.094286,2.4643,40.0,5,FCC,0.083145,0.025937,0.3328996620684367,0.1448598699314488,0.1369224581143723,GPR
0.105,2.4643,40.0,5,FCC,0.073723,0.022072,0.3745849046816351,0.1610305599164179,0.1504175003481171,GPR
0.115714,2.4643,40.0,5,FCC,0.061685,0.019322,0.4199627859869457,0.1781871535626104,0.1644203397994739,GPR
0.126429,2.4643,40.0,5,FCC,0.050071,0.017242,0.4696410663089002,0.1965188270301765,0.1790168005881504,GPR
0.137143,2.4643,40.0,5,FCC,0.042907,0.0156,0.5243039847391655,0.2163199951475159,0.1943066440931763,GPR
0.147857,2.4643,40.0,5,FCC,0.038342,0.014265,0.5847260058382591,0.2380301332969348,0.2104105791649196,GPR
0.158571,2.4643,40.0,5,FCC,0.034965,0.013153,0.6517299791754321,0.2622353623203156,0.2274619707900609,GPR
0.169286,2.4643,40.0,5,FCC,0.032179,0.012212,0.7261657566529944,0.2896509851261112,0.2456052424974568,GPR
0.18,2.4643,40.0,5,FCC,0.029663,0.011402,0.808840368709163,0.3210547697601771,0.2649826641710379,GPR
0.03,2.6429,40.0,5,FCC,0.200725,0.180978,0.1374801134742816,0.0632812463452137,0.0637868067677611,GPR
0.040714,2.6429,40.0,5,FCC,0.162418,0.746627,0.1649879445678289,0.0754201784422323,0.0752047928127203,GPR
0.051429,2.6429,40.0,5,FCC,0.137887,0.162055,0.1942135868811069,0.0880541207830709,0.0868989325644335,GPR
0.062143,2.6429,40.0,5,FCC,0.122462,0.304985,0.2253606054408146,0.1012346967659918,0.0988898714618153,GPR
0.072857,2.6429,40.0,5,FCC,0.110927,0.0799,0.2586631025509222,0.1150417828998232,0.1112028391470513,GPR
0.083571,2.6429,40.0,5,FCC,0.101511,0.04479,0.2943956970696346,0.1295571782350305,0.123867149400178,GPR
0.094286,2.6429,40.0,5,FCC,0.093386,0.033027,0.3328996620684367,0.1448598699314488,0.1369224581143723,GPR
0.105,2.6429,40.0,5,FCC,0.08597,0.026824,0.3745849046816351,0.1610305599164179,0.1504175003481171,GPR
0.115714,2.6429,40.0,5,FCC,0.078597,0.022853,0.4199627859869457,0.1781871535626104,0.1644203397994739,GPR
0.126429,2.6429,40.0,5,FCC,0.070115,0.020036,0.4696410663089002,0.1965188270301765,0.1790168005881504,GPR
0.137143,2.6429,40.0,5,FCC,0.059279,0.017906,0.5243039847391655,0.2163199951475159,0.1943066440931763,GPR
0.147857,2.6429,40.0,5,FCC,0.049196,0.016226,0.5847260058382591,0.2380301332969348,0.2104105791649196,GPR
0.158571,2.6429,40.0,5,FCC,0.042774,0.014859,0.6517299791754321,0.2622353623203156,0.2274619707900609,GPR
0.169286,2.6429,40.0,5,FCC,0.038582,0.01372,0.7261657566529944,0.2896509851261112,0.2456052424974568,GPR
0.18,2.6429,40.0,5,FCC,0.035475,0.012755,0.808840368709163,0.3210547697601771,0.2649826641710379,GPR
0.03,2.8214,40.0,5,FCC,0.214105,0.146769,0.1374801134742816,0.0632812463452137,0.0637868067677611,GPR
0.040714,2.8214,40.0,5,FCC,0.183402,0.293893,0.1649879445678289,0.0754201784422323,0.0752047928127203,GPR
0.051429,2.8214,40.0,5,FCC,0.152487,0.487599,0.1942135868811069,0.0880541207830709,0.0868989325644335,GPR
0.062143,2.8214,40.0,5,FCC,0.133412,0.150101,0.2253606054408146,0.1012346967659918,0.0988898714618153,GPR
0.072857,2.8214,40.0,5,FCC,0.120481,0.31733,0.2586631025509222,0.1150417828998232,0.1112028391470513,GPR
0.083571,2.8214,40.0,5,FCC,0.110466,0.089354,0.2943956970696346,0.1295571782350305,0.123867149400178,GPR
0.094286,2.8214,40.0,5,FCC,0.102148,0.04795,0.3328996620684367,0.1448598699314488,0.1369224581143723,GPR
0.105,2.8214,40.0,5,FCC,0.094929,0.034815,0.3745849046816351,0.1610305599164179,0.1504175003481171,GPR
0.115714,2.8214,40.0,5,FCC,0.08841,0.028105,0.4199627859869457,0.1781871535626104,0.1644203397994739,GPR
0.126429,2.8214,40.0,5,FCC,0.08222,0.023885,0.4696410663089002,0.1965188270301765,0.1790168005881504,GPR
0.137143,2.8214,40.0,5,FCC,0.07584,0.020921,0.5243039847391655,0.2163199951475159,0.1943066440931763,GPR
0.147857,2.8214,40.0,5,FCC,0.068344,0.018694,0.5847260058382591,0.2380301332969348,0.2104105791649196,GPR
0.158571,2.8214,40.0,5,FCC,0.058796,0.016944,0.6517299791754321,0.2622353623203156,0.2274619707900609,GPR
0.169286,2.8214,40.0,5,FCC,0.049554,0.015524,0.7261657566529944,0.2896509851261112,0.2456052424974568,GPR
0.18,2.8214,40.0,5,FCC,0.043338,0.014342,0.808840368709163,0.3210547697601771,0.2649826641710379,GPR
0.03,3.0,40.0,5,FCC,0.221973,0.197072,0.1374801134742816,0.0632812463452137,0.0637868067677611,GPR
0.040714,3.0,40.0,5,FCC,0.19975,0.143545,0.1649879445678289,0.0754201784422323,0.0752047928127203,GPR
0.051429,3.0,40.0,5,FCC,0.171103,0.485235,0.1942135868811069,0.0880541207830709,0.0868989325644335,GPR
0.062143,3.0,40.0,5,FCC,0.146279,0.369095,0.2253606054408146,0.1012346967659918,0.0988898714618153,GPR
0.072857,3.0,40.0,5,FCC,0.130524,0.143587,0.2586631025509222,0.1150417828998232,0.1112028391470513,GPR
0.083571,3.0,40.0,5,FCC,0.119312,0.314439,0.2943956970696346,0.1295571782350305,0.123867149400178,GPR
0.094286,3.0,40.0,5,FCC,0.110427,0.109493,0.3328996620684367,0.1448598699314488,0.1369224581143723,GPR
0.105,3.0,40.0,5,FCC,0.102957,0.053433,0.3745849046816351,0.1610305599164179,0.1504175003481171,GPR
0.115714,3.0,40.0,5,FCC,0.096441,0.037537,0.4199627859869457,0.1781871535626104,0.1644203397994739,GPR
0.126429,3.0,40.0,5,FCC,0.090582,0.029886,0.4696410663089002,0.1965188270301765,0.1790168005881504,GPR
0.137143,3.0,40.0,5,FCC,0.085141,0.025227,0.5243039847391655,0.2163199951475159,0.1943066440931763,GPR
0.147857,3.0,40.0,5,FCC,0.079854,0.022016,0.5847260058382591,0.2380301332969348,0.2104105791649196,GPR
0.158571,3.0,40.0,5,FCC,0.074329,0.019633,0.6517299791754321,0.2622353623203156,0.2274619707900609,GPR
0.169286,3.0,40.0,5,FCC,0.067868,0.017775,0.7261657566529944,0.2896509851261112,0.2456052424974568,GPR
0.18,3.0,40.0,5,FCC,0.059645,0.016275,0.808840368709163,0.3210547697601771,0.2649826641710379,GPR
0.03,0.5,10.0,10,FCC,0.4979,0.538194,0.1374801134742816,0.0632812463452137,0.0637868067677611,GPR
0.040714,0.5,10.0,10,FCC,0.47478,0.39461,0.1649879445678289,0.0754201784422323,0.0752047928127203,GPR
0.051429,0.5,10.0,10,FCC,0.446054,0.364166,0.1942135868811069,0.0880541207830709,0.0868989325644335,GPR
0.062143,0.5,10.0,10,FCC,0.424892,0.39528,0.2253606054408146,0.1012346967659918,0.0988898714618153,GPR
0.072857,0.5,10.0,10,FCC,0.402879,0.443014,0.2586631025509222,0.1150417828998232,0.1112028391470513,GPR
0.083571,0.5,10.0,10,FCC,0.381454,0.453229,0.2943956970696346,0.1295571782350305,0.123867149400178,GPR
0.094286,0.5,10.0,10,FCC,0.362303,0.417454,0.3328996620684367,0.1448598699314488,0.1369224581143723,GPR
0.105,0.5,10.0,10,FCC,0.344008,0.369845,0.3745849046816351,0.1610305599164179,0.1504175003481171,GPR
0.115714,0.5,10.0,10,FCC,0.326827,0.333448,0.4199627859869457,0.1781871535626104,0.1644203397994739,GPR
0.126429,0.5,10.0,10,FCC,0.31101,0.312899,0.4696410663089002,0.1965188270301765,0.1790168005881504,GPR
0.137143,0.5,10.0,10,FCC,0.296292,0.305223,0.5243039847391655,0.2163199951475159,0.1943066440931763,GPR
0.147857,0.5,10.0,10,FCC,0.282574,0.305003,0.5847260058382591,0.2380301332969348,0.2104105791649196,GPR
0.158571,0.5,10.0,10,FCC,0.269744,0.30617,0.6517299791754321,0.2622353623203156,0.2274619707900609,GPR
0.169286,0.5,10.0,10,FCC,0.257675,0.303877,0.7261657566529944,0.2896509851261112,0.2456052424974568,GPR
0.18,0.5,10.0,10,FCC,0.246285,0.296341,0.808840368709163,0.3210547697601771,0.2649826641710379,GPR
0.03,0.6786,10.0,10,FCC,0.52336,0.611899,0.1374801134742816,0.0632812463452137,0.0637868067677611,GPR
0.040714,0.6786,10.0,10,FCC,0.504338,0.90001,0.1649879445678289,0.0754201784422323,0.0752047928127203,GPR
0.051429,0.6786,10.0,10,FCC,0.483581,0.821408,0.1942135868811069,0.0880541207830709,0.0868989325644335,GPR
0.062143,0.6786,10.0,10,FCC,0.477989,0.595432,0.2253606054408146,0.1012346967659918,0.0988898714618153,GPR
0.072857,0.6786,10.0,10,FCC,0.480899,0.441442,0.2586631025509222,0.1150417828998232,0.1112028391470513,GPR
0.083571,0.6786,10.0,10,FCC,0.472212,0.356406,0.2943956970696346,0.1295571782350305,0.123867149400178,GPR
0.094286,0.6786,10.0,10,FCC,0.457025,0.314441,0.3328996620684367,0.1448598699314488,0.1369224581143723,GPR
0.105,0.6786,10.0,10,FCC,0.442924,0.301391,0.3745849046816351,0.1610305599164179,0.1504175003481171,GPR
0.115714,0.6786,10.0,10,FCC,0.433364,0.311413,0.4199627859869457,0.1781871535626104,0.1644203397994739,GPR
0.126429,0.6786,10.0,10,FCC,0.426659,0.342553,0.4696410663089002,0.1965188270301765,0.1790168005881504,GPR
0.137143,0.6786,10.0,10,FCC,0.418126,0.39255,0.5243039847391655,0.2163199951475159,0.1943066440931763,GPR
0.147857,0.6786,10.0,10,FCC,0.407226,0.4532,0.5847260058382591,0.2380301332969348,0.2104105791649196,GPR
0.158571,0.6786,10.0,10,FCC,0.395881,0.505802,0.6517299791754321,0.2622353623203156,0.2274619707900609,GPR
0.169286,0.6786,10.0,10,FCC,0.385534,0.527634,0.7261657566529944,0.2896509851261112,0.2456052424974568,GPR
0.18,0.6786,10.0,10,FCC,0.376401,0.510531,0.808840368709163,0.3210547697601771,0.2649826641710379,GPR
0.03,0.8571,10.0,10,FCC,0.42854,0.227705,0.1374801134742816,0.0632812463452137,0.0637868067677611,GPR
0.040714,0.8571,10.0,10,FCC,0.454574,0.297071,0.1649879445678289,0.0754201784422323,0.0752047928127203,GPR
0.051429,0.8571,10.0,10,FCC,0.487044,0.427293,0.1942135868811069,0.0880541207830709,0.0868989325644335,GPR
0.062143,0.8571,10.0,10,FCC,0.489485,0.638162,0.2253606054408146,0.1012346967659918,0.0988898714618153,GPR
0.072857,0.8571,10.0,10,FCC,0.47836,0.876797,0.2586631025509222,0.1150417828998232,0.1112028391470513,GPR
0.083571,0.8571,10.0,10,FCC,0.464963,0.96271,0.2943956970696346,0.1295571782350305,0.123867149400178,GPR
0.094286,0.8571,10.0,10,FCC,0.454411,0.840213,0.3328996620684367,0.1448598699314488,0.1369224581143723,GPR
0.105,0.8571,10.0,10,FCC,0.450665,0.659773,0.3745849046816351,0.1610305599164179,0.1504175003481171,GPR
0.115714,0.8571,10.0,10,FCC,0.455909,0.514282,0.4199627859869457,0.1781871535626104,0.1644203397994739,GPR
0.126429,0.8571,10.0,10,FCC,0.463126,0.413744,0.4696410663089002,0.1965188270301765,0.1790168005881504,GPR
0.137143,0.8571,10.0,10,FCC,0.46319,0.346847,0.5243039847391655,0.2163199951475159,0.1943066440931763,GPR
0.147857,0.8571,10.0,10,FCC,0.457044,0.302976,0.5847260058382591,0.2380301332969348,0.2104105791649196,GPR
0.158571,0.8571,10.0,10,FCC,0.448233,0.275174,0.6517299791754321,0.2622353623203156,0.2274619707900609,GPR
0.169286,0.8571,10.0,10,FCC,0.439085,0.259318,0.7261657566529944,0.2896509851261112,0.2456052424974568,GPR
0.18,0.8571,10.0,10,FCC,0.431081,0.253159,0.808840368709163,0.3210547697601771,0.2649826641710379,GPR
0.03,1.0357,10.0,10,FCC,0.402201,0.170507,0.1374801134742816,0.0632812463452137,0.0637868067677611,GPR
0.040714,1.0357,10.0,10,FCC,0.395654,0.176135,0.1649879445678289,0.0754201784422323,0.0752047928127203,GPR
0.051429,1.0357,10.0,10,FCC,0.392012,0.193016,0.1942135868811069,0.0880541207830709,0.0868989325644335,GPR
0.062143,1.0357,10.0,10,FCC,0.400811,0.224605,0.2253606054408146,0.1012346967659918,0.0988898714618153,GPR
0.072857,1.0357,10.0,10,FCC,0.427442,0.276765,0.2586631025509222,0.1150417828998232,0.1112028391470513,GPR
0.083571,1.0357,10.0,10,FCC,0.452711,0.358418,0.2943956970696346,0.1295571782350305,0.123867149400178,GPR
0.094286,1.0357,10.0,10,FCC,0.460948,0.480472,0.3328996620684367,0.1448598699314488,0.1369224581143723,GPR
0.105,1.0357,10.0,10,FCC,0.45837,0.647761,0.3745849046816351,0.1610305599164179,0.1504175003481171,GPR
0.115714,1.0357,10.0,10,FCC,0.451304,0.835922,0.4199627859869457,0.1781871535626104,0.1644203397994739,GPR
0.126429,1.0357,10.0,10,FCC,0.442912,0.969873,0.4696410663089002,0.1965188270301765,0.1790168005881504,GPR
0.137143,1.0357,10.0,10,FCC,0.434892,0.974874,0.5243039847391655,0.2163199951475159,0.1943066440931763,GPR
0.147857,1.0357,10.0,10,FCC,0.428483,0.867894,0.5847260058382591,0.2380301332969348,0.2104105791649196,GPR
0.158571,1.0357,10.0,10,FCC,0.425002,0.72386,0.6517299791754321,0.2622353623203156,0.2274619707900609,GPR
0.169286,1.0357,10.0,10,FCC,0.426006,0.59296,0.7261657566529944,0.2896509851261112,0.2456052424974568,GPR
0.18,1.0357,10.0,10,FCC,0.432253,0.489565,0.808840368709163,0.3210547697601771,0.2649826641710379,GPR
0.03,1.2143,10.0,10,FCC,0.370289,0.162727,0.1374801134742816,0.0632812463452137,0.0637868067677611,GPR
0.040714,1.2143,10.0,10,FCC,0.374861,0.155568,0.1649879445678289,0.0754201784422323,0.0752047928127203,GPR
0.051429,1.2143,10.0,10,FCC,0.37243,0.152901,0.1942135868811069,0.0880541207830709,0.0868989325644335,GPR
0.062143,1.2143,10.0,10,FCC,0.367211,0.154888,0.2253606054408146,0.1012346967659918,0.0988898714618153,GPR
0.072857,1.2143,10.0,10,FCC,0.362489,0.161958,0.2586631025509222,0.1150417828998232,0.1112028391470513,GPR
0.083571,1.2143,10.0,10,FCC,0.361397,0.174949,0.2943956970696346,0.1295571782350305,0.123867149400178,GPR
0.094286,1.2143,10.0,10,FCC,0.367675,0.195241,0.3328996620684367,0.1448598699314488,0.1369224581143723,GPR
0.105,1.2143,10.0,10,FCC,0.384671,0.224931,0.3745849046816351,0.1610305599164179,0.1504175003481171,GPR
0.115714,1.2143,10.0,10,FCC,0.40811,0.267055,0.4199627859869457,0.1781871535626104,0.1644203397994739,GPR
0.126429,1.2143,10.0,10,FCC,0.425571,0.325753,0.4696410663089002,0.1965188270301765,0.1790168005881504,GPR
0.137143,1.2143,10.0,10,FCC,0.433018,0.406109,0.5243039847391655,0.2163199951475159,0.1943066440931763,GPR
0.147857,1.2143,10.0,10,FCC,0.433677,0.512858,0.5847260058382591,0.2380301332969348,0.2104105791649196,GPR
0.158571,1.2143,10.0,10,FCC,0.430694,0.646392,0.6517299791754321,0.2622353623203156,0.2274619707900609,GPR
0.169286,1.2143,10.0,10,FCC,0.425928,0.794714,0.7261657566529944,0.2896509851261112,0.2456052424974568,GPR
0.18,1.2143,10.0,10,FCC,0.420436,0.925622,0.808840368709163,0.3210547697601771,0.2649826641710379,GPR
0.03,1.3929,10.0,10,FCC,0.321106,0.16598,0.1374801134742816,0.0632812463452137,0.0637868067677611,GPR
0.040714,1.3929,10.0,10,FCC,0.33882,0.155398,0.1649879445678289,0.0754201784422323,0.0752047928127203,GPR
0.051429,1.3929,10.0,10,FCC,0.347002,0.147346,0.1942135868811069,0.0880541207830709,0.0868989325644335,GPR
0.062143,1.3929,10.0,10,FCC,0.349141,0.141842,0.2253606054408146,0.1012346967659918,0.0988898714618153,GPR
0.072857,1.3929,10.0,10,FCC,0.34758,0.138824,0.2586631025509222,0.1150417828998232,0.1112028391470513,GPR
0.083571,1.3929,10.0,10,FCC,0.344032,0.138269,0.2943956970696346,0.1295571782350305,0.123867149400178,GPR
0.094286,1.3929,10.0,10,FCC,0.339874,0.140245,0.3328996620684367,0.1448598699314488,0.1369224581143723,GPR
0.105,1.3929,10.0,10,FCC,0.336323,0.144929,0.3745849046816351,0.1610305599164179,0.1504175003481171,GPR
0.115714,1.3929,10.0,10,FCC,0.334619,0.152641,0.4199627859869457,0.1781871535626104,0.1644203397994739,GPR
0.126429,1.3929,10.0,10,FCC,0.336243,0.163864,0.4696410663089002,0.1965188270301765,0.1790168005881504,GPR
0.137143,1.3929,10.0,10,FCC,0.343056,0.17929,0.5243039847391655,0.2163199951475159,0.1943066440931763,GPR
0.147857,1.3929,10.0,10,FCC,0.356544,0.199873,0.5847260058382591,0.2380301332969348,0.2104105791649196,GPR
0.158571,1.3929,10.0,10,FCC,0.374937,0.226897,0.6517299791754321,0.2622353623203156,0.2274619707900609,GPR
0.169286,1.3929,10.0,10,FCC,0.391994,0.262045,0.7261657566529944,0.2896509851261112,0.2456052424974568,GPR
0.18,1.3929,10.0,10,FCC,0.403127,0.307454,0.808840368709163,0.3210547697601771,0.2649826641710379,GPR
0.03,1.5714,10.0,10,FCC,0.261242,0.171162,0.1374801134742816,0.0632812463452137,0.0637868067677611,GPR
0.040714,1.5714,10.0,10,FCC,0.289066,0.160395,0.1649879445678289,0.0754201784422323,0.0752047928127203,GPR
0.051429,1.5714,10.0,10,FCC,0.307323,0.150883,0.1942135868811069,0.0880541207830709,0.0868989325644335,GPR
0.062143,1.5714,10.0,10,FCC,0.318258,0.142919,0.2253606054408146,0.1012346967659918,0.0988898714618153,GPR
0.072857,1.5714,10.0,10,FCC,0.324037,0.136545,0.2586631025509222,0.1150417828998232,0.1112028391470513,GPR
0.083571,1.5714,10.0,10,FCC,0.326225,0.131716,0.2943956970696346,0.1295571782350305,0.123867149400178,GPR
0.094286,1.5714,10.0,10,FCC,0.325941,0.128365,0.3328996620684367,0.1448598699314488,0.1369224581143723,GPR
0.105,1.5714,10.0,10,FCC,0.324032,0.126445,0.3745849046816351,0.1610305599164179,0.1504175003481171,GPR
0.115714,1.5714,10.0,10,FCC,0.321185,0.125936,0.4199627859869457,0.1781871535626104,0.1644203397994739,GPR
0.126429,1.5714,10.0,10,FCC,0.317988,0.126856,0.4696410663089002,0.1965188270301765,0.1790168005881504,GPR
0.137143,1.5714,10.0,10,FCC,0.314978,0.129265,0.5243039847391655,0.2163199951475159,0.1943066440931763,GPR
0.147857,1.5714,10.0,10,FCC,0.312683,0.133271,0.5847260058382591,0.2380301332969348,0.2104105791649196,GPR
0.158571,1.5714,10.0,10,FCC,0.311687,0.139036,0.6517299791754321,0.2622353623203156,0.2274619707900609,GPR
0.169286,1.5714,10.0,10,FCC,0.312702,0.146782,0.7261657566529944,0.2896509851261112,0.2456052424974568,GPR
0.18,1.5714,10.0,10,FCC,0.316632,0.156811,0.808840368709163,0.3210547697601771,0.2649826641710379,GPR
0.03,0.5,13.3333,10,FCC,0.398633,0.390142,0.1374801134742816,0.0632812463452137,0.0637868067677611,GPR
0.040714,0.5,13.3333,10,FCC,0.345014,0.388679,0.1649879445678289,0.0754201784422323,0.0752047928127203,GPR
0.051429,0.5,13.3333,10,FCC,0.300468,0.365171,0.1942135868811069,0.0880541207830709,0.0868989325644335,GPR
0.062143,0.5,13.3333,10,FCC,0.26327,0.317146,0.2253606054408146,0.1012346967659918,0.0988898714618153,GPR
0.072857,0.5,13.3333,10,FCC,0.232736,0.296957,0.2586631025509222,0.1150417828998232,0.1112028391470513,GPR
0.083571,0.5,13.3333,10,FCC,0.20753,0.279528,0.2943956970696346,0.1295571782350305,0.123867149400178,GPR
0.094286,0.5,13.3333,10,FCC,0.186492,0.256722,0.3328996620684367,0.1448598699314488,0.1369224581143723,GPR
0.105,0.5,13.3333,10,FCC,0.168788,0.237467,0.3745849046816351,0.1610305599164179,0.1504175003481171,GPR
0.115714,0.5,13.3333,10,FCC,0.15379,0.221546,0.4199627859869457,0.1781871535626104,0.1644203397994739,GPR
0.126429,0.5,13.3333,10,FCC,0.140987,0.205957,0.4696410663089002,0.1965188270301765,0.1790168005881504,GPR
0.137143,0.5,13.3333,10,FCC,0.129958,0.190846,0.5243039847391655,0.2163199951475159,0.1943066440931763,GPR
0.147857,0.5,13.3333,10,FCC,0.120364,0.176782,0.5847260058382591,0.2380301332969348,0.2104105791649196,GPR
0.158571,0.5,13.3333,10,FCC,0.111938,0.163527,0.6517299791754321,0.2622353623203156,0.2274619707900609,GPR
0.169286,0.5,13.3333,10,FCC,0.104475,0.150872,0.7261657566529944,0.2896509851261112,0.2456052424974568,GPR
0.18,0.5,13.3333,10,FCC,0.097818,0.138842,0.808840368709163,0.3210547697601771,0.2649826641710379,GPR
0.03,0.6786,13.3333,10,FCC,0.509404,0.460689,0.1374801134742816,0.0632812463452137,0.0637868067677611,GPR
0.040714,0.6786,13.3333,10,FCC,0.474259,0.66675,0.1649879445678289,0.0754201784422323,0.0752047928127203,GPR
0.051429,0.6786,13.3333,10,FCC,0.443634,0.503991,0.1942135868811069,0.0880541207830709,0.0868989325644335,GPR
0.062143,0.6786,13.3333,10,FCC,0.409569,0.366405,0.2253606054408146,0.1012346967659918,0.0988898714618153,GPR
0.072857,0.6786,13.3333,10,FCC,0.378574,0.340289,0.2586631025509222,0.1150417828998232,0.1112028391470513,GPR
0.083571,0.6786,13.3333,10,FCC,0.35059,0.382208,0.2943956970696346,0.1295571782350305,0.123867149400178,GPR
0.094286,0.6786,13.3333,10,FCC,0.325483,0.424918,0.3328996620684367,0.1448598699314488,0.1369224581143723,GPR
0.105,0.6786,13.3333,10,FCC,0.302499,0.399748,0.3745849046816351,0.1610305599164179,0.1504175003481171,GPR
0.115714,0.6786,13.3333,10,FCC,0.281515,0.342707,0.4199627859869457,0.1781871535626104,0.1644203397994739,GPR
0.126429,0.6786,13.3333,10,FCC,0.26263,0.303972,0.4696410663089002,0.1965188270301765,0.1790168005881504,GPR
0.137143,0.6786,13.3333,10,FCC,0.245699,0.291845,0.5243039847391655,0.2163199951475159,0.1943066440931763,GPR
0.147857,0.6786,13.3333,10,FCC,0.23046,0.296607,0.5847260058382591,0.2380301332969348,0.2104105791649196,GPR
0.158571,0.6786,13.3333,10,FCC,0.216652,0.3016,0.6517299791754321,0.2622353623203156,0.2274619707900609,GPR
0.169286,0.6786,13.3333,10,FCC,0.204055,0.293831,0.7261657566529944,0.2896509851261112,0.2456052424974568,GPR
0.18,0.6786,13.3333,10,FCC,0.192497,0.275208,0.808840368709163,0.3210547697601771,0.2649826641710379,GPR
0.03,0.8571,13.3333,10,FCC,0.524314,0.335572,0.1374801134742816,0.0632812463452137,0.0637868067677611,GPR
0.040714,0.8571,13.3333,10,FCC,0.503831,0.292224,0.1649879445678289,0.0754201784422323,0.0752047928127203,GPR
0.051429,0.8571,13.3333,10,FCC,0.503058,0.353312,0.1942135868811069,0.0880541207830709,0.0868989325644335,GPR
0.062143,0.8571,13.3333,10,FCC,0.489038,0.535277,0.2253606054408146,0.1012346967659918,0.0988898714618153,GPR
0.072857,0.8571,13.3333,10,FCC,0.468524,0.72916,0.2586631025509222,0.1150417828998232,0.1112028391470513,GPR
0.083571,0.8571,13.3333,10,FCC,0.454754,0.643043,0.2943956970696346,0.1295571782350305,0.123867149400178,GPR
0.094286,0.8571,13.3333,10,FCC,0.435687,0.462273,0.3328996620684367,0.1448598699314488,0.1369224581143723,GPR
0.105,0.8571,13.3333,10,FCC,0.414762,0.352535,0.3745849046816351,0.1610305599164179,0.1504175003481171,GPR
0.115714,0.8571,13.3333,10,FCC,0.395834,0.305155,0.4199627859869457,0.1781871535626104,0.1644203397994739,GPR
0.126429,0.8571,13.3333,10,FCC,0.376443,0.30089,0.4696410663089002,0.1965188270301765,0.1790168005881504,GPR
0.137143,0.8571,13.3333,10,FCC,0.358528,0.332031,0.5243039847391655,0.2163199951475159,0.1943066440931763,GPR
0.147857,0.8571,13.3333,10,FCC,0.342234,0.391365,0.5847260058382591,0.2380301332969348,0.2104105791649196,GPR
0.158571,0.8571,13.3333,10,FCC,0.326957,0.452478,0.6517299791754321,0.2622353623203156,0.2274619707900609,GPR
0.169286,0.8571,13.3333,10,FCC,0.312561,0.469271,0.7261657566529944,0.2896509851261112,0.2456052424974568,GPR
0.18,0.8571,13.3333,10,FCC,0.298844,0.429738,0.808840368709163,0.3210547697601771,0.2649826641710379,GPR
0.03,1.0357,13.3333,10,FCC,0.460637,0.699612,0.1374801134742816,0.0632812463452137,0.0637868067677611,GPR
0.040714,1.0357,13.3333,10,FCC,0.499199,0.417897,0.1649879445678289,0.0754201784422323,0.0752047928127203,GPR
0.051429,1.0357,13.3333,10,FCC,0.503092,0.300001,0.1942135868811069,0.0880541207830709,0.0868989325644335,GPR
0.062143,1.0357,13.3333,10,FCC,0.489083,0.258511,0.2253606054408146,0.1012346967659918,0.0988898714618153,GPR
0.072857,1.0357,13.3333,10,FCC,0.481995,0.26321,0.2586631025509222,0.1150417828998232,0.1112028391470513,GPR
0.083571,1.0357,13.3333,10,FCC,0.488601,0.313916,0.2943956970696346,0.1295571782350305,0.123867149400178,GPR
0.094286,1.0357,13.3333,10,FCC,0.483635,0.428069,0.3328996620684367,0.1448598699314488,0.1369224581143723,GPR
0.105,1.0357,13.3333,10,FCC,0.469925,0.615977,0.3745849046816351,0.1610305599164179,0.1504175003481171,GPR
0.115714,1.0357,13.3333,10,FCC,0.457773,0.781779,0.4199627859869457,0.1781871535626104,0.1644203397994739,GPR
0.126429,1.0357,13.3333,10,FCC,0.451243,0.745801,0.4696410663089002,0.1965188270301765,0.1790168005881504,GPR
0.137143,1.0357,13.3333,10,FCC,0.442996,0.581512,0.5243039847391655,0.2163199951475159,0.1943066440931763,GPR
0.147857,1.0357,13.3333,10,FCC,0.429784,0.438914,0.5847260058382591,0.2380301332969348,0.2104105791649196,GPR
0.158571,1.0357,13.3333,10,FCC,0.415699,0.347725,0.6517299791754321,0.2622353623203156,0.2274619707900609,GPR
0.169286,1.0357,13.3333,10,FCC,0.403278,0.295321,0.7261657566529944,0.2896509851261112,0.2456052424974568,GPR
0.18,1.0357,13.3333,10,FCC,0.391067,0.269539,0.808840368709163,0.3210547697601771,0.2649826641710379,GPR
0.03,1.2143,13.3333,10,FCC,0.432215,0.860034,0.1374801134742816,0.0632812463452137,0.0637868067677611,GPR
0.040714,1.2143,13.3333,10,FCC,0.429632,0.890565,0.1649879445678289,0.0754201784422323,0.0752047928127203,GPR
0.051429,1.2143,13.3333,10,FCC,0.43925,0.59783,0.1942135868811069,0.0880541207830709,0.0868989325644335,GPR
0.062143,1.2143,13.3333,10,FCC,0.472764,0.402442,0.2253606054408146,0.1012346967659918,0.0988898714618153,GPR
0.072857,1.2143,13.3333,10,FCC,0.484573,0.301394,0.2586631025509222,0.1150417828998232,0.1112028391470513,GPR
0.083571,1.2143,13.3333,10,FCC,0.477976,0.250665,0.2943956970696346,0.1295571782350305,0.123867149400178,GPR
0.094286,1.2143,13.3333,10,FCC,0.468162,0.229188,0.3328996620684367,0.1448598699314488,0.1369224581143723,GPR
0.105,1.2143,13.3333,10,FCC,0.462547,0.229205,0.3745849046816351,0.1610305599164179,0.1504175003481171,GPR
0.115714,1.2143,13.3333,10,FCC,0.467497,0.250304,0.4199627859869457,0.1781871535626104,0.1644203397994739,GPR
0.126429,1.2143,13.3333,10,FCC,0.474694,0.297791,0.4696410663089002,0.1965188270301765,0.1790168005881504,GPR
0.137143,1.2143,13.3333,10,FCC,0.471328,0.382576,0.5243039847391655,0.2163199951475159,0.1943066440931763,GPR
0.147857,1.2143,13.3333,10,FCC,0.462355,0.517253,0.5847260058382591,0.2380301332969348,0.2104105791649196,GPR
0.158571,1.2143,13.3333,10,FCC,0.452715,0.692573,0.6517299791754321,0.2622353623203156,0.2274619707900609,GPR
0.169286,1.2143,13.3333,10,FCC,0.445523,0.828376,0.7261657566529944,0.2896509851261112,0.2456052424974568,GPR
0.18,1.2143,13.3333,10,FCC,0.442516,0.816222,0.808840368709163,0.3210547697601771,0.2649826641710379,GPR
0.03,1.3929,13.3333,10,FCC,0.399468,0.376719,0.1374801134742816,0.0632812463452137,0.0637868067677611,GPR
0.040714,1.3929,13.3333,10,FCC,0.408992,0.653051,0.1649879445678289,0.0754201784422323,0.0752047928127203,GPR
0.051429,1.3929,13.3333,10,FCC,0.407734,0.917098,0.1942135868811069,0.0880541207830709,0.0868989325644335,GPR
0.062143,1.3929,13.3333,10,FCC,0.405906,0.843964,0.2253606054408146,0.1012346967659918,0.0988898714618153,GPR
0.072857,1.3929,13.3333,10,FCC,0.411717,0.611368,0.2586631025509222,0.1150417828998232,0.1112028391470513,GPR
0.083571,1.3929,13.3333,10,FCC,0.435518,0.437261,0.2943956970696346,0.1295571782350305,0.123867149400178,GPR
0.094286,1.3929,13.3333,10,FCC,0.459483,0.331823,0.3328996620684367,0.1448598699314488,0.1369224581143723,GPR
0.105,1.3929,13.3333,10,FCC,0.464162,0.269221,0.3745849046816351,0.1610305599164179,0.1504175003481171,GPR
0.115714,1.3929,13.3333,10,FCC,0.459626,0.232284,0.4199627859869457,0.1781871535626104,0.1644203397994739,GPR
0.126429,1.3929,13.3333,10,FCC,0.452587,0.211999,0.4696410663089002,0.1965188270301765,0.1790168005881504,GPR
0.137143,1.3929,13.3333,10,FCC,0.446338,0.204042,0.5243039847391655,0.2163199951475159,0.1943066440931763,GPR
0.147857,1.3929,13.3333,10,FCC,0.443898,0.206857,0.5847260058382591,0.2380301332969348,0.2104105791649196,GPR
0.158571,1.3929,13.3333,10,FCC,0.448786,0.22087,0.6517299791754321,0.2622353623203156,0.2274619707900609,GPR
0.169286,1.3929,13.3333,10,FCC,0.457917,0.248364,0.7261657566529944,0.2896509851261112,0.2456052424974568,GPR
0.18,1.3929,13.3333,10,FCC,0.460785,0.293756,0.808840368709163,0.3210547697601771,0.2649826641710379,GPR
0.03,1.5714,13.3333,10,FCC,0.327428,0.199835,0.1374801134742816,0.0632812463452137,0.0637868067677611,GPR
0.040714,1.5714,13.3333,10,FCC,0.369866,0.292434,0.1649879445678289,0.0754201784422323,0.0752047928127203,GPR
0.051429,1.5714,13.3333,10,FCC,0.385076,0.454208,0.1942135868811069,0.0880541207830709,0.0868989325644335,GPR
0.062143,1.5714,13.3333,10,FCC,0.387719,0.692641,0.2253606054408146,0.1012346967659918,0.0988898714618153,GPR
0.072857,1.5714,13.3333,10,FCC,0.386203,0.890393,0.2586631025509222,0.1150417828998232,0.1112028391470513,GPR
0.083571,1.5714,13.3333,10,FCC,0.384453,0.861513,0.2943956970696346,0.1295571782350305,0.123867149400178,GPR
0.094286,1.5714,13.3333,10,FCC,0.385875,0.6829,0.3328996620684367,0.1448598699314488,0.1369224581143723,GPR
0.105,1.5714,13.3333,10,FCC,0.39585,0.513328,0.3745849046816351,0.1610305599164179,0.1504175003481171,GPR
0.115714,1.5714,13.3333,10,FCC,0.418517,0.393969,0.4199627859869457,0.1781871535626104,0.1644203397994739,GPR
0.126429,1.5714,13.3333,10,FCC,0.438584,0.315191,0.4696410663089002,0.1965188270301765,0.1790168005881504,GPR
0.137143,1.5714,13.3333,10,FCC,0.445105,0.2633,0.5243039847391655,0.2163199951475159,0.1943066440931763,GPR
0.147857,1.5714,13.3333,10,FCC,0.443871,0.228957,0.5847260058382591,0.2380301332969348,0.2104105791649196,GPR
0.158571,1.5714,13.3333,10,FCC,0.439504,0.206561,0.6517299791754321,0.2622353623203156,0.2274619707900609,GPR
0.169286,1.5714,13.3333,10,FCC,0.434248,0.192876,0.7261657566529944,0.2896509851261112,0.2456052424974568,GPR
0.18,1.5714,13.3333,10,FCC,0.429478,0.186134,0.808840368709163,0.3210547697601771,0.2649826641710379,GPR
0.03,1.75,13.3333,10,FCC,0.266972,0.1378,0.1374801134742816,0.0632812463452137,0.0637868067677611,GPR
0.040714,1.75,13.3333,10,FCC,0.296788,0.171486,0.1649879445678289,0.0754201784422323,0.0752047928127203,GPR
0.051429,1.75,13.3333,10,FCC,0.335955,0.226816,0.1942135868811069,0.0880541207830709,0.0868989325644335,GPR
0.062143,1.75,13.3333,10,FCC,0.358446,0.316337,0.2253606054408146,0.1012346967659918,0.0988898714618153,GPR
0.072857,1.75,13.3333,10,FCC,0.366539,0.455559,0.2586631025509222,0.1150417828998232,0.1112028391470513,GPR
0.083571,1.75,13.3333,10,FCC,0.368158,0.64579,0.2943956970696346,0.1295571782350305,0.123867149400178,GPR
0.094286,1.75,13.3333,10,FCC,0.36716,0.827149,0.3328996620684367,0.1448598699314488,0.1369224581143723,GPR
0.105,1.75,13.3333,10,FCC,0.365548,0.879772,0.3745849046816351,0.1610305599164179,0.1504175003481171,GPR
0.115714,1.75,13.3333,10,FCC,0.364855,0.780433,0.4199627859869457,0.1781871535626104,0.1644203397994739,GPR
0.126429,1.75,13.3333,10,FCC,0.367022,0.627956,0.4696410663089002,0.1965188270301765,0.1790168005881504,GPR
0.137143,1.75,13.3333,10,FCC,0.375275,0.494163,0.5243039847391655,0.2163199951475159,0.1943066440931763,GPR
0.147857,1.75,13.3333,10,FCC,0.39279,0.394669,0.5847260058382591,0.2380301332969348,0.2104105791649196,GPR
0.158571,1.75,13.3333,10,FCC,0.412926,0.323948,0.6517299791754321,0.2622353623203156,0.2274619707900609,GPR
0.169286,1.75,13.3333,10,FCC,0.424301,0.273877,0.7261657566529944,0.2896509851261112,0.2456052424974568,GPR
0.18,1.75,13.3333,10,FCC,0.42753,0.238186,0.808840368709163,0.3210547697601771,0.2649826641710379,GPR
0.03,1.9286,13.3333,10,FCC,0.239324,0.111065,0.1374801134742816,0.0632812463452137,0.0637868067677611,GPR
0.040714,1.9286,13.3333,10,FCC,0.249884,0.125034,0.1649879445678289,0.0754201784422323,0.0752047928127203,GPR
0.051429,1.9286,13.3333,10,FCC,0.268331,0.146864,0.1942135868811069,0.0880541207830709,0.0868989325644335,GPR
0.062143,1.9286,13.3333,10,FCC,0.298565,0.180098,0.2253606054408146,0.1012346967659918,0.0988898714618153,GPR
0.072857,1.9286,13.3333,10,FCC,0.326788,0.230106,0.2586631025509222,0.1150417828998232,0.1112028391470513,GPR
0.083571,1.9286,13.3333,10,FCC,0.342035,0.304595,0.2943956970696346,0.1295571782350305,0.123867149400178,GPR
0.094286,1.9286,13.3333,10,FCC,0.348384,0.412631,0.3328996620684367,0.1448598699314488,0.1369224581143723,GPR
0.105,1.9286,13.3333,10,FCC,0.350252,0.557955,0.3745849046816351,0.1610305599164179,0.1504175003481171,GPR
0.115714,1.9286,13.3333,10,FCC,0.349969,0.720326,0.4199627859869457,0.1781871535626104,0.1644203397994739,GPR
0.126429,1.9286,13.3333,10,FCC,0.348801,0.837919,0.4696410663089002,0.1965188270301765,0.1790168005881504,GPR
0.137143,1.9286,13.3333,10,FCC,0.347596,0.846784,0.5243039847391655,0.2163199951475159,0.1943066440931763,GPR
0.147857,1.9286,13.3333,10,FCC,0.347148,0.757118,0.5847260058382591,0.2380301332969348,0.2104105791649196,GPR
0.158571,1.9286,13.3333,10,FCC,0.348497,0.631614,0.6517299791754321,0.2622353623203156,0.2274619707900609,GPR
0.169286,1.9286,13.3333,10,FCC,0.353321,0.515353,0.7261657566529944,0.2896509851261112,0.2456052424974568,GPR
0.18,1.9286,13.3333,10,FCC,0.364033,0.422482,0.808840368709163,0.3210547697601771,0.2649826641710379,GPR
0.03,2.1071,13.3333,10,FCC,0.220505,0.097689,0.1374801134742816,0.0632812463452137,0.0637868067677611,GPR
0.040714,2.1071,13.3333,10,FCC,0.227082,0.10369,0.1649879445678289,0.0754201784422323,0.0752047928127203,GPR
0.051429,2.1071,13.3333,10,FCC,0.234173,0.113155,0.1942135868811069,0.0880541207830709,0.0868989325644335,GPR
0.062143,2.1071,13.3333,10,FCC,0.245082,0.127235,0.2253606054408146,0.1012346967659918,0.0988898714618153,GPR
0.072857,2.1071,13.3333,10,FCC,0.263864,0.147543,0.2586631025509222,0.1150417828998232,0.1112028391470513,GPR
0.083571,2.1071,13.3333,10,FCC,0.289703,0.176399,0.2943956970696346,0.1295571782350305,0.123867149400178,GPR
0.094286,2.1071,13.3333,10,FCC,0.311761,0.217118,0.3328996620684367,0.1448598699314488,0.1369224581143723,GPR
0.105,2.1071,13.3333,10,FCC,0.324634,0.274229,0.3745849046816351,0.1610305599164179,0.1504175003481171,GPR
0.115714,2.1071,13.3333,10,FCC,0.330916,0.3532,0.4199627859869457,0.1781871535626104,0.1644203397994739,GPR
0.126429,2.1071,13.3333,10,FCC,0.333488,0.458451,0.4696410663089002,0.1965188270301765,0.1790168005881504,GPR
0.137143,2.1071,13.3333,10,FCC,0.334041,0.587341,0.5243039847391655,0.2163199951475159,0.1943066440931763,GPR
0.147857,2.1071,13.3333,10,FCC,0.333536,0.719489,0.5847260058382591,0.2380301332969348,0.2104105791649196,GPR
0.158571,2.1071,13.3333,10,FCC,0.332573,0.812737,0.6517299791754321,0.2622353623203156,0.2274619707900609,GPR
0.169286,2.1071,13.3333,10,FCC,0.3316,0.828216,0.7261657566529944,0.2896509851261112,0.2456052424974568,GPR
0.18,2.1071,13.3333,10,FCC,0.331045,0.767801,0.808840368709163,0.3210547697601771,0.2649826641710379,GPR
0.03,0.5,16.6667,10,FCC,0.239828,0.328627,0.1374801134742816,0.0632812463452137,0.0637868067677611,GPR
0.040714,0.5,16.6667,10,FCC,0.189095,0.272937,0.1649879445678289,0.0754201784422323,0.0752047928127203,GPR
0.051429,0.5,16.6667,10,FCC,0.154561,0.228504,0.1942135868811069,0.0880541207830709,0.0868989325644335,GPR
0.062143,0.5,16.6667,10,FCC,0.129798,0.189416,0.2253606054408146,0.1012346967659918,0.0988898714618153,GPR
0.072857,0.5,16.6667,10,FCC,0.111108,0.154465,0.2586631025509222,0.1150417828998232,0.1112028391470513,GPR
0.083571,0.5,16.6667,10,FCC,0.096528,0.124601,0.2943956970696346,0.1295571782350305,0.123867149400178,GPR
0.094286,0.5,16.6667,10,FCC,0.084904,0.100993,0.3328996620684367,0.1448598699314488,0.1369224581143723,GPR
0.105,0.5,16.6667,10,FCC,0.075459,0.083531,0.3745849046816351,0.1610305599164179,0.1504175003481171,GPR
0.115714,0.5,16.6667,10,FCC,0.067651,0.07084,0.4199627859869457,0.1781871535626104,0.1644203397994739,GPR
0.126429,0.5,16.6667,10,FCC,0.061102,0.061445,0.4696410663089002,0.1965188270301765,0.1790168005881504,GPR
0.137143,0.5,16.6667,10,FCC,0.055542,0.054281,0.5243039847391655,0.2163199951475159,0.1943066440931763,GPR
0.147857,0.5,16.6667,10,FCC,0.050777,0.048653,0.5847260058382591,0.2380301332969348,0.2104105791649196,GPR
0.158571,0.5,16.6667,10,FCC,0.046657,0.044116,0.6517299791754321,0.2622353623203156,0.2274619707900609,GPR
0.169286,0.5,16.6667,10,FCC,0.043068,0.040379,0.7261657566529944,0.2896509851261112,0.2456052424974568,GPR
0.18,0.5,16.6667,10,FCC,0.039921,0.037245,0.808840368709163,0.3210547697601771,0.2649826641710379,GPR
0.03,0.6786,16.6667,10,FCC,0.386906,0.516566,0.1374801134742816,0.0632812463452137,0.0637868067677611,GPR
0.040714,0.6786,16.6667,10,FCC,0.326508,0.38099,0.1649879445678289,0.0754201784422323,0.0752047928127203,GPR
0.051429,0.6786,16.6667,10,FCC,0.279111,0.353833,0.1942135868811069,0.0880541207830709,0.0868989325644335,GPR
0.062143,0.6786,16.6667,10,FCC,0.241616,0.350787,0.2253606054408146,0.1012346967659918,0.0988898714618153,GPR
0.072857,0.6786,16.6667,10,FCC,0.210925,0.295047,0.2586631025509222,0.1150417828998232,0.1112028391470513,GPR
0.083571,0.6786,16.6667,10,FCC,0.185653,0.278293,0.2943956970696346,0.1295571782350305,0.123867149400178,GPR
0.094286,0.6786,16.6667,10,FCC,0.165111,0.256663,0.3328996620684367,0.1448598699314488,0.1369224581143723,GPR
0.105,0.6786,16.6667,10,FCC,0.148417,0.229135,0.3745849046816351,0.1610305599164179,0.1504175003481171,GPR
0.115714,0.6786,16.6667,10,FCC,0.134603,0.209201,0.4199627859869457,0.1781871535626104,0.1644203397994739,GPR
0.126429,0.6786,16.6667,10,FCC,0.122895,0.18826,0.4696410663089002,0.1965188270301765,0.1790168005881504,GPR
0.137143,0.6786,16.6667,10,FCC,0.112753,0.167467,0.5243039847391655,0.2163199951475159,0.1943066440931763,GPR
0.147857,0.6786,16.6667,10,FCC,0.103831,0.147875,0.5847260058382591,0.2380301332969348,0.2104105791649196,GPR
0.158571,0.6786,16.6667,10,FCC,0.09592,0.129007,0.6517299791754321,0.2622353623203156,0.2274619707900609,GPR
0.169286,0.6786,16.6667,10,FCC,0.08889,0.111544,0.7261657566529944,0.2896509851261112,0.2456052424974568,GPR
0.18,0.6786,16.6667,10,FCC,0.082644,0.096169,0.808840368709163,0.3210547697601771,0.2649826641710379,GPR
0.03,0.8571,16.6667,10,FCC,0.489779,0.433486,0.1374801134742816,0.0632812463452137,0.0637868067677611,GPR
0.040714,0.8571,16.6667,10,FCC,0.440918,0.344287,0.1649879445678289,0.0754201784422323,0.0752047928127203,GPR
0.051429,0.8571,16.6667,10,FCC,0.396124,0.505515,0.1942135868811069,0.0880541207830709,0.0868989325644335,GPR
0.062143,0.8571,16.6667,10,FCC,0.356841,0.519332,0.2253606054408146,0.1012346967659918,0.0988898714618153,GPR
0.072857,0.8571,16.6667,10,FCC,0.321879,0.35881,0.2586631025509222,0.1150417828998232,0.1112028391470513,GPR
0.083571,0.8571,16.6667,10,FCC,0.292067,0.31981,0.2943956970696346,0.1295571782350305,0.123867149400178,GPR
0.094286,0.8571,16.6667,10,FCC,0.266537,0.367088,0.3328996620684367,0.1448598699314488,0.1369224581143723,GPR
0.105,0.8571,16.6667,10,FCC,0.244222,0.383918,0.3745849046816351,0.1610305599164179,0.1504175003481171,GPR
0.115714,0.8571,16.6667,10,FCC,0.224294,0.323688,0.4199627859869457,0.1781871535626104,0.1644203397994739,GPR
0.126429,0.8571,16.6667,10,FCC,0.206241,0.280374,0.4696410663089002,0.1965188270301765,0.1790168005881504,GPR
0.137143,0.8571,16.6667,10,FCC,0.189907,0.276477,0.5243039847391655,0.2163199951475159,0.1943066440931763,GPR
0.147857,0.8571,16.6667,10,FCC,0.175381,0.282981,0.5847260058382591,0.2380301332969348,0.2104105791649196,GPR
0.158571,0.8571,16.6667,10,FCC,0.162703,0.267543,0.6517299791754321,0.2622353623203156,0.2274619707900609,GPR
0.169286,0.8571,16.6667,10,FCC,0.151719,0.240718,0.7261657566529944,0.2896509851261112,0.2456052424974568,GPR
0.18,0.8571,16.6667,10,FCC,0.142156,0.223364,0.808840368709163,0.3210547697601771,0.2649826641710379,GPR
0.03,1.0357,16.6667,10,FCC,0.520607,0.757606,0.1374801134742816,0.0632812463452137,0.0637868067677611,GPR
0.040714,1.0357,16.6667,10,FCC,0.509156,0.711598,0.1649879445678289,0.0754201784422323,0.0752047928127203,GPR
0.051429,1.0357,16.6667,10,FCC,0.477884,0.381897,0.1942135868811069,0.0880541207830709,0.0868989325644335,GPR
0.062143,1.0357,16.6667,10,FCC,0.44766,0.301981,0.2253606054408146,0.1012346967659918,0.0988898714618153,GPR
0.072857,1.0357,16.6667,10,FCC,0.41499,0.358332,0.2586631025509222,0.1150417828998232,0.1112028391470513,GPR
0.083571,1.0357,16.6667,10,FCC,0.386883,0.536638,0.2943956970696346,0.1295571782350305,0.123867149400178,GPR
0.094286,1.0357,16.6667,10,FCC,0.361045,0.601268,0.3328996620684367,0.1448598699314488,0.1369224581143723,GPR
0.105,1.0357,16.6667,10,FCC,0.336633,0.439628,0.3745849046816351,0.1610305599164179,0.1504175003481171,GPR
0.115714,1.0357,16.6667,10,FCC,0.314455,0.325263,0.4199627859869457,0.1781871535626104,0.1644203397994739,GPR
0.126429,1.0357,16.6667,10,FCC,0.294642,0.291003,0.4696410663089002,0.1965188270301765,0.1790168005881504,GPR
0.137143,1.0357,16.6667,10,FCC,0.276877,0.316424,0.5243039847391655,0.2163199951475159,0.1943066440931763,GPR
0.147857,1.0357,16.6667,10,FCC,0.260796,0.381271,0.5847260058382591,0.2380301332969348,0.2104105791649196,GPR
0.158571,1.0357,16.6667,10,FCC,0.246072,0.41905,0.6517299791754321,0.2622353623203156,0.2274619707900609,GPR
0.169286,1.0357,16.6667,10,FCC,0.23242,0.376587,0.7261657566529944,0.2896509851261112,0.2456052424974568,GPR
0.18,1.0357,16.6667,10,FCC,0.219604,0.310984,0.808840368709163,0.3210547697601771,0.2649826641710379,GPR
0.03,1.2143,16.6667,10,FCC,0.503296,0.26786,0.1374801134742816,0.0632812463452137,0.0637868067677611,GPR
0.040714,1.2143,16.6667,10,FCC,0.515918,0.473032,0.1649879445678289,0.0754201784422323,0.0752047928127203,GPR
0.051429,1.2143,16.6667,10,FCC,0.499424,0.902779,0.1942135868811069,0.0880541207830709,0.0868989325644335,GPR
0.062143,1.2143,16.6667,10,FCC,0.498057,0.718306,0.2253606054408146,0.1012346967659918,0.0988898714618153,GPR
0.072857,1.2143,16.6667,10,FCC,0.477548,0.416574,0.2586631025509222,0.1150417828998232,0.1112028391470513,GPR
0.083571,1.2143,16.6667,10,FCC,0.457651,0.298017,0.2943956970696346,0.1295571782350305,0.123867149400178,GPR
0.094286,1.2143,16.6667,10,FCC,0.43525,0.272049,0.3328996620684367,0.1448598699314488,0.1369224581143723,GPR
0.105,1.2143,16.6667,10,FCC,0.4119,0.312824,0.3745849046816351,0.1610305599164179,0.1504175003481171,GPR
0.115714,1.2143,16.6667,10,FCC,0.392046,0.434253,0.4199627859869457,0.1781871535626104,0.1644203397994739,GPR
0.126429,1.2143,16.6667,10,FCC,0.3733,0.613219,0.4696410663089002,0.1965188270301765,0.1790168005881504,GPR
0.137143,1.2143,16.6667,10,FCC,0.355495,0.643511,0.5243039847391655,0.2163199951475159,0.1943066440931763,GPR
0.147857,1.2143,16.6667,10,FCC,0.338186,0.493234,0.5847260058382591,0.2380301332969348,0.2104105791649196,GPR
0.158571,1.2143,16.6667,10,FCC,0.321891,0.36162,0.6517299791754321,0.2622353623203156,0.2274619707900609,GPR
0.169286,1.2143,16.6667,10,FCC,0.306847,0.291483,0.7261657566529944,0.2896509851261112,0.2456052424974568,GPR
0.18,1.2143,16.6667,10,FCC,0.293,0.266553,0.808840368709163,0.3210547697601771,0.2649826641710379,GPR
0.03,1.3929,16.6667,10,FCC,0.470571,0.229198,0.1374801134742816,0.0632812463452137,0.0637868067677611,GPR
0.040714,1.3929,16.6667,10,FCC,0.471436,0.224962,0.1649879445678289,0.0754201784422323,0.0752047928127203,GPR
0.051429,1.3929,16.6667,10,FCC,0.500384,0.296978,0.1942135868811069,0.0880541207830709,0.0868989325644335,GPR
0.062143,1.3929,16.6667,10,FCC,0.49642,0.511468,0.2253606054408146,0.1012346967659918,0.0988898714618153,GPR
0.072857,1.3929,16.6667,10,FCC,0.48434,0.888831,0.2586631025509222,0.1150417828998232,0.1112028391470513,GPR
0.083571,1.3929,16.6667,10,FCC,0.486627,0.858084,0.2943956970696346,0.1295571782350305,0.123867149400178,GPR
0.094286,1.3929,16.6667,10,FCC,0.479754,0.541047,0.3328996620684367,0.1448598699314488,0.1369224581143723,GPR
0.105,1.3929,16.6667,10,FCC,0.462796,0.358858,0.3745849046816351,0.1610305599164179,0.1504175003481171,GPR
0.115714,1.3929,16.6667,10,FCC,0.44984,0.276902,0.4199627859869457,0.1781871535626104,0.1644203397994739,GPR
0.126429,1.3929,16.6667,10,FCC,0.435342,0.24791,0.4696410663089002,0.1965188270301765,0.1790168005881504,GPR
0.137143,1.3929,16.6667,10,FCC,0.41634,0.255928,0.5243039847391655,0.2163199951475159,0.1943066440931763,GPR
0.147857,1.3929,16.6667,10,FCC,0.400796,0.30328,0.5847260058382591,0.2380301332969348,0.2104105791649196,GPR
0.158571,1.3929,16.6667,10,FCC,0.386435,0.404515,0.6517299791754321,0.2622353623203156,0.2274619707900609,GPR
0.169286,1.3929,16.6667,10,FCC,0.372557,0.564694,0.7261657566529944,0.2896509851261112,0.2456052424974568,GPR
0.18,1.3929,16.6667,10,FCC,0.359596,0.697215,0.808840368709163,0.3210547697601771,0.2649826641710379,GPR
0.03,1.5714,16.6667,10,FCC,0.442543,0.299198,0.1374801134742816,0.0632812463452137,0.0637868067677611,GPR
0.040714,1.5714,16.6667,10,FCC,0.452182,0.223041,0.1649879445678289,0.0754201784422323,0.0752047928127203,GPR
0.051429,1.5714,16.6667,10,FCC,0.4491,0.201571,0.1942135868811069,0.0880541207830709,0.0868989325644335,GPR
0.062143,1.5714,16.6667,10,FCC,0.460452,0.218998,0.2253606054408146,0.1012346967659918,0.0988898714618153,GPR
0.072857,1.5714,16.6667,10,FCC,0.484875,0.286699,0.2586631025509222,0.1150417828998232,0.1112028391470513,GPR
0.083571,1.5714,16.6667,10,FCC,0.481857,0.446322,0.2943956970696346,0.1295571782350305,0.123867149400178,GPR
0.094286,1.5714,16.6667,10,FCC,0.471982,0.747849,0.3328996620684367,0.1448598699314488,0.1369224581143723,GPR
0.105,1.5714,16.6667,10,FCC,0.468687,0.977039,0.3745849046816351,0.1610305599164179,0.1504175003481171,GPR
0.115714,1.5714,16.6667,10,FCC,0.474753,0.785898,0.4199627859869457,0.1781871535626104,0.1644203397994739,GPR
0.126429,1.5714,16.6667,10,FCC,0.468495,0.522783,0.4696410663089002,0.1965188270301765,0.1790168005881504,GPR
0.137143,1.5714,16.6667,10,FCC,0.455799,0.365692,0.5243039847391655,0.2163199951475159,0.1943066440931763,GPR
0.147857,1.5714,16.6667,10,FCC,0.444753,0.282814,0.5847260058382591,0.2380301332969348,0.2104105791649196,GPR
0.158571,1.5714,16.6667,10,FCC,0.437488,0.241424,0.6517299791754321,0.2622353623203156,0.2274619707900609,GPR
0.169286,1.5714,16.6667,10,FCC,0.425236,0.226149,0.7261657566529944,0.2896509851261112,0.2456052424974568,GPR
0.18,1.5714,16.6667,10,FCC,0.410297,0.231879,0.808840368709163,0.3210547697601771,0.2649826641710379,GPR
0.03,1.75,16.6667,10,FCC,0.364908,0.460001,0.1374801134742816,0.0632812463452137,0.0637868067677611,GPR
0.040714,1.75,16.6667,10,FCC,0.418655,0.301481,0.1649879445678289,0.0754201784422323,0.0752047928127203,GPR
0.051429,1.75,16.6667,10,FCC,0.433846,0.226355,0.1942135868811069,0.0880541207830709,0.0868989325644335,GPR
0.062143,1.75,16.6667,10,FCC,0.432534,0.193729,0.2253606054408146,0.1012346967659918,0.0988898714618153,GPR
0.072857,1.75,16.6667,10,FCC,0.431139,0.187203,0.2586631025509222,0.1150417828998232,0.1112028391470513,GPR
0.083571,1.75,16.6667,10,FCC,0.443771,0.204049,0.2943956970696346,0.1295571782350305,0.123867149400178,GPR
0.094286,1.75,16.6667,10,FCC,0.46707,0.251595,0.3328996620684367,0.1448598699314488,0.1369224581143723,GPR
0.105,1.75,16.6667,10,FCC,0.469046,0.35033,0.3745849046816351,0.1610305599164179,0.1504175003481171,GPR
0.115714,1.75,16.6667,10,FCC,0.462161,0.537308,0.4199627859869457,0.1781871535626104,0.1644203397994739,GPR
0.126429,1.75,16.6667,10,FCC,0.455174,0.820013,0.4696410663089002,0.1965188270301765,0.1790168005881504,GPR
0.137143,1.75,16.6667,10,FCC,0.454719,0.988756,0.5243039847391655,0.2163199951475159,0.1943066440931763,GPR
0.147857,1.75,16.6667,10,FCC,0.462084,0.830807,0.5847260058382591,0.2380301332969348,0.2104105791649196,GPR
0.158571,1.75,16.6667,10,FCC,0.460585,0.58814,0.6517299791754321,0.2622353623203156,0.2274619707900609,GPR
0.169286,1.75,16.6667,10,FCC,0.451995,0.419692,0.7261657566529944,0.2896509851261112,0.2456052424974568,GPR
0.18,1.75,16.6667,10,FCC,0.442027,0.319346,0.808840368709163,0.3210547697601771,0.2649826641710379,GPR
0.03,1.9286,16.6667,10,FCC,0.324921,0.659285,0.1374801134742816,0.0632812463452137,0.0637868067677611,GPR
0.040714,1.9286,16.6667,10,FCC,0.344523,0.461554,0.1649879445678289,0.0754201784422323,0.0752047928127203,GPR
0.051429,1.9286,16.6667,10,FCC,0.389572,0.317513,0.1942135868811069,0.0880541207830709,0.0868989325644335,GPR
0.062143,1.9286,16.6667,10,FCC,0.413739,0.238976,0.2253606054408146,0.1012346967659918,0.0988898714618153,GPR
0.072857,1.9286,16.6667,10,FCC,0.417016,0.197606,0.2586631025509222,0.1150417828998232,0.1112028391470513,GPR
0.083571,1.9286,16.6667,10,FCC,0.414963,0.178089,0.2943956970696346,0.1295571782350305,0.123867149400178,GPR
0.094286,1.9286,16.6667,10,FCC,0.414118,0.174194,0.3328996620684367,0.1448598699314488,0.1369224581143723,GPR
0.105,1.9286,16.6667,10,FCC,0.422559,0.184921,0.3745849046816351,0.1610305599164179,0.1504175003481171,GPR
0.115714,1.9286,16.6667,10,FCC,0.444956,0.213515,0.4199627859869457,0.1781871535626104,0.1644203397994739,GPR
0.126429,1.9286,16.6667,10,FCC,0.454979,0.268582,0.4696410663089002,0.1965188270301765,0.1790168005881504,GPR
0.137143,1.9286,16.6667,10,FCC,0.452758,0.366909,0.5243039847391655,0.2163199951475159,0.1943066440931763,GPR
0.147857,1.9286,16.6667,10,FCC,0.446944,0.533967,0.5847260058382591,0.2380301332969348,0.2104105791649196,GPR
0.158571,1.9286,16.6667,10,FCC,0.44143,0.776317,0.6517299791754321,0.2622353623203156,0.2274619707900609,GPR
0.169286,1.9286,16.6667,10,FCC,0.439866,0.978248,0.7261657566529944,0.2896509851261112,0.2456052424974568,GPR
0.18,1.9286,16.6667,10,FCC,0.446169,0.938249,0.808840368709163,0.3210547697601771,0.2649826641710379,GPR
0.03,2.1071,16.6667,10,FCC,0.302697,0.631408,0.1374801134742816,0.0632812463452137,0.0637868067677611,GPR
0.040714,2.1071,16.6667,10,FCC,0.310878,0.644758,0.1649879445678289,0.0754201784422323,0.0752047928127203,GPR
0.051429,2.1071,16.6667,10,FCC,0.323812,0.483003,0.1942135868811069,0.0880541207830709,0.0868989325644335,GPR
0.062143,2.1071,16.6667,10,FCC,0.355673,0.345628,0.2253606054408146,0.1012346967659918,0.0988898714618153,GPR
0.072857,2.1071,16.6667,10,FCC,0.389114,0.261102,0.2586631025509222,0.1150417828998232,0.1112028391470513,GPR
0.083571,2.1071,16.6667,10,FCC,0.399881,0.211323,0.2943956970696346,0.1295571782350305,0.123867149400178,GPR
0.094286,2.1071,16.6667,10,FCC,0.400929,0.182504,0.3328996620684367,0.1448598699314488,0.1369224581143723,GPR
0.105,2.1071,16.6667,10,FCC,0.399184,0.167369,0.3745849046816351,0.1610305599164179,0.1504175003481171,GPR
0.115714,2.1071,16.6667,10,FCC,0.398043,0.162585,0.4199627859869457,0.1781871535626104,0.1644203397994739,GPR
0.126429,2.1071,16.6667,10,FCC,0.401614,0.167262,0.4696410663089002,0.1965188270301765,0.1790168005881504,GPR
0.137143,2.1071,16.6667,10,FCC,0.416752,0.182452,0.5243039847391655,0.2163199951475159,0.1943066440931763,GPR
0.147857,2.1071,16.6667,10,FCC,0.435333,0.211385,0.5847260058382591,0.2380301332969348,0.2104105791649196,GPR
0.158571,2.1071,16.6667,10,FCC,0.440871,0.260399,0.6517299791754321,0.2622353623203156,0.2274619707900609,GPR
0.169286,2.1071,16.6667,10,FCC,0.438895,0.340517,0.7261657566529944,0.2896509851261112,0.2456052424974568,GPR
0.18,2.1071,16.6667,10,FCC,0.434389,0.468262,0.808840368709163,0.3210547697601771,0.2649826641710379,GPR
0.03,2.2857,16.6667,10,FCC,0.282368,0.422355,0.1374801134742816,0.0632812463452137,0.0637868067677611,GPR
0.040714,2.2857,16.6667,10,FCC,0.290864,0.609182,0.1649879445678289,0.0754201784422323,0.0752047928127203,GPR
0.051429,2.2857,16.6667,10,FCC,0.297011,0.640118,0.1942135868811069,0.0880541207830709,0.0868989325644335,GPR
0.062143,2.2857,16.6667,10,FCC,0.305284,0.516429,0.2253606054408146,0.1012346967659918,0.0988898714618153,GPR
0.072857,2.2857,16.6667,10,FCC,0.323648,0.385086,0.2586631025509222,0.1150417828998232,0.1112028391470513,GPR
0.083571,2.2857,16.6667,10,FCC,0.356634,0.29336,0.2943956970696346,0.1295571782350305,0.123867149400178,GPR
0.094286,2.2857,16.6667,10,FCC,0.378364,0.234536,0.3328996620684367,0.1448598699314488,0.1369224581143723,GPR
0.105,2.2857,16.6667,10,FCC,0.385269,0.19717,0.3745849046816351,0.1610305599164179,0.1504175003481171,GPR
0.115714,2.2857,16.6667,10,FCC,0.386096,0.173716,0.4199627859869457,0.1781871535626104,0.1644203397994739,GPR
0.126429,2.2857,16.6667,10,FCC,0.384809,0.159891,0.4696410663089002,0.1965188270301765,0.1790168005881504,GPR
0.137143,2.2857,16.6667,10,FCC,0.383435,0.153461,0.5243039847391655,0.2163199951475159,0.1943066440931763,GPR
0.147857,2.2857,16.6667,10,FCC,0.383965,0.15351,0.5847260058382591,0.2380301332969348,0.2104105791649196,GPR
0.158571,2.2857,16.6667,10,FCC,0.389941,0.160115,0.6517299791754321,0.2622353623203156,0.2274619707900609,GPR
0.169286,2.2857,16.6667,10,FCC,0.405683,0.174316,0.7261657566529944,0.2896509851261112,0.2456052424974568,GPR
0.18,2.2857,16.6667,10,FCC,0.421624,0.19833,0.808840368709163,0.3210547697601771,0.2649826641710379,GPR
0.03,2.4643,16.6667,10,FCC,0.260519,0.267948,0.1374801134742816,0.0632812463452137,0.0637868067677611,GPR
0.040714,2.4643,16.6667,10,FCC,0.272343,0.412274,0.1649879445678289,0.0754201784422323,0.0752047928127203,GPR
0.051429,2.4643,16.6667,10,FCC,0.279056,0.572669,0.1942135868811069,0.0880541207830709,0.0868989325644335,GPR
0.062143,2.4643,16.6667,10,FCC,0.283879,0.63207,0.2253606054408146,0.1012346967659918,0.0988898714618153,GPR
0.072857,2.4643,16.6667,10,FCC,0.289324,0.553524,0.2586631025509222,0.1150417828998232,0.1112028391470513,GPR
0.083571,2.4643,16.6667,10,FCC,0.299144,0.434186,0.2943956970696346,0.1295571782350305,0.123867149400178,GPR
0.094286,2.4643,16.6667,10,FCC,0.319995,0.336378,0.3328996620684367,0.1448598699314488,0.1369224581143723,GPR
0.105,2.4643,16.6667,10,FCC,0.348398,0.267847,0.3745849046816351,0.1610305599164179,0.1504175003481171,GPR
0.115714,2.4643,16.6667,10,FCC,0.365012,0.221435,0.4199627859869457,0.1781871535626104,0.1644203397994739,GPR
0.126429,2.4643,16.6667,10,FCC,0.371013,0.190075,0.4696410663089002,0.1965188270301765,0.1790168005881504,GPR
0.137143,2.4643,16.6667,10,FCC,0.37226,0.169007,0.5243039847391655,0.2163199951475159,0.1943066440931763,GPR
0.147857,2.4643,16.6667,10,FCC,0.371541,0.155313,0.5847260058382591,0.2380301332969348,0.2104105791649196,GPR
0.158571,2.4643,16.6667,10,FCC,0.370266,0.14729,0.6517299791754321,0.2622353623203156,0.2274619707900609,GPR
0.169286,2.4643,16.6667,10,FCC,0.369511,0.144042,0.7261657566529944,0.2896509851261112,0.2456052424974568,GPR
0.18,2.4643,16.6667,10,FCC,0.370709,0.145253,0.808840368709163,0.3210547697601771,0.2649826641710379,GPR
0.03,2.6429,16.6667,10,FCC,0.235155,0.182483,0.1374801134742816,0.0632812463452137,0.0637868067677611,GPR
0.040714,2.6429,16.6667,10,FCC,0.252439,0.264804,0.1649879445678289,0.0754201784422323,0.0752047928127203,GPR
0.051429,2.6429,16.6667,10,FCC,0.261939,0.385635,0.1942135868811069,0.0880541207830709,0.0868989325644335,GPR
0.062143,2.6429,16.6667,10,FCC,0.267626,0.525248,0.2253606054408146,0.1012346967659918,0.0988898714618153,GPR
0.072857,2.6429,16.6667,10,FCC,0.27163,0.610005,0.2586631025509222,0.1150417828998232,0.1112028391470513,GPR
0.083571,2.6429,16.6667,10,FCC,0.275482,0.583004,0.2943956970696346,0.1295571782350305,0.123867149400178,GPR
0.094286,2.6429,16.6667,10,FCC,0.280995,0.488055,0.3328996620684367,0.1448598699314488,0.1369224581143723,GPR
0.105,2.6429,16.6667,10,FCC,0.291394,0.389639,0.3745849046816351,0.1610305599164179,0.1504175003481171,GPR
0.115714,2.6429,16.6667,10,FCC,0.311344,0.312092,0.4199627859869457,0.1781871535626104,0.1644203397994739,GPR
0.126429,2.6429,16.6667,10,FCC,0.335746,0.255911,0.4696410663089002,0.1965188270301765,0.1790168005881504,GPR
0.137143,2.6429,16.6667,10,FCC,0.350737,0.215998,0.5243039847391655,0.2163199951475159,0.1943066440931763,GPR
0.147857,2.6429,16.6667,10,FCC,0.357072,0.187654,0.5847260058382591,0.2380301332969348,0.2104105791649196,GPR
0.158571,2.6429,16.6667,10,FCC,0.359083,0.167546,0.6517299791754321,0.2622353623203156,0.2274619707900609,GPR
0.169286,2.6429,16.6667,10,FCC,0.359066,0.153481,0.7261657566529944,0.2896509851261112,0.2456052424974568,GPR
0.18,2.6429,16.6667,10,FCC,0.358177,0.144066,0.808840368709163,0.3210547697601771,0.2649826641710379,GPR
0.03,0.5,20.0,10,FCC,0.13314,0.188541,0.1374801134742816,0.0632812463452137,0.0637868067677611,GPR
0.040714,0.5,20.0,10,FCC,0.100758,0.120533,0.1649879445678289,0.0754201784422323,0.0752047928127203,GPR
0.051429,0.5,20.0,10,FCC,0.079743,0.082937,0.1942135868811069,0.0880541207830709,0.0868989325644335,GPR
0.062143,0.5,20.0,10,FCC,0.065138,0.063048,0.2253606054408146,0.1012346967659918,0.0988898714618153,GPR
0.072857,0.5,20.0,10,FCC,0.054502,0.051078,0.2586631025509222,0.1150417828998232,0.1112028391470513,GPR
0.083571,0.5,20.0,10,FCC,0.046487,0.043063,0.2943956970696346,0.1295571782350305,0.123867149400178,GPR
0.094286,0.5,20.0,10,FCC,0.040283,0.037293,0.3328996620684367,0.1448598699314488,0.1369224581143723,GPR
0.105,0.5,20.0,10,FCC,0.03538,0.032925,0.3745849046816351,0.1610305599164179,0.1504175003481171,GPR
0.115714,0.5,20.0,10,FCC,0.031437,0.029496,0.4199627859869457,0.1781871535626104,0.1644203397994739,GPR
0.126429,0.5,20.0,10,FCC,0.028219,0.026727,0.4696410663089002,0.1965188270301765,0.1790168005881504,GPR
0.137143,0.5,20.0,10,FCC,0.02556,0.024443,0.5243039847391655,0.2163199951475159,0.1943066440931763,GPR
0.147857,0.5,20.0,10,FCC,0.023336,0.022523,0.5847260058382591,0.2380301332969348,0.2104105791649196,GPR
0.158571,0.5,20.0,10,FCC,0.021457,0.020887,0.6517299791754321,0.2622353623203156,0.2274619707900609,GPR
0.169286,0.5,20.0,10,FCC,0.019852,0.019476,0.7261657566529944,0.2896509851261112,0.2456052424974568,GPR
0.18,0.5,20.0,10,FCC,0.018468,0.018244,0.808840368709163,0.3210547697601771,0.2649826641710379,GPR
0.03,0.6786,20.0,10,FCC,0.238598,0.33362,0.1374801134742816,0.0632812463452137,0.0637868067677611,GPR
0.040714,0.6786,20.0,10,FCC,0.186618,0.291479,0.1649879445678289,0.0754201784422323,0.0752047928127203,GPR
0.051429,0.6786,20.0,10,FCC,0.152326,0.238409,0.1942135868811069,0.0880541207830709,0.0868989325644335,GPR
0.062143,0.6786,20.0,10,FCC,0.127618,0.188115,0.2253606054408146,0.1012346967659918,0.0988898714618153,GPR
0.072857,0.6786,20.0,10,FCC,0.108471,0.142105,0.2586631025509222,0.1150417828998232,0.1112028391470513,GPR
0.083571,0.6786,20.0,10,FCC,0.093419,0.104386,0.2943956970696346,0.1295571782350305,0.123867149400178,GPR
0.094286,0.6786,20.0,10,FCC,0.08154,0.079298,0.3328996620684367,0.1448598699314488,0.1369224581143723,GPR
0.105,0.6786,20.0,10,FCC,0.07194,0.063671,0.3745849046816351,0.1610305599164179,0.1504175003481171,GPR
0.115714,0.6786,20.0,10,FCC,0.063972,0.053393,0.4199627859869457,0.1781871535626104,0.1644203397994739,GPR
0.126429,0.6786,20.0,10,FCC,0.057261,0.046145,0.4696410663089002,0.1965188270301765,0.1790168005881504,GPR
0.137143,0.6786,20.0,10,FCC,0.051571,0.040741,0.5243039847391655,0.2163199951475159,0.1943066440931763,GPR
0.147857,0.6786,20.0,10,FCC,0.046716,0.03654,0.5847260058382591,0.2380301332969348,0.2104105791649196,GPR
0.158571,0.6786,20.0,10,FCC,0.042536,0.033169,0.6517299791754321,0.2622353623203156,0.2274619707900609,GPR
0.169286,0.6786,20.0,10,FCC,0.038905,0.030397,0.7261657566529944,0.2896509851261112,0.2456052424974568,GPR
0.18,0.6786,20.0,10,FCC,0.035728,0.028072,0.808840368709163,0.3210547697601771,0.2649826641710379,GPR
0.03,0.8571,20.0,10,FCC,0.349119,0.359813,0.1374801134742816,0.0632812463452137,0.0637868067677611,GPR
0.040714,0.8571,20.0,10,FCC,0.290909,0.458241,0.1649879445678289,0.0754201784422323,0.0752047928127203,GPR
0.051429,0.8571,20.0,10,FCC,0.245077,0.331515,0.1942135868811069,0.0880541207830709,0.0868989325644335,GPR
0.062143,0.8571,20.0,10,FCC,0.207464,0.331368,0.2253606054408146,0.1012346967659918,0.0988898714618153,GPR
0.072857,0.8571,20.0,10,FCC,0.178554,0.285693,0.2586631025509222,0.1150417828998232,0.1112028391470513,GPR
0.083571,0.8571,20.0,10,FCC,0.156849,0.253145,0.2943956970696346,0.1295571782350305,0.123867149400178,GPR
0.094286,0.8571,20.0,10,FCC,0.139727,0.224371,0.3328996620684367,0.1448598699314488,0.1369224581143723,GPR
0.105,0.8571,20.0,10,FCC,0.125435,0.191298,0.3745849046816351,0.1610305599164179,0.1504175003481171,GPR
0.115714,0.8571,20.0,10,FCC,0.113008,0.161024,0.4199627859869457,0.1781871535626104,0.1644203397994739,GPR
0.126429,0.8571,20.0,10,FCC,0.102053,0.130458,0.4696410663089002,0.1965188270301765,0.1790168005881504,GPR
0.137143,0.8571,20.0,10,FCC,0.092532,0.103268,0.5243039847391655,0.2163199951475159,0.1943066440931763,GPR
0.147857,0.8571,20.0,10,FCC,0.084402,0.082197,0.5847260058382591,0.2380301332969348,0.2104105791649196,GPR
0.158571,0.8571,20.0,10,FCC,0.077463,0.067483,0.6517299791754321,0.2622353623203156,0.2274619707900609,GPR
0.169286,0.8571,20.0,10,FCC,0.071449,0.05728,0.7261657566529944,0.2896509851261112,0.2456052424974568,GPR
0.18,0.8571,20.0,10,FCC,0.066128,0.049928,0.808840368709163,0.3210547697601771,0.2649826641710379,GPR
0.03,1.0357,20.0,10,FCC,0.438828,0.600338,0.1374801134742816,0.0632812463452137,0.0637868067677611,GPR
0.040714,1.0357,20.0,10,FCC,0.383462,0.492581,0.1649879445678289,0.0754201784422323,0.0752047928127203,GPR
0.051429,1.0357,20.0,10,FCC,0.336034,0.326947,0.1942135868811069,0.0880541207830709,0.0868989325644335,GPR
0.062143,1.0357,20.0,10,FCC,0.297603,0.455418,0.2253606054408146,0.1012346967659918,0.0988898714618153,GPR
0.072857,1.0357,20.0,10,FCC,0.265172,0.418535,0.2586631025509222,0.1150417828998232,0.1112028391470513,GPR
0.083571,1.0357,20.0,10,FCC,0.236387,0.303242,0.2943956970696346,0.1295571782350305,0.123867149400178,GPR
0.094286,1.0357,20.0,10,FCC,0.210425,0.326441,0.3328996620684367,0.1448598699314488,0.1369224581143723,GPR
0.105,1.0357,20.0,10,FCC,0.188326,0.334831,0.3745849046816351,0.1610305599164179,0.1504175003481171,GPR
0.115714,1.0357,20.0,10,FCC,0.17055,0.270144,0.4199627859869457,0.1781871535626104,0.1644203397994739,GPR
0.126429,1.0357,20.0,10,FCC,0.156176,0.252038,0.4696410663089002,0.1965188270301765,0.1790168005881504,GPR
0.137143,1.0357,20.0,10,FCC,0.144157,0.248011,0.5243039847391655,0.2163199951475159,0.1943066440931763,GPR
0.147857,1.0357,20.0,10,FCC,0.133753,0.216954,0.5847260058382591,0.2380301332969348,0.2104105791649196,GPR
0.158571,1.0357,20.0,10,FCC,0.124468,0.193918,0.6517299791754321,0.2622353623203156,0.2274619707900609,GPR
0.169286,1.0357,20.0,10,FCC,0.115964,0.175993,0.7261657566529944,0.2896509851261112,0.2456052424974568,GPR
0.18,1.0357,20.0,10,FCC,0.108031,0.152801,0.808840368709163,0.3210547697601771,0.2649826641710379,GPR
0.03,1.2143,20.0,10,FCC,0.498468,0.301045,0.1374801134742816,0.0632812463452137,0.0637868067677611,GPR
0.040714,1.2143,20.0,10,FCC,0.453078,0.390087,0.1649879445678289,0.0754201784422323,0.0752047928127203,GPR
0.051429,1.2143,20.0,10,FCC,0.413232,0.75467,0.1942135868811069,0.0880541207830709,0.0868989325644335,GPR
0.062143,1.2143,20.0,10,FCC,0.375007,0.462279,0.2253606054408146,0.1012346967659918,0.0988898714618153,GPR
0.072857,1.2143,20.0,10,FCC,0.341134,0.305101,0.2586631025509222,0.1150417828998232,0.1112028391470513,GPR
0.083571,1.2143,20.0,10,FCC,0.312208,0.345949,0.2943956970696346,0.1295571782350305,0.123867149400178,GPR
0.094286,1.2143,20.0,10,FCC,0.287078,0.507043,0.3328996620684367,0.1448598699314488,0.1369224581143723,GPR
0.105,1.2143,20.0,10,FCC,0.264648,0.44756,0.3745849046816351,0.1610305599164179,0.1504175003481171,GPR
0.115714,1.2143,20.0,10,FCC,0.243966,0.311744,0.4199627859869457,0.1781871535626104,0.1644203397994739,GPR
0.126429,1.2143,20.0,10,FCC,0.224358,0.281718,0.4696410663089002,0.1965188270301765,0.1790168005881504,GPR
0.137143,1.2143,20.0,10,FCC,0.205875,0.330925,0.5243039847391655,0.2163199951475159,0.1943066440931763,GPR
0.147857,1.2143,20.0,10,FCC,0.189373,0.362996,0.5847260058382591,0.2380301332969348,0.2104105791649196,GPR
0.158571,1.2143,20.0,10,FCC,0.175405,0.302619,0.6517299791754321,0.2622353623203156,0.2274619707900609,GPR
0.169286,1.2143,20.0,10,FCC,0.163715,0.251524,0.7261657566529944,0.2896509851261112,0.2456052424974568,GPR
0.18,1.2143,20.0,10,FCC,0.153765,0.246127,0.808840368709163,0.3210547697601771,0.2649826641710379,GPR
0.03,1.3929,20.0,10,FCC,0.518823,0.636751,0.1374801134742816,0.0632812463452137,0.0637868067677611,GPR
0.040714,1.3929,20.0,10,FCC,0.494205,0.307708,0.1649879445678289,0.0754201784422323,0.0752047928127203,GPR
0.051429,1.3929,20.0,10,FCC,0.464822,0.277801,0.1942135868811069,0.0880541207830709,0.0868989325644335,GPR
0.062143,1.3929,20.0,10,FCC,0.434861,0.447187,0.2253606054408146,0.1012346967659918,0.0988898714618153,GPR
0.072857,1.3929,20.0,10,FCC,0.406509,0.789068,0.2586631025509222,0.1150417828998232,0.1112028391470513,GPR
0.083571,1.3929,20.0,10,FCC,0.378368,0.549841,0.2943956970696346,0.1295571782350305,0.123867149400178,GPR
0.094286,1.3929,20.0,10,FCC,0.352026,0.33062,0.3328996620684367,0.1448598699314488,0.1369224581143723,GPR
0.105,1.3929,20.0,10,FCC,0.328655,0.27599,0.3745849046816351,0.1610305599164179,0.1504175003481171,GPR
0.115714,1.3929,20.0,10,FCC,0.307889,0.325615,0.4199627859869457,0.1781871535626104,0.1644203397994739,GPR
0.126429,1.3929,20.0,10,FCC,0.289224,0.477454,0.4696410663089002,0.1965188270301765,0.1790168005881504,GPR
0.137143,1.3929,20.0,10,FCC,0.272192,0.549146,0.5243039847391655,0.2163199951475159,0.1943066440931763,GPR
0.147857,1.3929,20.0,10,FCC,0.256358,0.406671,0.5847260058382591,0.2380301332969348,0.2104105791649196,GPR
0.158571,1.3929,20.0,10,FCC,0.241309,0.296163,0.6517299791754321,0.2622353623203156,0.2274619707900609,GPR
0.169286,1.3929,20.0,10,FCC,0.226689,0.262147,0.7261657566529944,0.2896509851261112,0.2456052424974568,GPR
0.18,1.3929,20.0,10,FCC,0.212377,0.287673,0.808840368709163,0.3210547697601771,0.2649826641710379,GPR
0.03,1.5714,20.0,10,FCC,0.489564,0.833864,0.1374801134742816,0.0632812463452137,0.0637868067677611,GPR
0.040714,1.5714,20.0,10,FCC,0.506532,0.738864,0.1649879445678289,0.0754201784422323,0.0752047928127203,GPR
0.051429,1.5714,20.0,10,FCC,0.489216,0.356946,0.1942135868811069,0.0880541207830709,0.0868989325644335,GPR
0.062143,1.5714,20.0,10,FCC,0.476719,0.254266,0.2253606054408146,0.1012346967659918,0.0988898714618153,GPR
0.072857,1.5714,20.0,10,FCC,0.449103,0.267455,0.2586631025509222,0.1150417828998232,0.1112028391470513,GPR
0.083571,1.5714,20.0,10,FCC,0.42809,0.407758,0.2943956970696346,0.1295571782350305,0.123867149400178,GPR
0.094286,1.5714,20.0,10,FCC,0.406711,0.734764,0.3328996620684367,0.1448598699314488,0.1369224581143723,GPR
0.105,1.5714,20.0,10,FCC,0.385727,0.746729,0.3745849046816351,0.1610305599164179,0.1504175003481171,GPR
0.115714,1.5714,20.0,10,FCC,0.364602,0.452209,0.4199627859869457,0.1781871535626104,0.1644203397994739,GPR
0.126429,1.5714,20.0,10,FCC,0.344987,0.303782,0.4696410663089002,0.1965188270301765,0.1790168005881504,GPR
0.137143,1.5714,20.0,10,FCC,0.327158,0.256746,0.5243039847391655,0.2163199951475159,0.1943066440931763,GPR
0.147857,1.5714,20.0,10,FCC,0.310924,0.273851,0.5847260058382591,0.2380301332969348,0.2104105791649196,GPR
0.158571,1.5714,20.0,10,FCC,0.29605,0.360898,0.6517299791754321,0.2622353623203156,0.2274619707900609,GPR
0.169286,1.5714,20.0,10,FCC,0.282307,0.517754,0.7261657566529944,0.2896509851261112,0.2456052424974568,GPR
0.18,1.5714,20.0,10,FCC,0.269486,0.584344,0.808840368709163,0.3210547697601771,0.2649826641710379,GPR
0.03,1.75,20.0,10,FCC,0.477468,0.31406,0.1374801134742816,0.0632812463452137,0.0637868067677611,GPR
0.040714,1.75,20.0,10,FCC,0.474155,0.744584,0.1649879445678289,0.0754201784422323,0.0752047928127203,GPR
0.051429,1.75,20.0,10,FCC,0.487403,0.905364,0.1942135868811069,0.0880541207830709,0.0868989325644335,GPR
0.062143,1.75,20.0,10,FCC,0.487095,0.4704,0.2253606054408146,0.1012346967659918,0.0988898714618153,GPR
0.072857,1.75,20.0,10,FCC,0.471795,0.288504,0.2586631025509222,0.1150417828998232,0.1112028391470513,GPR
0.083571,1.75,20.0,10,FCC,0.464134,0.233034,0.2943956970696346,0.1295571782350305,0.123867149400178,GPR
0.094286,1.75,20.0,10,FCC,0.441624,0.243068,0.3328996620684367,0.1448598699314488,0.1369224581143723,GPR
0.105,1.75,20.0,10,FCC,0.425935,0.326921,0.3745849046816351,0.1610305599164179,0.1504175003481171,GPR
0.115714,1.75,20.0,10,FCC,0.4087,0.543372,0.4199627859869457,0.1781871535626104,0.1644203397994739,GPR
0.126429,1.75,20.0,10,FCC,0.393263,0.836101,0.4696410663089002,0.1965188270301765,0.1790168005881504,GPR
0.137143,1.75,20.0,10,FCC,0.376857,0.726742,0.5243039847391655,0.2163199951475159,0.1943066440931763,GPR
0.147857,1.75,20.0,10,FCC,0.360363,0.460717,0.5847260058382591,0.2380301332969348,0.2104105791649196,GPR
0.158571,1.75,20.0,10,FCC,0.344795,0.315279,0.6517299791754321,0.2622353623203156,0.2274619707900609,GPR
0.169286,1.75,20.0,10,FCC,0.330367,0.252596,0.7261657566529944,0.2896509851261112,0.2456052424974568,GPR
0.18,1.75,20.0,10,FCC,0.317009,0.237494,0.808840368709163,0.3210547697601771,0.2649826641710379,GPR
0.03,1.9286,20.0,10,FCC,0.418128,0.190497,0.1374801134742816,0.0632812463452137,0.0637868067677611,GPR
0.040714,1.9286,20.0,10,FCC,0.461768,0.289496,0.1649879445678289,0.0754201784422323,0.0752047928127203,GPR
0.051429,1.9286,20.0,10,FCC,0.460261,0.593901,0.1942135868811069,0.0880541207830709,0.0868989325644335,GPR
0.062143,1.9286,20.0,10,FCC,0.461689,0.99303,0.2253606054408146,0.1012346967659918,0.0988898714618153,GPR
0.072857,1.9286,20.0,10,FCC,0.479747,0.679667,0.2586631025509222,0.1150417828998232,0.1112028391470513,GPR
0.083571,1.9286,20.0,10,FCC,0.470335,0.387481,0.2943956970696346,0.1295571782350305,0.123867149400178,GPR
0.094286,1.9286,20.0,10,FCC,0.459494,0.265566,0.3328996620684367,0.1448598699314488,0.1369224581143723,GPR
0.105,1.9286,20.0,10,FCC,0.456133,0.220181,0.3745849046816351,0.1610305599164179,0.1504175003481171,GPR
0.115714,1.9286,20.0,10,FCC,0.438655,0.217664,0.4199627859869457,0.1781871535626104,0.1644203397994739,GPR
0.126429,1.9286,20.0,10,FCC,0.423771,0.256571,0.4696410663089002,0.1965188270301765,0.1790168005881504,GPR
0.137143,1.9286,20.0,10,FCC,0.412095,0.360636,0.5243039847391655,0.2163199951475159,0.1943066440931763,GPR
0.147857,1.9286,20.0,10,FCC,0.398643,0.577866,0.5847260058382591,0.2380301332969348,0.2104105791649196,GPR
0.158571,1.9286,20.0,10,FCC,0.386767,0.849157,0.6517299791754321,0.2622353623203156,0.2274619707900609,GPR
0.169286,1.9286,20.0,10,FCC,0.373859,0.801455,0.7261657566529944,0.2896509851261112,0.2456052424974568,GPR
0.18,1.9286,20.0,10,FCC,0.36062,0.545171,0.808840368709163,0.3210547697601771,0.2649826641710379,GPR
0.03,2.1071,20.0,10,FCC,0.3832,0.165564,0.1374801134742816,0.0632812463452137,0.0637868067677611,GPR
0.040714,2.1071,20.0,10,FCC,0.404136,0.18086,0.1649879445678289,0.0754201784422323,0.0752047928127203,GPR
0.051429,2.1071,20.0,10,FCC,0.444999,0.251711,0.1942135868811069,0.0880541207830709,0.0868989325644335,GPR
0.062143,2.1071,20.0,10,FCC,0.447415,0.443577,0.2253606054408146,0.1012346967659918,0.0988898714618153,GPR
0.072857,2.1071,20.0,10,FCC,0.443652,0.836159,0.2586631025509222,0.1150417828998232,0.1112028391470513,GPR
0.083571,2.1071,20.0,10,FCC,0.456235,0.934656,0.2943956970696346,0.1295571782350305,0.123867149400178,GPR
0.094286,2.1071,20.0,10,FCC,0.466696,0.588704,0.3328996620684367,0.1448598699314488,0.1369224581143723,GPR
0.105,2.1071,20.0,10,FCC,0.457856,0.36562,0.3745849046816351,0.1610305599164179,0.1504175003481171,GPR
0.115714,2.1071,20.0,10,FCC,0.448594,0.261556,0.4199627859869457,0.1781871535626104,0.1644203397994739,GPR
0.126429,2.1071,20.0,10,FCC,0.448595,0.214956,0.4696410663089002,0.1965188270301765,0.1790168005881504,GPR
0.137143,2.1071,20.0,10,FCC,0.438233,0.200498,0.5243039847391655,0.2163199951475159,0.1943066440931763,GPR
0.147857,2.1071,20.0,10,FCC,0.422902,0.211634,0.5847260058382591,0.2380301332969348,0.2104105791649196,GPR
0.158571,2.1071,20.0,10,FCC,0.413377,0.253627,0.6517299791754321,0.2622353623203156,0.2274619707900609,GPR
0.169286,2.1071,20.0,10,FCC,0.40384,0.345392,0.7261657566529944,0.2896509851261112,0.2456052424974568,GPR
0.18,2.1071,20.0,10,FCC,0.392827,0.522012,0.808840368709163,0.3210547697601771,0.2649826641710379,GPR
0.03,2.2857,20.0,10,FCC,0.363277,0.173192,0.1374801134742816,0.0632812463452137,0.0637868067677611,GPR
0.040714,2.2857,20.0,10,FCC,0.370506,0.157075,0.1649879445678289,0.0754201784422323,0.0752047928127203,GPR
0.051429,2.2857,20.0,10,FCC,0.386275,0.168293,0.1942135868811069,0.0880541207830709,0.0868989325644335,GPR
0.062143,2.2857,20.0,10,FCC,0.425672,0.214838,0.2253606054408146,0.1012346967659918,0.0988898714618153,GPR
0.072857,2.2857,20.0,10,FCC,0.434523,0.328359,0.2586631025509222,0.1150417828998232,0.1112028391470513,GPR
0.083571,2.2857,20.0,10,FCC,0.431421,0.577655,0.2943956970696346,0.1295571782350305,0.123867149400178,GPR
0.094286,2.2857,20.0,10,FCC,0.430644,0.927137,0.3328996620684367,0.1448598699314488,0.1369224581143723,GPR
0.105,2.2857,20.0,10,FCC,0.446746,0.882153,0.3745849046816351,0.1610305599164179,0.1504175003481171,GPR
0.115714,2.2857,20.0,10,FCC,0.454611,0.574931,0.4199627859869457,0.1781871535626104,0.1644203397994739,GPR
0.126429,2.2857,20.0,10,FCC,0.447892,0.375136,0.4696410663089002,0.1965188270301765,0.1790168005881504,GPR
0.137143,2.2857,20.0,10,FCC,0.439355,0.271848,0.5243039847391655,0.2163199951475159,0.1943066440931763,GPR
0.147857,2.2857,20.0,10,FCC,0.437564,0.219056,0.5847260058382591,0.2380301332969348,0.2104105791649196,GPR
0.158571,2.2857,20.0,10,FCC,0.43681,0.194284,0.6517299791754321,0.2622353623203156,0.2274619707900609,GPR
0.169286,2.2857,20.0,10,FCC,0.425567,0.188629,0.7261657566529944,0.2896509851261112,0.2456052424974568,GPR
0.18,2.2857,20.0,10,FCC,0.413002,0.200458,0.808840368709163,0.3210547697601771,0.2649826641710379,GPR
0.03,2.4643,20.0,10,FCC,0.339302,0.199974,0.1374801134742816,0.0632812463452137,0.0637868067677611,GPR
0.040714,2.4643,20.0,10,FCC,0.352203,0.162571,0.1649879445678289,0.0754201784422323,0.0752047928127203,GPR
0.051429,2.4643,20.0,10,FCC,0.35762,0.149617,0.1942135868811069,0.0880541207830709,0.0868989325644335,GPR
0.062143,2.4643,20.0,10,FCC,0.368012,0.155774,0.2253606054408146,0.1012346967659918,0.0988898714618153,GPR
0.072857,2.4643,20.0,10,FCC,0.40146,0.184472,0.2586631025509222,0.1150417828998232,0.1112028391470513,GPR
0.083571,2.4643,20.0,10,FCC,0.420092,0.250028,0.2943956970696346,0.1295571782350305,0.123867149400178,GPR
0.094286,2.4643,20.0,10,FCC,0.420492,0.386228,0.3328996620684367,0.1448598699314488,0.1369224581143723,GPR
0.105,2.4643,20.0,10,FCC,0.417434,0.644074,0.3745849046816351,0.1610305599164179,0.1504175003481171,GPR
0.115714,2.4643,20.0,10,FCC,0.418229,0.936812,0.4199627859869457,0.1781871535626104,0.1644203397994739,GPR
0.126429,2.4643,20.0,10,FCC,0.433583,0.88247,0.4696410663089002,0.1965188270301765,0.1790168005881504,GPR
0.137143,2.4643,20.0,10,FCC,0.443179,0.609514,0.5243039847391655,0.2163199951475159,0.1943066440931763,GPR
0.147857,2.4643,20.0,10,FCC,0.439231,0.410382,0.5847260058382591,0.2380301332969348,0.2104105791649196,GPR
0.158571,2.4643,20.0,10,FCC,0.431964,0.297462,0.6517299791754321,0.2622353623203156,0.2274619707900609,GPR
0.169286,2.4643,20.0,10,FCC,0.426519,0.234461,0.7261657566529944,0.2896509851261112,0.2456052424974568,GPR
0.18,2.4643,20.0,10,FCC,0.428554,0.199521,0.808840368709163,0.3210547697601771,0.2649826641710379,GPR
0.03,2.6429,20.0,10,FCC,0.301657,0.243424,0.1374801134742816,0.0632812463452137,0.0637868067677611,GPR
0.040714,2.6429,20.0,10,FCC,0.331234,0.18533,0.1649879445678289,0.0754201784422323,0.0752047928127203,GPR
0.051429,2.6429,20.0,10,FCC,0.340739,0.155469,0.1942135868811069,0.0880541207830709,0.0868989325644335,GPR
0.062143,2.6429,20.0,10,FCC,0.345056,0.14328,0.2253606054408146,0.1012346967659918,0.0988898714618153,GPR
0.072857,2.6429,20.0,10,FCC,0.351473,0.144931,0.2586631025509222,0.1150417828998232,0.1112028391470513,GPR
0.083571,2.6429,20.0,10,FCC,0.373108,0.1614,0.2943956970696346,0.1295571782350305,0.123867149400178,GPR
0.094286,2.6429,20.0,10,FCC,0.401637,0.198848,0.3328996620684367,0.1448598699314488,0.1369224581143723,GPR
0.105,2.6429,20.0,10,FCC,0.408567,0.27185,0.3745849046816351,0.1610305599164179,0.1504175003481171,GPR
0.115714,2.6429,20.0,10,FCC,0.407384,0.40923,0.4199627859869457,0.1781871535626104,0.1644203397994739,GPR
0.126429,2.6429,20.0,10,FCC,0.404841,0.64588,0.4696410663089002,0.1965188270301765,0.1790168005881504,GPR
0.137143,2.6429,20.0,10,FCC,0.405478,0.910519,0.5243039847391655,0.2163199951475159,0.1943066440931763,GPR
0.147857,2.6429,20.0,10,FCC,0.41763,0.91467,0.5847260058382591,0.2380301332969348,0.2104105791649196,GPR
0.158571,2.6429,20.0,10,FCC,0.430982,0.682839,0.6517299791754321,0.2622353623203156,0.2274619707900609,GPR
0.169286,2.6429,20.0,10,FCC,0.430807,0.473864,0.7261657566529944,0.2896509851261112,0.2456052424974568,GPR
0.18,2.6429,20.0,10,FCC,0.425554,0.342481,0.808840368709163,0.3210547697601771,0.2649826641710379,GPR
0.03,2.8214,20.0,10,FCC,0.256638,0.301412,0.1374801134742816,0.0632812463452137,0.0637868067677611,GPR
0.040714,2.8214,20.0,10,FCC,0.29936,0.223093,0.1649879445678289,0.0754201784422323,0.0752047928127203,GPR
0.051429,2.8214,20.0,10,FCC,0.321426,0.17656,0.1942135868811069,0.0880541207830709,0.0868989325644335,GPR
0.062143,2.8214,20.0,10,FCC,0.329376,0.150667,0.2253606054408146,0.1012346967659918,0.0988898714618153,GPR
0.072857,2.8214,20.0,10,FCC,0.333064,0.138286,0.2586631025509222,0.1150417828998232,0.1112028391470513,GPR
0.083571,2.8214,20.0,10,FCC,0.337085,0.136347,0.2943956970696346,0.1295571782350305,0.123867149400178,GPR
0.094286,2.8214,20.0,10,FCC,0.348174,0.144626,0.3328996620684367,0.1448598699314488,0.1369224581143723,GPR
0.105,2.8214,20.0,10,FCC,0.375501,0.165559,0.3745849046816351,0.1610305599164179,0.1504175003481171,GPR
0.115714,2.8214,20.0,10,FCC,0.393349,0.205244,0.4199627859869457,0.1781871535626104,0.1644203397994739,GPR
0.126429,2.8214,20.0,10,FCC,0.396723,0.275938,0.4696410663089002,0.1965188270301765,0.1790168005881504,GPR
0.137143,2.8214,20.0,10,FCC,0.395411,0.399577,0.5243039847391655,0.2163199951475159,0.1943066440931763,GPR
0.147857,2.8214,20.0,10,FCC,0.393235,0.602046,0.5847260058382591,0.2380301332969348,0.2104105791649196,GPR
0.158571,2.8214,20.0,10,FCC,0.393008,0.849511,0.6517299791754321,0.2622353623203156,0.2274619707900609,GPR
0.169286,2.8214,20.0,10,FCC,0.400254,0.942575,0.7261657566529944,0.2896509851261112,0.2456052424974568,GPR
0.18,2.8214,20.0,10,FCC,0.415853,0.784915,0.808840368709163,0.3210547697601771,0.2649826641710379,GPR
0.03,3.0,20.0,10,FCC,0.229627,0.363639,0.1374801134742816,0.0632812463452137,0.0637868067677611,GPR
0.040714,3.0,20.0,10,FCC,0.256004,0.274829,0.1649879445678289,0.0754201784422323,0.0752047928127203,GPR
0.051429,3.0,20.0,10,FCC,0.292549,0.211174,0.1942135868811069,0.0880541207830709,0.0868989325644335,GPR
0.062143,3.0,20.0,10,FCC,0.310968,0.171421,0.2253606054408146,0.1012346967659918,0.0988898714618153,GPR
0.072857,3.0,20.0,10,FCC,0.318268,0.147673,0.2586631025509222,0.1150417828998232,0.1112028391470513,GPR
0.083571,3.0,20.0,10,FCC,0.321691,0.134745,0.2943956970696346,0.1295571782350305,0.123867149400178,GPR
0.094286,3.0,20.0,10,FCC,0.324464,0.13005,0.3328996620684367,0.1448598699314488,0.1369224581143723,GPR
0.105,3.0,20.0,10,FCC,0.329917,0.132822,0.3745849046816351,0.1610305599164179,0.1504175003481171,GPR
0.115714,3.0,20.0,10,FCC,0.345288,0.143801,0.4199627859869457,0.1781871535626104,0.1644203397994739,GPR
0.126429,3.0,20.0,10,FCC,0.370761,0.165458,0.4696410663089002,0.1965188270301765,0.1790168005881504,GPR
0.137143,3.0,20.0,10,FCC,0.383018,0.202821,0.5243039847391655,0.2163199951475159,0.1943066440931763,GPR
0.147857,3.0,20.0,10,FCC,0.385406,0.265123,0.5847260058382591,0.2380301332969348,0.2104105791649196,GPR
0.158571,3.0,20.0,10,FCC,0.384373,0.367977,0.6517299791754321,0.2622353623203156,0.2274619707900609,GPR
0.169286,3.0,20.0,10,FCC,0.382487,0.531391,0.7261657566529944,0.2896509851261112,0.2456052424974568,GPR
0.18,3.0,20.0,10,FCC,0.381505,0.751275,0.808840368709163,0.3210547697601771,0.2649826641710379,GPR
0.03,0.5,23.3333,10,FCC,0.075164,0.071889,0.1374801134742816,0.0632812463452137,0.0637868067677611,GPR
0.040714,0.5,23.3333,10,FCC,0.054892,0.050334,0.1649879445678289,0.0754201784422323,0.0752047928127203,GPR
0.051429,0.5,23.3333,10,FCC,0.042405,0.03905,0.1942135868811069,0.0880541207830709,0.0868989325644335,GPR
0.062143,0.5,23.3333,10,FCC,0.034157,0.032009,0.2253606054408146,0.1012346967659918,0.0988898714618153,GPR
0.072857,0.5,23.3333,10,FCC,0.028428,0.027163,0.2586631025509222,0.1150417828998232,0.1112028391470513,GPR
0.083571,0.5,23.3333,10,FCC,0.024287,0.023611,0.2943956970696346,0.1295571782350305,0.123867149400178,GPR
0.094286,0.5,23.3333,10,FCC,0.021186,0.020891,0.3328996620684367,0.1448598699314488,0.1369224581143723,GPR
0.105,0.5,23.3333,10,FCC,0.018789,0.018739,0.3745849046816351,0.1610305599164179,0.1504175003481171,GPR
0.115714,0.5,23.3333,10,FCC,0.016885,0.016992,0.4199627859869457,0.1781871535626104,0.1644203397994739,GPR
0.126429,0.5,23.3333,10,FCC,0.015336,0.015545,0.4696410663089002,0.1965188270301765,0.1790168005881504,GPR
0.137143,0.5,23.3333,10,FCC,0.014052,0.014326,0.5243039847391655,0.2163199951475159,0.1943066440931763,GPR
0.147857,0.5,23.3333,10,FCC,0.012969,0.013286,0.5847260058382591,0.2380301332969348,0.2104105791649196,GPR
0.158571,0.5,23.3333,10,FCC,0.012043,0.012387,0.6517299791754321,0.2622353623203156,0.2274619707900609,GPR
0.169286,0.5,23.3333,10,FCC,0.011242,0.011602,0.7261657566529944,0.2896509851261112,0.2456052424974568,GPR
0.18,0.5,23.3333,10,FCC,0.010542,0.010911,0.808840368709163,0.3210547697601771,0.2649826641710379,GPR
0.03,0.6786,23.3333,10,FCC,0.14074,0.206163,0.1374801134742816,0.0632812463452137,0.0637868067677611,GPR
0.040714,0.6786,23.3333,10,FCC,0.106031,0.117665,0.1649879445678289,0.0754201784422323,0.0752047928127203,GPR
0.051429,0.6786,23.3333,10,FCC,0.083409,0.073772,0.1942135868811069,0.0880541207830709,0.0868989325644335,GPR
0.062143,0.6786,23.3333,10,FCC,0.067502,0.054285,0.2253606054408146,0.1012346967659918,0.0988898714618153,GPR
0.072857,0.6786,23.3333,10,FCC,0.055785,0.043412,0.2586631025509222,0.1150417828998232,0.1112028391470513,GPR
0.083571,0.6786,23.3333,10,FCC,0.046953,0.036372,0.2943956970696346,0.1295571782350305,0.123867149400178,GPR
0.094286,0.6786,23.3333,10,FCC,0.040099,0.031393,0.3328996620684367,0.1448598699314488,0.1369224581143723,GPR
0.105,0.6786,23.3333,10,FCC,0.034684,0.027661,0.3745849046816351,0.1610305599164179,0.1504175003481171,GPR
0.115714,0.6786,23.3333,10,FCC,0.030347,0.024749,0.4199627859869457,0.1781871535626104,0.1644203397994739,GPR
0.126429,0.6786,23.3333,10,FCC,0.02683,0.022408,0.4696410663089002,0.1965188270301765,0.1790168005881504,GPR
0.137143,0.6786,23.3333,10,FCC,0.023952,0.020482,0.5243039847391655,0.2163199951475159,0.1943066440931763,GPR
0.147857,0.6786,23.3333,10,FCC,0.021576,0.018866,0.5847260058382591,0.2380301332969348,0.2104105791649196,GPR
0.158571,0.6786,23.3333,10,FCC,0.019602,0.017492,0.6517299791754321,0.2622353623203156,0.2274619707900609,GPR
0.169286,0.6786,23.3333,10,FCC,0.017947,0.016307,0.7261657566529944,0.2896509851261112,0.2456052424974568,GPR
0.18,0.6786,23.3333,10,FCC,0.016549,0.015274,0.808840368709163,0.3210547697601771,0.2649826641710379,GPR
0.03,0.8571,23.3333,10,FCC,0.219177,0.372512,0.1374801134742816,0.0632812463452137,0.0637868067677611,GPR
0.040714,0.8571,23.3333,10,FCC,0.172027,0.284681,0.1649879445678289,0.0754201784422323,0.0752047928127203,GPR
0.051429,0.8571,23.3333,10,FCC,0.140846,0.215511,0.1942135868811069,0.0880541207830709,0.0868989325644335,GPR
0.062143,0.8571,23.3333,10,FCC,0.116673,0.150643,0.2253606054408146,0.1012346967659918,0.0988898714618153,GPR
0.072857,0.8571,23.3333,10,FCC,0.097898,0.097383,0.2586631025509222,0.1150417828998232,0.1112028391470513,GPR
0.083571,0.8571,23.3333,10,FCC,0.083853,0.06848,0.2943956970696346,0.1295571782350305,0.123867149400178,GPR
0.094286,0.8571,23.3333,10,FCC,0.072798,0.053307,0.3328996620684367,0.1448598699314488,0.1369224581143723,GPR
0.105,0.8571,23.3333,10,FCC,0.063602,0.044073,0.3745849046816351,0.1610305599164179,0.1504175003481171,GPR
0.115714,0.8571,23.3333,10,FCC,0.055906,0.037793,0.4199627859869457,0.1781871535626104,0.1644203397994739,GPR
0.126429,0.8571,23.3333,10,FCC,0.049546,0.0332,0.4696410663089002,0.1965188270301765,0.1790168005881504,GPR
0.137143,0.8571,23.3333,10,FCC,0.044235,0.029672,0.5243039847391655,0.2163199951475159,0.1943066440931763,GPR
0.147857,0.8571,23.3333,10,FCC,0.039699,0.026862,0.5847260058382591,0.2380301332969348,0.2104105791649196,GPR
0.158571,0.8571,23.3333,10,FCC,0.035779,0.024564,0.6517299791754321,0.2622353623203156,0.2274619707900609,GPR
0.169286,0.8571,23.3333,10,FCC,0.03239,0.022645,0.7261657566529944,0.2896509851261112,0.2456052424974568,GPR
0.18,0.8571,23.3333,10,FCC,0.029457,0.021015,0.808840368709163,0.3210547697601771,0.2649826641710379,GPR
0.03,1.0357,23.3333,10,FCC,0.308152,0.538702,0.1374801134742816,0.0632812463452137,0.0637868067677611,GPR
0.040714,1.0357,23.3333,10,FCC,0.250509,0.338839,0.1649879445678289,0.0754201784422323,0.0752047928127203,GPR
0.051429,1.0357,23.3333,10,FCC,0.204747,0.353052,0.1942135868811069,0.0880541207830709,0.0868989325644335,GPR
0.062143,1.0357,23.3333,10,FCC,0.173737,0.288559,0.2253606054408146,0.1012346967659918,0.0988898714618153,GPR
0.072857,1.0357,23.3333,10,FCC,0.151161,0.245386,0.2586631025509222,0.1150417828998232,0.1112028391470513,GPR
0.083571,1.0357,23.3333,10,FCC,0.132771,0.204323,0.2943956970696346,0.1295571782350305,0.123867149400178,GPR
0.094286,1.0357,23.3333,10,FCC,0.116613,0.155898,0.3328996620684367,0.1448598699314488,0.1369224581143723,GPR
0.105,1.0357,23.3333,10,FCC,0.102532,0.111545,0.3745849046816351,0.1610305599164179,0.1504175003481171,GPR
0.115714,1.0357,23.3333,10,FCC,0.091085,0.079464,0.4199627859869457,0.1781871535626104,0.1644203397994739,GPR
0.126429,1.0357,23.3333,10,FCC,0.081919,0.061048,0.4696410663089002,0.1965188270301765,0.1790168005881504,GPR
0.137143,1.0357,23.3333,10,FCC,0.074265,0.050018,0.5243039847391655,0.2163199951475159,0.1943066440931763,GPR
0.147857,1.0357,23.3333,10,FCC,0.067549,0.042704,0.5847260058382591,0.2380301332969348,0.2104105791649196,GPR
0.158571,1.0357,23.3333,10,FCC,0.061471,0.037455,0.6517299791754321,0.2622353623203156,0.2274619707900609,GPR
0.169286,1.0357,23.3333,10,FCC,0.055985,0.033473,0.7261657566529944,0.2896509851261112,0.2456052424974568,GPR
0.18,1.0357,23.3333,10,FCC,0.051155,0.030329,0.808840368709163,0.3210547697601771,0.2649826641710379,GPR
0.03,1.2143,23.3333,10,FCC,0.380052,0.330981,0.1374801134742816,0.0632812463452137,0.0637868067677611,GPR
0.040714,1.2143,23.3333,10,FCC,0.32604,0.54019,0.1649879445678289,0.0754201784422323,0.0752047928127203,GPR
0.051429,1.2143,23.3333,10,FCC,0.281991,0.388308,0.1942135868811069,0.0880541207830709,0.0868989325644335,GPR
0.062143,1.2143,23.3333,10,FCC,0.242423,0.335399,0.2253606054408146,0.1012346967659918,0.0988898714618153,GPR
0.072857,1.2143,23.3333,10,FCC,0.208309,0.399639,0.2586631025509222,0.1150417828998232,0.1112028391470513,GPR
0.083571,1.2143,23.3333,10,FCC,0.183147,0.278999,0.2943956970696346,0.1295571782350305,0.123867149400178,GPR
0.094286,1.2143,23.3333,10,FCC,0.164294,0.297176,0.3328996620684367,0.1448598699314488,0.1369224581143723,GPR
0.105,1.2143,23.3333,10,FCC,0.149047,0.245917,0.3745849046816351,0.1610305599164179,0.1504175003481171,GPR
0.115714,1.2143,23.3333,10,FCC,0.135901,0.216204,0.4199627859869457,0.1781871535626104,0.1644203397994739,GPR
0.126429,1.2143,23.3333,10,FCC,0.123926,0.184223,0.4696410663089002,0.1965188270301765,0.1790168005881504,GPR
0.137143,1.2143,23.3333,10,FCC,0.112631,0.148076,0.5243039847391655,0.2163199951475159,0.1943066440931763,GPR
0.147857,1.2143,23.3333,10,FCC,0.102204,0.113275,0.5847260058382591,0.2380301332969348,0.2104105791649196,GPR
0.158571,1.2143,23.3333,10,FCC,0.093209,0.084384,0.6517299791754321,0.2622353623203156,0.2274619707900609,GPR
0.169286,1.2143,23.3333,10,FCC,0.085744,0.065521,0.7261657566529944,0.2896509851261112,0.2456052424974568,GPR
0.18,1.2143,23.3333,10,FCC,0.079475,0.053753,0.808840368709163,0.3210547697601771,0.2649826641710379,GPR
0.03,1.3929,23.3333,10,FCC,0.438722,0.869332,0.1374801134742816,0.0632812463452137,0.0637868067677611,GPR
0.040714,1.3929,23.3333,10,FCC,0.387468,0.3491,0.1649879445678289,0.0754201784422323,0.0752047928127203,GPR
0.051429,1.3929,23.3333,10,FCC,0.344374,0.347818,0.1942135868811069,0.0880541207830709,0.0868989325644335,GPR
0.062143,1.3929,23.3333,10,FCC,0.30853,0.633088,0.2253606054408146,0.1012346967659918,0.0988898714618153,GPR
0.072857,1.3929,23.3333,10,FCC,0.27713,0.366251,0.2586631025509222,0.1150417828998232,0.1112028391470513,GPR
0.083571,1.3929,23.3333,10,FCC,0.247616,0.297835,0.2943956970696346,0.1295571782350305,0.123867149400178,GPR
0.094286,1.3929,23.3333,10,FCC,0.219689,0.425194,0.3328996620684367,0.1448598699314488,0.1369224581143723,GPR
0.105,1.3929,23.3333,10,FCC,0.196627,0.358323,0.3745849046816351,0.1610305599164179,0.1504175003481171,GPR
0.115714,1.3929,23.3333,10,FCC,0.178939,0.265157,0.4199627859869457,0.1781871535626104,0.1644203397994739,GPR
0.126429,1.3929,23.3333,10,FCC,0.164849,0.294996,0.4696410663089002,0.1965188270301765,0.1790168005881504,GPR
0.137143,1.3929,23.3333,10,FCC,0.153023,0.284685,0.5243039847391655,0.2163199951475159,0.1943066440931763,GPR
0.147857,1.3929,23.3333,10,FCC,0.142676,0.225338,0.5847260058382591,0.2380301332969348,0.2104105791649196,GPR
0.158571,1.3929,23.3333,10,FCC,0.13329,0.216177,0.6517299791754321,0.2622353623203156,0.2274619707900609,GPR
0.169286,1.3929,23.3333,10,FCC,0.124472,0.193597,0.7261657566529944,0.2896509851261112,0.2456052424974568,GPR
0.18,1.3929,23.3333,10,FCC,0.115927,0.161069,0.808840368709163,0.3210547697601771,0.2649826641710379,GPR
0.03,1.5714,23.3333,10,FCC,0.472226,0.332562,0.1374801134742816,0.0632812463452137,0.0637868067677611,GPR
0.040714,1.5714,23.3333,10,FCC,0.436853,0.889527,0.1649879445678289,0.0754201784422323,0.0752047928127203,GPR
0.051429,1.5714,23.3333,10,FCC,0.397553,0.446498,0.1942135868811069,0.0880541207830709,0.0868989325644335,GPR
0.062143,1.5714,23.3333,10,FCC,0.361728,0.27908,0.2253606054408146,0.1012346967659918,0.0988898714618153,GPR
0.072857,1.5714,23.3333,10,FCC,0.331131,0.383501,0.2586631025509222,0.1150417828998232,0.1112028391470513,GPR
0.083571,1.5714,23.3333,10,FCC,0.304476,0.664735,0.2943956970696346,0.1295571782350305,0.123867149400178,GPR
0.094286,1.5714,23.3333,10,FCC,0.280461,0.417867,0.3328996620684367,0.1448598699314488,0.1369224581143723,GPR
0.105,1.5714,23.3333,10,FCC,0.257758,0.278846,0.3745849046816351,0.1610305599164179,0.1504175003481171,GPR
0.115714,1.5714,23.3333,10,FCC,0.235298,0.313448,0.4199627859869457,0.1781871535626104,0.1644203397994739,GPR
0.126429,1.5714,23.3333,10,FCC,0.213859,0.453293,0.4696410663089002,0.1965188270301765,0.1790168005881504,GPR
0.137143,1.5714,23.3333,10,FCC,0.195756,0.383976,0.5243039847391655,0.2163199951475159,0.1943066440931763,GPR
0.147857,1.5714,23.3333,10,FCC,0.181319,0.268705,0.5847260058382591,0.2380301332969348,0.2104105791649196,GPR
0.158571,1.5714,23.3333,10,FCC,0.169526,0.258754,0.6517299791754321,0.2622353623203156,0.2274619707900609,GPR
0.169286,1.5714,23.3333,10,FCC,0.159505,0.311609,0.7261657566529944,0.2896509851261112,0.2456052424974568,GPR
0.18,1.5714,23.3333,10,FCC,0.15071,0.291918,0.808840368709163,0.3210547697601771,0.2649826641710379,GPR
0.03,1.75,23.3333,10,FCC,0.492152,0.248085,0.1374801134742816,0.0632812463452137,0.0637868067677611,GPR
0.040714,1.75,23.3333,10,FCC,0.463093,0.30099,0.1649879445678289,0.0754201784422323,0.0752047928127203,GPR
0.051429,1.75,23.3333,10,FCC,0.437006,0.749271,0.1942135868811069,0.0880541207830709,0.0868989325644335,GPR
0.062143,1.75,23.3333,10,FCC,0.407846,0.68177,0.2253606054408146,0.1012346967659918,0.0988898714618153,GPR
0.072857,1.75,23.3333,10,FCC,0.377631,0.326294,0.2586631025509222,0.1150417828998232,0.1112028391470513,GPR
0.083571,1.75,23.3333,10,FCC,0.350848,0.260196,0.2943956970696346,0.1295571782350305,0.123867149400178,GPR
0.094286,1.75,23.3333,10,FCC,0.327239,0.355112,0.3328996620684367,0.1448598699314488,0.1369224581143723,GPR
0.105,1.75,23.3333,10,FCC,0.306135,0.644988,0.3745849046816351,0.1610305599164179,0.1504175003481171,GPR
0.115714,1.75,23.3333,10,FCC,0.286883,0.564192,0.4199627859869457,0.1781871535626104,0.1644203397994739,GPR
0.126429,1.75,23.3333,10,FCC,0.268817,0.328789,0.4696410663089002,0.1965188270301765,0.1790168005881504,GPR
0.137143,1.75,23.3333,10,FCC,0.251201,0.257775,0.5243039847391655,0.2163199951475159,0.1943066440931763,GPR
0.147857,1.75,23.3333,10,FCC,0.233434,0.295258,0.5847260058382591,0.2380301332969348,0.2104105791649196,GPR
0.158571,1.75,23.3333,10,FCC,0.215906,0.431915,0.6517299791754321,0.2622353623203156,0.2274619707900609,GPR
0.169286,1.75,23.3333,10,FCC,0.20022,0.46662,0.7261657566529944,0.2896509851261112,0.2456052424974568,GPR
0.18,1.75,23.3333,10,FCC,0.187211,0.32719,0.808840368709163,0.3210547697601771,0.2649826641710379,GPR
0.03,1.9286,23.3333,10,FCC,0.482095,0.382549,0.1374801134742816,0.0632812463452137,0.0637868067677611,GPR
0.040714,1.9286,23.3333,10,FCC,0.480666,0.232712,0.1649879445678289,0.0754201784422323,0.0752047928127203,GPR
0.051429,1.9286,23.3333,10,FCC,0.455704,0.258079,0.1942135868811069,0.0880541207830709,0.0868989325644335,GPR
0.062143,1.9286,23.3333,10,FCC,0.437146,0.510889,0.2253606054408146,0.1012346967659918,0.0988898714618153,GPR
0.072857,1.9286,23.3333,10,FCC,0.416173,0.940448,0.2586631025509222,0.1150417828998232,0.1112028391470513,GPR
0.083571,1.9286,23.3333,10,FCC,0.391777,0.518233,0.2943956970696346,0.1295571782350305,0.123867149400178,GPR
0.094286,1.9286,23.3333,10,FCC,0.368167,0.293144,0.3328996620684367,0.1448598699314488,0.1369224581143723,GPR
0.105,1.9286,23.3333,10,FCC,0.346892,0.243266,0.3745849046816351,0.1610305599164179,0.1504175003481171,GPR
0.115714,1.9286,23.3333,10,FCC,0.327726,0.295409,0.4199627859869457,0.1781871535626104,0.1644203397994739,GPR
0.126429,1.9286,23.3333,10,FCC,0.310306,0.498664,0.4696410663089002,0.1965188270301765,0.1790168005881504,GPR
0.137143,1.9286,23.3333,10,FCC,0.294283,0.723507,0.5243039847391655,0.2163199951475159,0.1943066440931763,GPR
0.147857,1.9286,23.3333,10,FCC,0.279313,0.503802,0.5847260058382591,0.2380301332969348,0.2104105791649196,GPR
0.158571,1.9286,23.3333,10,FCC,0.265023,0.312839,0.6517299791754321,0.2622353623203156,0.2274619707900609,GPR
0.169286,1.9286,23.3333,10,FCC,0.250987,0.246383,0.7261657566529944,0.2896509851261112,0.2456052424974568,GPR
0.18,1.9286,23.3333,10,FCC,0.236772,0.255984,0.808840368709163,0.3210547697601771,0.2649826641710379,GPR
0.03,2.1071,23.3333,10,FCC,0.466306,0.790442,0.1374801134742816,0.0632812463452137,0.0637868067677611,GPR
0.040714,2.1071,23.3333,10,FCC,0.468372,0.346069,0.1649879445678289,0.0754201784422323,0.0752047928127203,GPR
0.051429,2.1071,23.3333,10,FCC,0.469674,0.22463,0.1942135868811069,0.0880541207830709,0.0868989325644335,GPR
0.062143,2.1071,23.3333,10,FCC,0.451363,0.223231,0.2253606054408146,0.1012346967659918,0.0988898714618153,GPR
0.072857,2.1071,23.3333,10,FCC,0.438165,0.339197,0.2586631025509222,0.1150417828998232,0.1112028391470513,GPR
0.083571,2.1071,23.3333,10,FCC,0.420675,0.720119,0.2943956970696346,0.1295571782350305,0.123867149400178,GPR
0.094286,2.1071,23.3333,10,FCC,0.403212,0.89193,0.3328996620684367,0.1448598699314488,0.1369224581143723,GPR
0.105,2.1071,23.3333,10,FCC,0.383225,0.478446,0.3745849046816351,0.1610305599164179,0.1504175003481171,GPR
0.115714,2.1071,23.3333,10,FCC,0.364034,0.289172,0.4199627859869457,0.1781871535626104,0.1644203397994739,GPR
0.126429,2.1071,23.3333,10,FCC,0.346444,0.231688,0.4696410663089002,0.1965188270301765,0.1790168005881504,GPR
0.137143,2.1071,23.3333,10,FCC,0.330343,0.244194,0.5243039847391655,0.2163199951475159,0.1943066440931763,GPR
0.147857,2.1071,23.3333,10,FCC,0.31553,0.338736,0.5847260058382591,0.2380301332969348,0.2104105791649196,GPR
0.158571,2.1071,23.3333,10,FCC,0.301803,0.570258,0.6517299791754321,0.2622353623203156,0.2274619707900609,GPR
0.169286,2.1071,23.3333,10,FCC,0.288969,0.747402,0.7261657566529944,0.2896509851261112,0.2456052424974568,GPR
0.18,2.1071,23.3333,10,FCC,0.276834,0.531963,0.808840368709163,0.3210547697601771,0.2649826641710379,GPR
0.03,2.2857,23.3333,10,FCC,0.422582,0.776653,0.1374801134742816,0.0632812463452137,0.0637868067677611,GPR
0.040714,2.2857,23.3333,10,FCC,0.457984,0.704413,0.1649879445678289,0.0754201784422323,0.0752047928127203,GPR
0.051429,2.2857,23.3333,10,FCC,0.456703,0.340457,0.1942135868811069,0.0880541207830709,0.0868989325644335,GPR
0.062143,2.2857,23.3333,10,FCC,0.456119,0.223841,0.2253606054408146,0.1012346967659918,0.0988898714618153,GPR
0.072857,2.2857,23.3333,10,FCC,0.449654,0.201637,0.2586631025509222,0.1150417828998232,0.1112028391470513,GPR
0.083571,2.2857,23.3333,10,FCC,0.433922,0.246462,0.2943956970696346,0.1295571782350305,0.123867149400178,GPR
0.094286,2.2857,23.3333,10,FCC,0.422999,0.412722,0.3328996620684367,0.1448598699314488,0.1369224581143723,GPR
0.105,2.2857,23.3333,10,FCC,0.410023,0.814373,0.3745849046816351,0.1610305599164179,0.1504175003481171,GPR
0.115714,2.2857,23.3333,10,FCC,0.395304,0.885288,0.4199627859869457,0.1781871535626104,0.1644203397994739,GPR
0.126429,2.2857,23.3333,10,FCC,0.378832,0.503036,0.4696410663089002,0.1965188270301765,0.1790168005881504,GPR
0.137143,2.2857,23.3333,10,FCC,0.362774,0.307711,0.5243039847391655,0.2163199951475159,0.1943066440931763,GPR
0.147857,2.2857,23.3333,10,FCC,0.347826,0.232815,0.5847260058382591,0.2380301332969348,0.2104105791649196,GPR
0.158571,2.2857,23.3333,10,FCC,0.33397,0.216021,0.6517299791754321,0.2622353623203156,0.2274619707900609,GPR
0.169286,2.2857,23.3333,10,FCC,0.321095,0.245544,0.7261657566529944,0.2896509851261112,0.2456052424974568,GPR
0.18,2.2857,23.3333,10,FCC,0.309079,0.342676,0.808840368709163,0.3210547697601771,0.2649826641710379,GPR
0.03,2.4643,23.3333,10,FCC,0.40653,0.370254,0.1374801134742816,0.0632812463452137,0.0637868067677611,GPR
0.040714,2.4643,23.3333,10,FCC,0.412212,0.840821,0.1649879445678289,0.0754201784422323,0.0752047928127203,GPR
0.051429,2.4643,23.3333,10,FCC,0.446184,0.683406,0.1942135868811069,0.0880541207830709,0.0868989325644335,GPR
0.062143,2.4643,23.3333,10,FCC,0.446364,0.355025,0.2253606054408146,0.1012346967659918,0.0988898714618153,GPR
0.072857,2.4643,23.3333,10,FCC,0.441145,0.231592,0.2586631025509222,0.1150417828998232,0.1112028391470513,GPR
0.083571,2.4643,23.3333,10,FCC,0.446989,0.192613,0.2943956970696346,0.1295571782350305,0.123867149400178,GPR
0.094286,2.4643,23.3333,10,FCC,0.430856,0.200655,0.3328996620684367,0.1448598699314488,0.1369224581143723,GPR
0.105,2.4643,23.3333,10,FCC,0.423632,0.263937,0.3745849046816351,0.1610305599164179,0.1504175003481171,GPR
0.115714,2.4643,23.3333,10,FCC,0.412265,0.439867,0.4199627859869457,0.1781871535626104,0.1644203397994739,GPR
0.126429,2.4643,23.3333,10,FCC,0.402345,0.812376,0.4696410663089002,0.1965188270301765,0.1790168005881504,GPR
0.137143,2.4643,23.3333,10,FCC,0.390328,0.935695,0.5243039847391655,0.2163199951475159,0.1943066440931763,GPR
0.147857,2.4643,23.3333,10,FCC,0.376768,0.583505,0.5847260058382591,0.2380301332969348,0.2104105791649196,GPR
0.158571,2.4643,23.3333,10,FCC,0.363087,0.354787,0.6517299791754321,0.2622353623203156,0.2274619707900609,GPR
0.169286,2.4643,23.3333,10,FCC,0.350142,0.252706,0.7261657566529944,0.2896509851261112,0.2456052424974568,GPR
0.18,2.4643,23.3333,10,FCC,0.338009,0.211282,0.808840368709163,0.3210547697601771,0.2649826641710379,GPR
0.03,2.6429,23.3333,10,FCC,0.384451,0.211367,0.1374801134742816,0.0632812463452137,0.0637868067677611,GPR
0.040714,2.6429,23.3333,10,FCC,0.395991,0.421893,0.1649879445678289,0.0754201784422323,0.0752047928127203,GPR
0.051429,2.6429,23.3333,10,FCC,0.401085,0.843451,0.1942135868811069,0.0880541207830709,0.0868989325644335,GPR
0.062143,2.6429,23.3333,10,FCC,0.432639,0.704899,0.2253606054408146,0.1012346967659918,0.0988898714618153,GPR
0.072857,2.6429,23.3333,10,FCC,0.43673,0.388263,0.2586631025509222,0.1150417828998232,0.1112028391470513,GPR
0.083571,2.6429,23.3333,10,FCC,0.429883,0.249566,0.2943956970696346,0.1295571782350305,0.123867149400178,GPR
0.094286,2.6429,23.3333,10,FCC,0.437515,0.194786,0.3328996620684367,0.1448598699314488,0.1369224581143723,GPR
0.105,2.6429,23.3333,10,FCC,0.431793,0.180995,0.3745849046816351,0.1610305599164179,0.1504175003481171,GPR
0.115714,2.6429,23.3333,10,FCC,0.418009,0.199637,0.4199627859869457,0.1781871535626104,0.1644203397994739,GPR
0.126429,2.6429,23.3333,10,FCC,0.414488,0.263925,0.4696410663089002,0.1965188270301765,0.1790168005881504,GPR
0.137143,2.6429,23.3333,10,FCC,0.40442,0.419377,0.5243039847391655,0.2163199951475159,0.1943066440931763,GPR
0.147857,2.6429,23.3333,10,FCC,0.396346,0.738733,0.5847260058382591,0.2380301332969348,0.2104105791649196,GPR
0.158571,2.6429,23.3333,10,FCC,0.38687,0.985859,0.6517299791754321,0.2622353623203156,0.2274619707900609,GPR
0.169286,2.6429,23.3333,10,FCC,0.375926,0.72616,0.7261657566529944,0.2896509851261112,0.2456052424974568,GPR
0.18,2.6429,23.3333,10,FCC,0.364217,0.445494,0.808840368709163,0.3210547697601771,0.2649826641710379,GPR
0.03,2.8214,23.3333,10,FCC,0.337788,0.152861,0.1374801134742816,0.0632812463452137,0.0637868067677611,GPR
0.040714,2.8214,23.3333,10,FCC,0.378779,0.229885,0.1649879445678289,0.0754201784422323,0.0752047928127203,GPR
0.051429,2.8214,23.3333,10,FCC,0.385203,0.437965,0.1942135868811069,0.0880541207830709,0.0868989325644335,GPR
0.062143,2.8214,23.3333,10,FCC,0.38927,0.815186,0.2253606054408146,0.1012346967659918,0.0988898714618153,GPR
0.072857,2.8214,23.3333,10,FCC,0.416674,0.75293,0.2586631025509222,0.1150417828998232,0.1112028391470513,GPR
0.083571,2.8214,23.3333,10,FCC,0.427072,0.442249,0.2943956970696346,0.1295571782350305,0.123867149400178,GPR
0.094286,2.8214,23.3333,10,FCC,0.421599,0.280335,0.3328996620684367,0.1448598699314488,0.1369224581143723,GPR
0.105,2.8214,23.3333,10,FCC,0.420064,0.207874,0.3745849046816351,0.1610305599164179,0.1504175003481171,GPR
0.115714,2.8214,23.3333,10,FCC,0.429001,0.177724,0.4199627859869457,0.1781871535626104,0.1644203397994739,GPR
0.126429,2.8214,23.3333,10,FCC,0.419379,0.173416,0.4696410663089002,0.1965188270301765,0.1790168005881504,GPR
0.137143,2.8214,23.3333,10,FCC,0.408253,0.193394,0.5243039847391655,0.2163199951475159,0.1943066440931763,GPR
0.147857,2.8214,23.3333,10,FCC,0.406559,0.248521,0.5847260058382591,0.2380301332969348,0.2104105791649196,GPR
0.158571,2.8214,23.3333,10,FCC,0.398407,0.369805,0.6517299791754321,0.2622353623203156,0.2274619707900609,GPR
0.169286,2.8214,23.3333,10,FCC,0.390836,0.615726,0.7261657566529944,0.2896509851261112,0.2456052424974568,GPR
0.18,2.8214,23.3333,10,FCC,0.384195,0.940696,0.808840368709163,0.3210547697601771,0.2649826641710379,GPR
0.03,3.0,23.3333,10,FCC,0.302098,0.12963,0.1374801134742816,0.0632812463452137,0.0637868067677611,GPR
0.040714,3.0,23.3333,10,FCC,0.34283,0.158509,0.1649879445678289,0.0754201784422323,0.0752047928127203,GPR
0.051429,3.0,23.3333,10,FCC,0.370121,0.236621,0.1942135868811069,0.0880541207830709,0.0868989325644335,GPR
0.062143,3.0,23.3333,10,FCC,0.374632,0.424657,0.2253606054408146,0.1012346967659918,0.0988898714618153,GPR
0.072857,3.0,23.3333,10,FCC,0.377462,0.761032,0.2586631025509222,0.1150417828998232,0.1112028391470513,GPR
0.083571,3.0,23.3333,10,FCC,0.39761,0.808434,0.2943956970696346,0.1295571782350305,0.123867149400178,GPR
0.094286,3.0,23.3333,10,FCC,0.41639,0.520001,0.3328996620684367,0.1448598699314488,0.1369224581143723,GPR
0.105,3.0,23.3333,10,FCC,0.414166,0.327905,0.3745849046816351,0.1610305599164179,0.1504175003481171,GPR
0.115714,3.0,23.3333,10,FCC,0.409108,0.233201,0.4199627859869457,0.1781871535626104,0.1644203397994739,GPR
0.126429,3.0,23.3333,10,FCC,0.413801,0.187131,0.4696410663089002,0.1965188270301765,0.1790168005881504,GPR
0.137143,3.0,23.3333,10,FCC,0.419069,0.167354,0.5243039847391655,0.2163199951475159,0.1943066440931763,GPR
0.147857,3.0,23.3333,10,FCC,0.409672,0.165935,0.5847260058382591,0.2380301332969348,0.2104105791649196,GPR
0.158571,3.0,23.3333,10,FCC,0.399984,0.182769,0.6517299791754321,0.2622353623203156,0.2274619707900609,GPR
0.169286,3.0,23.3333,10,FCC,0.399085,0.225045,0.7261657566529944,0.2896509851261112,0.2456052424974568,GPR
0.18,3.0,23.3333,10,FCC,0.393607,0.311625,0.808840368709163,0.3210547697601771,0.2649826641710379,GPR
0.03,0.5,26.6667,10,FCC,0.043558,0.039904,0.1374801134742816,0.0632812463452137,0.0637868067677611,GPR
0.040714,0.5,26.6667,10,FCC,0.031449,0.029911,0.1649879445678289,0.0754201784422323,0.0752047928127203,GPR
0.051429,0.5,26.6667,10,FCC,0.024475,0.023982,0.1942135868811069,0.0880541207830709,0.0868989325644335,GPR
0.062143,0.5,26.6667,10,FCC,0.020041,0.020035,0.2253606054408146,0.1012346967659918,0.0988898714618153,GPR
0.072857,0.5,26.6667,10,FCC,0.016988,0.017213,0.2586631025509222,0.1150417828998232,0.1112028391470513,GPR
0.083571,0.5,26.6667,10,FCC,0.014755,0.015091,0.2943956970696346,0.1295571782350305,0.123867149400178,GPR
0.094286,0.5,26.6667,10,FCC,0.013049,0.013437,0.3328996620684367,0.1448598699314488,0.1369224581143723,GPR
0.105,0.5,26.6667,10,FCC,0.011701,0.012111,0.3745849046816351,0.1610305599164179,0.1504175003481171,GPR
0.115714,0.5,26.6667,10,FCC,0.010608,0.011024,0.4199627859869457,0.1781871535626104,0.1644203397994739,GPR
0.126429,0.5,26.6667,10,FCC,0.009704,0.010117,0.4696410663089002,0.1965188270301765,0.1790168005881504,GPR
0.137143,0.5,26.6667,10,FCC,0.008942,0.009347,0.5243039847391655,0.2163199951475159,0.1943066440931763,GPR
0.147857,0.5,26.6667,10,FCC,0.008293,0.008687,0.5847260058382591,0.2380301332969348,0.2104105791649196,GPR
0.158571,0.5,26.6667,10,FCC,0.007731,0.008114,0.6517299791754321,0.2622353623203156,0.2274619707900609,GPR
0.169286,0.5,26.6667,10,FCC,0.007242,0.007612,0.7261657566529944,0.2896509851261112,0.2456052424974568,GPR
0.18,0.5,26.6667,10,FCC,0.00681,0.007169,0.808840368709163,0.3210547697601771,0.2649826641710379,GPR
0.03,0.6786,26.6667,10,FCC,0.082906,0.067705,0.1374801134742816,0.0632812463452137,0.0637868067677611,GPR
0.040714,0.6786,26.6667,10,FCC,0.059817,0.045804,0.1649879445678289,0.0754201784422323,0.0752047928127203,GPR
0.051429,0.6786,26.6667,10,FCC,0.045348,0.035138,0.1942135868811069,0.0880541207830709,0.0868989325644335,GPR
0.062143,0.6786,26.6667,10,FCC,0.035668,0.028662,0.2253606054408146,0.1012346967659918,0.0988898714618153,GPR
0.072857,0.6786,26.6667,10,FCC,0.02894,0.024264,0.2586631025509222,0.1150417828998232,0.1112028391470513,GPR
0.083571,0.6786,26.6667,10,FCC,0.024132,0.021063,0.2943956970696346,0.1295571782350305,0.123867149400178,GPR
0.094286,0.6786,26.6667,10,FCC,0.020619,0.018622,0.3328996620684367,0.1448598699314488,0.1369224581143723,GPR
0.105,0.6786,26.6667,10,FCC,0.017992,0.016696,0.3745849046816351,0.1610305599164179,0.1504175003481171,GPR
0.115714,0.6786,26.6667,10,FCC,0.015976,0.015135,0.4199627859869457,0.1781871535626104,0.1644203397994739,GPR
0.126429,0.6786,26.6667,10,FCC,0.014384,0.013844,0.4696410663089002,0.1965188270301765,0.1790168005881504,GPR
0.137143,0.6786,26.6667,10,FCC,0.013094,0.012757,0.5243039847391655,0.2163199951475159,0.1943066440931763,GPR
0.147857,0.6786,26.6667,10,FCC,0.012026,0.01183,0.5847260058382591,0.2380301332969348,0.2104105791649196,GPR
0.158571,0.6786,26.6667,10,FCC,0.011126,0.011029,0.6517299791754321,0.2622353623203156,0.2274619707900609,GPR
0.169286,0.6786,26.6667,10,FCC,0.010355,0.010331,0.7261657566529944,0.2896509851261112,0.2456052424974568,GPR
0.18,0.6786,26.6667,10,FCC,0.009687,0.009716,0.808840368709163,0.3210547697601771,0.2649826641710379,GPR
0.03,0.8571,26.6667,10,FCC,0.13714,0.190011,0.1374801134742816,0.0632812463452137,0.0637868067677611,GPR
0.040714,0.8571,26.6667,10,FCC,0.102271,0.091673,0.1649879445678289,0.0754201784422323,0.0752047928127203,GPR
0.051429,0.8571,26.6667,10,FCC,0.080206,0.057501,0.1942135868811069,0.0880541207830709,0.0868989325644335,GPR
0.062143,0.8571,26.6667,10,FCC,0.064124,0.043032,0.2253606054408146,0.1012346967659918,0.0988898714618153,GPR
0.072857,0.8571,26.6667,10,FCC,0.052385,0.034794,0.2586631025509222,0.1150417828998232,0.1112028391470513,GPR
0.083571,0.8571,26.6667,10,FCC,0.043572,0.029367,0.2943956970696346,0.1295571782350305,0.123867149400178,GPR
0.094286,0.8571,26.6667,10,FCC,0.036689,0.025478,0.3328996620684367,0.1448598699314488,0.1369224581143723,GPR
0.105,0.8571,26.6667,10,FCC,0.031298,0.022536,0.3745849046816351,0.1610305599164179,0.1504175003481171,GPR
0.115714,0.8571,26.6667,10,FCC,0.027007,0.020225,0.4199627859869457,0.1781871535626104,0.1644203397994739,GPR
0.126429,0.8571,26.6667,10,FCC,0.023556,0.018355,0.4696410663089002,0.1965188270301765,0.1790168005881504,GPR
0.137143,0.8571,26.6667,10,FCC,0.020769,0.01681,0.5243039847391655,0.2163199951475159,0.1943066440931763,GPR
0.147857,0.8571,26.6667,10,FCC,0.018506,0.01551,0.5847260058382591,0.2380301332969348,0.2104105791649196,GPR
0.158571,0.8571,26.6667,10,FCC,0.016661,0.0144,0.6517299791754321,0.2622353623203156,0.2274619707900609,GPR
0.169286,0.8571,26.6667,10,FCC,0.015149,0.01344,0.7261657566529944,0.2896509851261112,0.2456052424974568,GPR
0.18,0.8571,26.6667,10,FCC,0.0139,0.012602,0.808840368709163,0.3210547697601771,0.2649826641710379,GPR
0.03,1.0357,26.6667,10,FCC,0.195526,0.319037,0.1374801134742816,0.0632812463452137,0.0637868067677611,GPR
0.040714,1.0357,26.6667,10,FCC,0.155693,0.246071,0.1649879445678289,0.0754201784422323,0.0752047928127203,GPR
0.051429,1.0357,26.6667,10,FCC,0.125222,0.160052,0.1942135868811069,0.0880541207830709,0.0868989325644335,GPR
0.062143,1.0357,26.6667,10,FCC,0.101817,0.088369,0.2253606054408146,0.1012346967659918,0.0988898714618153,GPR
0.072857,1.0357,26.6667,10,FCC,0.085594,0.058625,0.2586631025509222,0.1150417828998232,0.1112028391470513,GPR
0.083571,1.0357,26.6667,10,FCC,0.072942,0.044932,0.2943956970696346,0.1295571782350305,0.123867149400178,GPR
0.094286,1.0357,26.6667,10,FCC,0.062243,0.036907,0.3328996620684367,0.1448598699314488,0.1369224581143723,GPR
0.105,1.0357,26.6667,10,FCC,0.053626,0.031527,0.3745849046816351,0.1610305599164179,0.1504175003481171,GPR
0.115714,1.0357,26.6667,10,FCC,0.046811,0.027621,0.4199627859869457,0.1781871535626104,0.1644203397994739,GPR
0.126429,1.0357,26.6667,10,FCC,0.041122,0.024633,0.4696410663089002,0.1965188270301765,0.1790168005881504,GPR
0.137143,1.0357,26.6667,10,FCC,0.036234,0.022261,0.5243039847391655,0.2163199951475159,0.1943066440931763,GPR
0.147857,1.0357,26.6667,10,FCC,0.032104,0.020326,0.5847260058382591,0.2380301332969348,0.2104105791649196,GPR
0.158571,1.0357,26.6667,10,FCC,0.028635,0.018713,0.6517299791754321,0.2622353623203156,0.2274619707900609,GPR
0.169286,1.0357,26.6667,10,FCC,0.025667,0.017347,0.7261657566529944,0.2896509851261112,0.2456052424974568,GPR
0.18,1.0357,26.6667,10,FCC,0.023102,0.016172,0.808840368709163,0.3210547697601771,0.2649826641710379,GPR
0.03,1.2143,26.6667,10,FCC,0.263807,0.379412,0.1374801134742816,0.0632812463452137,0.0637868067677611,GPR
0.040714,1.2143,26.6667,10,FCC,0.208017,0.321013,0.1649879445678289,0.0754201784422323,0.0752047928127203,GPR
0.051429,1.2143,26.6667,10,FCC,0.173934,0.318433,0.1942135868811069,0.0880541207830709,0.0868989325644335,GPR
0.062143,1.2143,26.6667,10,FCC,0.148873,0.240301,0.2253606054408146,0.1012346967659918,0.0988898714618153,GPR
0.072857,1.2143,26.6667,10,FCC,0.127148,0.171202,0.2586631025509222,0.1150417828998232,0.1112028391470513,GPR
0.083571,1.2143,26.6667,10,FCC,0.108105,0.106472,0.2943956970696346,0.1295571782350305,0.123867149400178,GPR
0.094286,1.2143,26.6667,10,FCC,0.093808,0.068554,0.3328996620684367,0.1448598699314488,0.1369224581143723,GPR
0.105,1.2143,26.6667,10,FCC,0.083012,0.051221,0.3745849046816351,0.1610305599164179,0.1504175003481171,GPR
0.115714,1.2143,26.6667,10,FCC,0.073981,0.041597,0.4199627859869457,0.1781871535626104,0.1644203397994739,GPR
0.126429,1.2143,26.6667,10,FCC,0.065795,0.035361,0.4696410663089002,0.1965188270301765,0.1790168005881504,GPR
0.137143,1.2143,26.6667,10,FCC,0.058399,0.030925,0.5243039847391655,0.2163199951475159,0.1943066440931763,GPR
0.147857,1.2143,26.6667,10,FCC,0.052182,0.027573,0.5847260058382591,0.2380301332969348,0.2104105791649196,GPR
0.158571,1.2143,26.6667,10,FCC,0.047085,0.024932,0.6517299791754321,0.2622353623203156,0.2274619707900609,GPR
0.169286,1.2143,26.6667,10,FCC,0.042736,0.022788,0.7261657566529944,0.2896509851261112,0.2456052424974568,GPR
0.18,1.2143,26.6667,10,FCC,0.038834,0.021006,0.808840368709163,0.3210547697601771,0.2649826641710379,GPR
0.03,1.3929,26.6667,10,FCC,0.327216,0.656662,0.1374801134742816,0.0632812463452137,0.0637868067677611,GPR
0.040714,1.3929,26.6667,10,FCC,0.273207,0.321037,0.1649879445678289,0.0754201784422323,0.0752047928127203,GPR
0.051429,1.3929,26.6667,10,FCC,0.224799,0.46001,0.1942135868811069,0.0880541207830709,0.0868989325644335,GPR
0.062143,1.3929,26.6667,10,FCC,0.192089,0.294539,0.2253606054408146,0.1012346967659918,0.0988898714618153,GPR
0.072857,1.3929,26.6667,10,FCC,0.169111,0.314425,0.2586631025509222,0.1150417828998232,0.1112028391470513,GPR
0.083571,1.3929,26.6667,10,FCC,0.150683,0.243231,0.2943956970696346,0.1295571782350305,0.123867149400178,GPR
0.094286,1.3929,26.6667,10,FCC,0.134262,0.19836,0.3328996620684367,0.1448598699314488,0.1369224581143723,GPR
0.105,1.3929,26.6667,10,FCC,0.118506,0.14725,0.3745849046816351,0.1610305599164179,0.1504175003481171,GPR
0.115714,1.3929,26.6667,10,FCC,0.104478,0.096144,0.4199627859869457,0.1781871535626104,0.1644203397994739,GPR
0.126429,1.3929,26.6667,10,FCC,0.093578,0.066086,0.4696410663089002,0.1965188270301765,0.1790168005881504,GPR
0.137143,1.3929,26.6667,10,FCC,0.085069,0.050912,0.5243039847391655,0.2163199951475159,0.1943066440931763,GPR
0.147857,1.3929,26.6667,10,FCC,0.077938,0.042046,0.5847260058382591,0.2380301332969348,0.2104105791649196,GPR
0.158571,1.3929,26.6667,10,FCC,0.071521,0.036153,0.6517299791754321,0.2622353623203156,0.2274619707900609,GPR
0.169286,1.3929,26.6667,10,FCC,0.065422,0.031895,0.7261657566529944,0.2896509851261112,0.2456052424974568,GPR
0.18,1.3929,26.6667,10,FCC,0.059574,0.028641,0.808840368709163,0.3210547697601771,0.2649826641710379,GPR
0.03,1.5714,26.6667,10,FCC,0.375287,0.311394,0.1374801134742816,0.0632812463452137,0.0637868067677611,GPR
0.040714,1.5714,26.6667,10,FCC,0.327415,0.727342,0.1649879445678289,0.0754201784422323,0.0752047928127203,GPR
0.051429,1.5714,26.6667,10,FCC,0.285885,0.308504,0.1942135868811069,0.0880541207830709,0.0868989325644335,GPR
0.062143,1.5714,26.6667,10,FCC,0.245455,0.439201,0.2253606054408146,0.1012346967659918,0.0988898714618153,GPR
0.072857,1.5714,26.6667,10,FCC,0.211723,0.380193,0.2586631025509222,0.1150417828998232,0.1112028391470513,GPR
0.083571,1.5714,26.6667,10,FCC,0.188221,0.285165,0.2943956970696346,0.1295571782350305,0.123867149400178,GPR
0.094286,1.5714,26.6667,10,FCC,0.170439,0.351409,0.3328996620684367,0.1448598699314488,0.1369224581143723,GPR
0.105,1.5714,26.6667,10,FCC,0.155734,0.241784,0.3745849046816351,0.1610305599164179,0.1504175003481171,GPR
0.115714,1.5714,26.6667,10,FCC,0.142723,0.244301,0.4199627859869457,0.1781871535626104,0.1644203397994739,GPR
0.126429,1.5714,26.6667,10,FCC,0.130396,0.187277,0.4696410663089002,0.1965188270301765,0.1790168005881504,GPR
0.137143,1.5714,26.6667,10,FCC,0.118103,0.150494,0.5243039847391655,0.2163199951475159,0.1943066440931763,GPR
0.147857,1.5714,26.6667,10,FCC,0.106489,0.105331,0.5847260058382591,0.2380301332969348,0.2104105791649196,GPR
0.158571,1.5714,26.6667,10,FCC,0.096883,0.073304,0.6517299791754321,0.2622353623203156,0.2274619707900609,GPR
0.169286,1.5714,26.6667,10,FCC,0.08928,0.055714,0.7261657566529944,0.2896509851261112,0.2456052424974568,GPR
0.18,1.5714,26.6667,10,FCC,0.083023,0.045589,0.808840368709163,0.3210547697601771,0.2649826641710379,GPR
0.03,1.75,26.6667,10,FCC,0.415252,0.416434,0.1374801134742816,0.0632812463452137,0.0637868067677611,GPR
0.040714,1.75,26.6667,10,FCC,0.36966,0.291096,0.1649879445678289,0.0754201784422323,0.0752047928127203,GPR
0.051429,1.75,26.6667,10,FCC,0.331589,0.727593,0.1942135868811069,0.0880541207830709,0.0868989325644335,GPR
0.062143,1.75,26.6667,10,FCC,0.298337,0.397044,0.2253606054408146,0.1012346967659918,0.0988898714618153,GPR
0.072857,1.75,26.6667,10,FCC,0.26658,0.285381,0.2586631025509222,0.1150417828998232,0.1112028391470513,GPR
0.083571,1.75,26.6667,10,FCC,0.234733,0.509416,0.2943956970696346,0.1295571782350305,0.123867149400178,GPR
0.094286,1.75,26.6667,10,FCC,0.208573,0.380489,0.3328996620684367,0.1448598699314488,0.1369224581143723,GPR
0.105,1.75,26.6667,10,FCC,0.189467,0.264064,0.3745849046816351,0.1610305599164179,0.1504175003481171,GPR
0.115714,1.75,26.6667,10,FCC,0.174547,0.358031,0.4199627859869457,0.1781871535626104,0.1644203397994739,GPR
0.126429,1.75,26.6667,10,FCC,0.162069,0.301028,0.4696410663089002,0.1965188270301765,0.1790168005881504,GPR
0.137143,1.75,26.6667,10,FCC,0.151116,0.230663,0.5243039847391655,0.2163199951475159,0.1943066440931763,GPR
0.147857,1.75,26.6667,10,FCC,0.141083,0.249862,0.5847260058382591,0.2380301332969348,0.2104105791649196,GPR
0.158571,1.75,26.6667,10,FCC,0.13144,0.195671,0.6517299791754321,0.2622353623203156,0.2274619707900609,GPR
0.169286,1.75,26.6667,10,FCC,0.121712,0.166234,0.7261657566529944,0.2896509851261112,0.2456052424974568,GPR
0.18,1.75,26.6667,10,FCC,0.111856,0.129671,0.808840368709163,0.3210547697601771,0.2649826641710379,GPR
0.03,1.9286,26.6667,10,FCC,0.444321,0.975367,0.1374801134742816,0.0632812463452137,0.0637868067677611,GPR
0.040714,1.9286,26.6667,10,FCC,0.405372,0.375941,0.1649879445678289,0.0754201784422323,0.0752047928127203,GPR
0.051429,1.9286,26.6667,10,FCC,0.368742,0.262443,0.1942135868811069,0.0880541207830709,0.0868989325644335,GPR
0.062143,1.9286,26.6667,10,FCC,0.33729,0.531135,0.2253606054408146,0.1012346967659918,0.0988898714618153,GPR
0.072857,1.9286,26.6667,10,FCC,0.309613,0.650753,0.2586631025509222,0.1150417828998232,0.1112028391470513,GPR
0.083571,1.9286,26.6667,10,FCC,0.284052,0.300623,0.2943956970696346,0.1295571782350305,0.123867149400178,GPR
0.094286,1.9286,26.6667,10,FCC,0.258556,0.28338,0.3328996620684367,0.1448598699314488,0.1369224581143723,GPR
0.105,1.9286,26.6667,10,FCC,0.232563,0.509024,0.3745849046816351,0.1610305599164179,0.1504175003481171,GPR
0.115714,1.9286,26.6667,10,FCC,0.210319,0.448122,0.4199627859869457,0.1781871535626104,0.1644203397994739,GPR
0.126429,1.9286,26.6667,10,FCC,0.19345,0.266395,0.4696410663089002,0.1965188270301765,0.1790168005881504,GPR
0.137143,1.9286,26.6667,10,FCC,0.180141,0.278033,0.5243039847391655,0.2163199951475159,0.1943066440931763,GPR
0.147857,1.9286,26.6667,10,FCC,0.169002,0.387765,0.5847260058382591,0.2380301332969348,0.2104105791649196,GPR
0.158571,1.9286,26.6667,10,FCC,0.15928,0.292892,0.6517299791754321,0.2622353623203156,0.2274619707900609,GPR
0.169286,1.9286,26.6667,10,FCC,0.150527,0.223823,0.7261657566529944,0.2896509851261112,0.2456052424974568,GPR
0.18,1.9286,26.6667,10,FCC,0.14242,0.250405,0.808840368709163,0.3210547697601771,0.2649826641710379,GPR
0.03,2.1071,26.6667,10,FCC,0.456147,0.365226,0.1374801134742816,0.0632812463452137,0.0637868067677611,GPR
0.040714,2.1071,26.6667,10,FCC,0.432491,0.983592,0.1649879445678289,0.0754201784422323,0.0752047928127203,GPR
0.051429,2.1071,26.6667,10,FCC,0.400543,0.382611,0.1942135868811069,0.0880541207830709,0.0868989325644335,GPR
0.062143,2.1071,26.6667,10,FCC,0.370127,0.244009,0.2253606054408146,0.1012346967659918,0.0988898714618153,GPR
0.072857,2.1071,26.6667,10,FCC,0.343425,0.345201,0.2586631025509222,0.1150417828998232,0.1112028391470513,GPR
0.083571,2.1071,26.6667,10,FCC,0.319694,0.783294,0.2943956970696346,0.1295571782350305,0.123867149400178,GPR
0.094286,2.1071,26.6667,10,FCC,0.29807,0.503281,0.3328996620684367,0.1448598699314488,0.1369224581143723,GPR
0.105,2.1071,26.6667,10,FCC,0.277533,0.273338,0.3745849046816351,0.1610305599164179,0.1504175003481171,GPR
0.115714,2.1071,26.6667,10,FCC,0.256774,0.2638,0.4199627859869457,0.1781871535626104,0.1644203397994739,GPR
0.126429,2.1071,26.6667,10,FCC,0.235147,0.439022,0.4696410663089002,0.1965188270301765,0.1790168005881504,GPR
0.137143,2.1071,26.6667,10,FCC,0.215192,0.569839,0.5243039847391655,0.2163199951475159,0.1943066440931763,GPR
0.147857,2.1071,26.6667,10,FCC,0.199311,0.332513,0.5847260058382591,0.2380301332969348,0.2104105791649196,GPR
0.158571,2.1071,26.6667,10,FCC,0.186759,0.241444,0.6517299791754321,0.2622353623203156,0.2274619707900609,GPR
0.169286,2.1071,26.6667,10,FCC,0.176341,0.280856,0.7261657566529944,0.2896509851261112,0.2456052424974568,GPR
0.18,2.1071,26.6667,10,FCC,0.167327,0.398078,0.808840368709163,0.3210547697601771,0.2649826641710379,GPR
0.03,2.2857,26.6667,10,FCC,0.454617,0.210806,0.1374801134742816,0.0632812463452137,0.0637868067677611,GPR
0.040714,2.2857,26.6667,10,FCC,0.44322,0.421574,0.1649879445678289,0.0754201784422323,0.0752047928127203,GPR
0.051429,2.2857,26.6667,10,FCC,0.42457,0.989559,0.1942135868811069,0.0880541207830709,0.0868989325644335,GPR
0.062143,2.2857,26.6667,10,FCC,0.398431,0.427029,0.2253606054408146,0.1012346967659918,0.0988898714618153,GPR
0.072857,2.2857,26.6667,10,FCC,0.372602,0.24441,0.2586631025509222,0.1150417828998232,0.1112028391470513,GPR
0.083571,2.2857,26.6667,10,FCC,0.349477,0.252139,0.2943956970696346,0.1295571782350305,0.123867149400178,GPR
0.094286,2.2857,26.6667,10,FCC,0.328699,0.464435,0.3328996620684367,0.1448598699314488,0.1369224581143723,GPR
0.105,2.2857,26.6667,10,FCC,0.309779,0.837049,0.3745849046816351,0.1610305599164179,0.1504175003481171,GPR
0.115714,2.2857,26.6667,10,FCC,0.292193,0.465311,0.4199627859869457,0.1781871535626104,0.1644203397994739,GPR
0.126429,2.2857,26.6667,10,FCC,0.275312,0.268296,0.4696410663089002,0.1965188270301765,0.1790168005881504,GPR
0.137143,2.2857,26.6667,10,FCC,0.258309,0.239096,0.5243039847391655,0.2163199951475159,0.1943066440931763,GPR
0.147857,2.2857,26.6667,10,FCC,0.240424,0.333099,0.5847260058382591,0.2380301332969348,0.2104105791649196,GPR
0.158571,2.2857,26.6667,10,FCC,0.22247,0.576015,0.6517299791754321,0.2622353623203156,0.2274619707900609,GPR
0.169286,2.2857,26.6667,10,FCC,0.206893,0.507198,0.7261657566529944,0.2896509851261112,0.2456052424974568,GPR
0.18,2.2857,26.6667,10,FCC,0.194385,0.29939,0.808840368709163,0.3210547697601771,0.2649826641710379,GPR
0.03,2.4643,26.6667,10,FCC,0.448671,0.207554,0.1374801134742816,0.0632812463452137,0.0637868067677611,GPR
0.040714,2.4643,26.6667,10,FCC,0.440162,0.213951,0.1649879445678289,0.0754201784422323,0.0752047928127203,GPR
0.051429,2.4643,26.6667,10,FCC,0.433303,0.427924,0.1942135868811069,0.0880541207830709,0.0868989325644335,GPR
0.062143,2.4643,26.6667,10,FCC,0.418873,0.995875,0.2253606054408146,0.1012346967659918,0.0988898714618153,GPR
0.072857,2.4643,26.6667,10,FCC,0.397745,0.519022,0.2586631025509222,0.1150417828998232,0.1112028391470513,GPR
0.083571,2.4643,26.6667,10,FCC,0.375509,0.268856,0.2943956970696346,0.1295571782350305,0.123867149400178,GPR
0.094286,2.4643,26.6667,10,FCC,0.355194,0.218898,0.3328996620684367,0.1448598699314488,0.1369224581143723,GPR
0.105,2.4643,26.6667,10,FCC,0.336734,0.276883,0.3745849046816351,0.1610305599164179,0.1504175003481171,GPR
0.115714,2.4643,26.6667,10,FCC,0.319845,0.535449,0.4199627859869457,0.1781871535626104,0.1644203397994739,GPR
0.126429,2.4643,26.6667,10,FCC,0.304222,0.852895,0.4696410663089002,0.1965188270301765,0.1790168005881504,GPR
0.137143,2.4643,26.6667,10,FCC,0.289542,0.492843,0.5243039847391655,0.2163199951475159,0.1943066440931763,GPR
0.147857,2.4643,26.6667,10,FCC,0.275425,0.282572,0.5847260058382591,0.2380301332969348,0.2104105791649196,GPR
0.158571,2.4643,26.6667,10,FCC,0.261367,0.225265,0.6517299791754321,0.2622353623203156,0.2274619707900609,GPR
0.169286,2.4643,26.6667,10,FCC,0.246753,0.253154,0.7261657566529944,0.2896509851261112,0.2456052424974568,GPR
0.18,2.4643,26.6667,10,FCC,0.231341,0.395286,0.808840368709163,0.3210547697601771,0.2649826641710379,GPR
0.03,2.6429,26.6667,10,FCC,0.425718,0.276061,0.1374801134742816,0.0632812463452137,0.0637868067677611,GPR
0.040714,2.6429,26.6667,10,FCC,0.443348,0.189287,0.1649879445678289,0.0754201784422323,0.0752047928127203,GPR
0.051429,2.6429,26.6667,10,FCC,0.429282,0.211544,0.1942135868811069,0.0880541207830709,0.0868989325644335,GPR
0.062143,2.6429,26.6667,10,FCC,0.425521,0.394383,0.2253606054408146,0.1012346967659918,0.0988898714618153,GPR
0.072857,2.6429,26.6667,10,FCC,0.414268,0.936107,0.2586631025509222,0.1150417828998232,0.1112028391470513,GPR
0.083571,2.6429,26.6667,10,FCC,0.397647,0.675736,0.2943956970696346,0.1295571782350305,0.123867149400178,GPR
0.094286,2.6429,26.6667,10,FCC,0.378464,0.327041,0.3328996620684367,0.1448598699314488,0.1369224581143723,GPR
0.105,2.6429,26.6667,10,FCC,0.360447,0.222788,0.3745849046816351,0.1610305599164179,0.1504175003481171,GPR
0.115714,2.6429,26.6667,10,FCC,0.343879,0.212793,0.4199627859869457,0.1781871535626104,0.1644203397994739,GPR
0.126429,2.6429,26.6667,10,FCC,0.328616,0.286281,0.4696410663089002,0.1965188270301765,0.1790168005881504,GPR
0.137143,2.6429,26.6667,10,FCC,0.314469,0.534457,0.5243039847391655,0.2163199951475159,0.1943066440931763,GPR
0.147857,2.6429,26.6667,10,FCC,0.301247,0.874939,0.5847260058382591,0.2380301332969348,0.2104105791649196,GPR
0.158571,2.6429,26.6667,10,FCC,0.288747,0.580991,0.6517299791754321,0.2622353623203156,0.2274619707900609,GPR
0.169286,2.6429,26.6667,10,FCC,0.276739,0.324993,0.7261657566529944,0.2896509851261112,0.2456052424974568,GPR
0.18,2.6429,26.6667,10,FCC,0.26493,0.231548,0.808840368709163,0.3210547697601771,0.2649826641710379,GPR
0.03,2.8214,26.6667,10,FCC,0.415658,0.441566,0.1374801134742816,0.0632812463452137,0.0637868067677611,GPR
0.040714,2.8214,26.6667,10,FCC,0.415544,0.230218,0.1649879445678289,0.0754201784422323,0.0752047928127203,GPR
0.051429,2.8214,26.6667,10,FCC,0.433476,0.179023,0.1942135868811069,0.0880541207830709,0.0868989325644335,GPR
0.062143,2.8214,26.6667,10,FCC,0.41992,0.202566,0.2253606054408146,0.1012346967659918,0.0988898714618153,GPR
0.072857,2.8214,26.6667,10,FCC,0.419045,0.341889,0.2586631025509222,0.1150417828998232,0.1112028391470513,GPR
0.083571,2.8214,26.6667,10,FCC,0.4093,0.78066,0.2943956970696346,0.1295571782350305,0.123867149400178,GPR
0.094286,2.8214,26.6667,10,FCC,0.397274,0.884324,0.3328996620684367,0.1448598699314488,0.1369224581143723,GPR
0.105,2.8214,26.6667,10,FCC,0.381209,0.439914,0.3745849046816351,0.1610305599164179,0.1504175003481171,GPR
0.115714,2.8214,26.6667,10,FCC,0.365167,0.26036,0.4199627859869457,0.1781871535626104,0.1644203397994739,GPR
0.126429,2.8214,26.6667,10,FCC,0.350197,0.203693,0.4696410663089002,0.1965188270301765,0.1790168005881504,GPR
0.137143,2.8214,26.6667,10,FCC,0.336294,0.206596,0.5243039847391655,0.2163199951475159,0.1943066440931763,GPR
0.147857,2.8214,26.6667,10,FCC,0.323349,0.274472,0.5847260058382591,0.2380301332969348,0.2104105791649196,GPR
0.158571,2.8214,26.6667,10,FCC,0.311237,0.477213,0.6517299791754321,0.2622353623203156,0.2274619707900609,GPR
0.169286,2.8214,26.6667,10,FCC,0.299834,0.844744,0.7261657566529944,0.2896509851261112,0.2456052424974568,GPR
0.18,2.8214,26.6667,10,FCC,0.289011,0.734068,0.808840368709163,0.3210547697601771,0.2649826641710379,GPR
0.03,3.0,26.6667,10,FCC,0.383731,0.697528,0.1374801134742816,0.0632812463452137,0.0637868067677611,GPR
0.040714,3.0,26.6667,10,FCC,0.406881,0.342923,0.1649879445678289,0.0754201784422323,0.0752047928127203,GPR
0.051429,3.0,26.6667,10,FCC,0.407033,0.207382,0.1942135868811069,0.0880541207830709,0.0868989325644335,GPR
0.062143,3.0,26.6667,10,FCC,0.423913,0.171311,0.2253606054408146,0.1012346967659918,0.0988898714618153,GPR
0.072857,3.0,26.6667,10,FCC,0.411543,0.189761,0.2586631025509222,0.1150417828998232,0.1112028391470513,GPR
0.083571,3.0,26.6667,10,FCC,0.412967,0.287739,0.2943956970696346,0.1295571782350305,0.123867149400178,GPR
0.094286,3.0,26.6667,10,FCC,0.403021,0.588916,0.3328996620684367,0.1448598699314488,0.1369224581143723,GPR
0.105,3.0,26.6667,10,FCC,0.39583,0.998325,0.3745849046816351,0.1610305599164179,0.1504175003481171,GPR
0.115714,3.0,26.6667,10,FCC,0.383457,0.640164,0.4199627859869457,0.1781871535626104,0.1644203397994739,GPR
0.126429,3.0,26.6667,10,FCC,0.369303,0.344953,0.4696410663089002,0.1965188270301765,0.1790168005881504,GPR
0.137143,3.0,26.6667,10,FCC,0.35574,0.231325,0.5243039847391655,0.2163199951475159,0.1943066440931763,GPR
0.147857,3.0,26.6667,10,FCC,0.343014,0.192709,0.5847260058382591,0.2380301332969348,0.2104105791649196,GPR
0.158571,3.0,26.6667,10,FCC,0.331094,0.196893,0.6517299791754321,0.2622353623203156,0.2274619707900609,GPR
0.169286,3.0,26.6667,10,FCC,0.319901,0.24906,0.7261657566529944,0.2896509851261112,0.2456052424974568,GPR
0.18,3.0,26.6667,10,FCC,0.309355,0.393993,0.808840368709163,0.3210547697601771,0.2649826641710379,GPR
0.03,0.5,30.0,10,FCC,0.027037,0.02635,0.1374801134742816,0.0632812463452137,0.0637868067677611,GPR
0.040714,0.5,30.0,10,FCC,0.020034,0.020148,0.1649879445678289,0.0754201784422323,0.0752047928127203,GPR
0.051429,0.5,30.0,10,FCC,0.015962,0.016323,0.1942135868811069,0.0880541207830709,0.0868989325644335,GPR
0.062143,0.5,30.0,10,FCC,0.013287,0.013723,0.2253606054408146,0.1012346967659918,0.0988898714618153,GPR
0.072857,0.5,30.0,10,FCC,0.011388,0.01184,0.2586631025509222,0.1150417828998232,0.1112028391470513,GPR
0.083571,0.5,30.0,10,FCC,0.009968,0.010412,0.2943956970696346,0.1295571782350305,0.123867149400178,GPR
0.094286,0.5,30.0,10,FCC,0.008865,0.009292,0.3328996620684367,0.1448598699314488,0.1369224581143723,GPR
0.105,0.5,30.0,10,FCC,0.007983,0.00839,0.3745849046816351,0.1610305599164179,0.1504175003481171,GPR
0.115714,0.5,30.0,10,FCC,0.007262,0.007647,0.4199627859869457,0.1781871535626104,0.1644203397994739,GPR
0.126429,0.5,30.0,10,FCC,0.00666,0.007026,0.4696410663089002,0.1965188270301765,0.1790168005881504,GPR
0.137143,0.5,30.0,10,FCC,0.006151,0.006498,0.5243039847391655,0.2163199951475159,0.1943066440931763,GPR
0.147857,0.5,30.0,10,FCC,0.005714,0.006044,0.5847260058382591,0.2380301332969348,0.2104105791649196,GPR
0.158571,0.5,30.0,10,FCC,0.005335,0.005649,0.6517299791754321,0.2622353623203156,0.2274619707900609,GPR
0.169286,0.5,30.0,10,FCC,0.005004,0.005303,0.7261657566529944,0.2896509851261112,0.2456052424974568,GPR
0.18,0.5,30.0,10,FCC,0.004711,0.004996,0.808840368709163,0.3210547697601771,0.2649826641710379,GPR
0.03,0.6786,30.0,10,FCC,0.048582,0.03725,0.1374801134742816,0.0632812463452137,0.0637868067677611,GPR
0.040714,0.6786,30.0,10,FCC,0.033829,0.027794,0.1649879445678289,0.0754201784422323,0.0752047928127203,GPR
0.051429,0.6786,30.0,10,FCC,0.025324,0.022262,0.1942135868811069,0.0880541207830709,0.0868989325644335,GPR
0.062143,0.6786,30.0,10,FCC,0.020129,0.018598,0.2253606054408146,0.1012346967659918,0.0988898714618153,GPR
0.072857,0.6786,30.0,10,FCC,0.016746,0.015983,0.2586631025509222,0.1150417828998232,0.1112028391470513,GPR
0.083571,0.6786,30.0,10,FCC,0.014382,0.014018,0.2943956970696346,0.1295571782350305,0.123867149400178,GPR
0.094286,0.6786,30.0,10,FCC,0.012628,0.012487,0.3328996620684367,0.1448598699314488,0.1369224581143723,GPR
0.105,0.6786,30.0,10,FCC,0.01127,0.011259,0.3745849046816351,0.1610305599164179,0.1504175003481171,GPR
0.115714,0.6786,30.0,10,FCC,0.010183,0.010252,0.4199627859869457,0.1781871535626104,0.1644203397994739,GPR
0.126429,0.6786,30.0,10,FCC,0.009292,0.009411,0.4696410663089002,0.1965188270301765,0.1790168005881504,GPR
0.137143,0.6786,30.0,10,FCC,0.008548,0.008698,0.5243039847391655,0.2163199951475159,0.1943066440931763,GPR
0.147857,0.6786,30.0,10,FCC,0.007915,0.008086,0.5847260058382591,0.2380301332969348,0.2104105791649196,GPR
0.158571,0.6786,30.0,10,FCC,0.007371,0.007555,0.6517299791754321,0.2622353623203156,0.2274619707900609,GPR
0.169286,0.6786,30.0,10,FCC,0.006898,0.007089,0.7261657566529944,0.2896509851261112,0.2456052424974568,GPR
0.18,0.6786,30.0,10,FCC,0.006482,0.006677,0.808840368709163,0.3210547697601771,0.2649826641710379,GPR
0.03,0.8571,30.0,10,FCC,0.083657,0.057426,0.1374801134742816,0.0632812463452137,0.0637868067677611,GPR
0.040714,0.8571,30.0,10,FCC,0.059654,0.039077,0.1649879445678289,0.0754201784422323,0.0752047928127203,GPR
0.051429,0.8571,30.0,10,FCC,0.044613,0.030124,0.1942135868811069,0.0880541207830709,0.0868989325644335,GPR
0.062143,0.8571,30.0,10,FCC,0.034441,0.024658,0.2253606054408146,0.1012346967659918,0.0988898714618153,GPR
0.072857,0.8571,30.0,10,FCC,0.027381,0.020929,0.2586631025509222,0.1150417828998232,0.1112028391470513,GPR
0.083571,0.8571,30.0,10,FCC,0.02237,0.018205,0.2943956970696346,0.1295571782350305,0.123867149400178,GPR
0.094286,0.8571,30.0,10,FCC,0.018776,0.016121,0.3328996620684367,0.1448598699314488,0.1369224581143723,GPR
0.105,0.8571,30.0,10,FCC,0.016167,0.014472,0.3745849046816351,0.1610305599164179,0.1504175003481171,GPR
0.115714,0.8571,30.0,10,FCC,0.01423,0.013134,0.4199627859869457,0.1781871535626104,0.1644203397994739,GPR
0.126429,0.8571,30.0,10,FCC,0.012743,0.012024,0.4696410663089002,0.1965188270301765,0.1790168005881504,GPR
0.137143,0.8571,30.0,10,FCC,0.011562,0.011089,0.5243039847391655,0.2163199951475159,0.1943066440931763,GPR
0.147857,0.8571,30.0,10,FCC,0.010596,0.01029,0.5847260058382591,0.2380301332969348,0.2104105791649196,GPR
0.158571,0.8571,30.0,10,FCC,0.009789,0.0096,0.6517299791754321,0.2622353623203156,0.2274619707900609,GPR
0.169286,0.8571,30.0,10,FCC,0.009102,0.008996,0.7261657566529944,0.2896509851261112,0.2456052424974568,GPR
0.18,0.8571,30.0,10,FCC,0.00851,0.008465,0.808840368709163,0.3210547697601771,0.2649826641710379,GPR
0.03,1.0357,30.0,10,FCC,0.126906,0.141258,0.1374801134742816,0.0632812463452137,0.0637868067677611,GPR
0.040714,1.0357,30.0,10,FCC,0.094739,0.064289,0.1649879445678289,0.0754201784422323,0.0752047928127203,GPR
0.051429,1.0357,30.0,10,FCC,0.073567,0.043534,0.1942135868811069,0.0880541207830709,0.0868989325644335,GPR
0.062143,1.0357,30.0,10,FCC,0.057894,0.033696,0.2253606054408146,0.1012346967659918,0.0988898714618153,GPR
0.072857,1.0357,30.0,10,FCC,0.046908,0.02774,0.2586631025509222,0.1150417828998232,0.1112028391470513,GPR
0.083571,1.0357,30.0,10,FCC,0.038373,0.023674,0.2943956970696346,0.1295571782350305,0.123867149400178,GPR
0.094286,1.0357,30.0,10,FCC,0.031869,0.020696,0.3328996620684367,0.1448598699314488,0.1369224581143723,GPR
0.105,1.0357,30.0,10,FCC,0.026815,0.018408,0.3745849046816351,0.1610305599164179,0.1504175003481171,GPR
0.115714,1.0357,30.0,10,FCC,0.022816,0.01659,0.4199627859869457,0.1781871535626104,0.1644203397994739,GPR
0.126429,1.0357,30.0,10,FCC,0.019667,0.015107,0.4696410663089002,0.1965188270301765,0.1790168005881504,GPR
0.137143,1.0357,30.0,10,FCC,0.017174,0.013873,0.5243039847391655,0.2163199951475159,0.1943066440931763,GPR
0.147857,1.0357,30.0,10,FCC,0.015205,0.012828,0.5847260058382591,0.2380301332969348,0.2104105791649196,GPR
0.158571,1.0357,30.0,10,FCC,0.013647,0.011933,0.6517299791754321,0.2622353623203156,0.2274619707900609,GPR
0.169286,1.0357,30.0,10,FCC,0.012404,0.011155,0.7261657566529944,0.2896509851261112,0.2456052424974568,GPR
0.18,1.0357,30.0,10,FCC,0.011395,0.010474,0.808840368709163,0.3210547697601771,0.2649826641710379,GPR
0.03,1.2143,30.0,10,FCC,0.175598,0.280085,0.1374801134742816,0.0632812463452137,0.0637868067677611,GPR
0.040714,1.2143,30.0,10,FCC,0.137288,0.182649,0.1649879445678289,0.0754201784422323,0.0752047928127203,GPR
0.051429,1.2143,30.0,10,FCC,0.107365,0.083804,0.1942135868811069,0.0880541207830709,0.0868989325644335,GPR
0.062143,1.2143,30.0,10,FCC,0.088405,0.052151,0.2253606054408146,0.1012346967659918,0.0988898714618153,GPR
0.072857,1.2143,30.0,10,FCC,0.073565,0.039265,0.2586631025509222,0.1150417828998232,0.1112028391470513,GPR
0.083571,1.2143,30.0,10,FCC,0.060964,0.031974,0.2943956970696346,0.1295571782350305,0.123867149400178,GPR
0.094286,1.2143,30.0,10,FCC,0.051615,0.027162,0.3328996620684367,0.1448598699314488,0.1369224581143723,GPR
0.105,1.2143,30.0,10,FCC,0.044302,0.0237,0.3745849046816351,0.1610305599164179,0.1504175003481171,GPR
0.115714,1.2143,30.0,10,FCC,0.038008,0.021068,0.4199627859869457,0.1781871535626104,0.1644203397994739,GPR
0.126429,1.2143,30.0,10,FCC,0.0328,0.01899,0.4696410663089002,0.1965188270301765,0.1790168005881504,GPR
0.137143,1.2143,30.0,10,FCC,0.028609,0.017301,0.5243039847391655,0.2163199951475159,0.1943066440931763,GPR
0.147857,1.2143,30.0,10,FCC,0.025077,0.015898,0.5847260058382591,0.2380301332969348,0.2104105791649196,GPR
0.158571,1.2143,30.0,10,FCC,0.022069,0.014712,0.6517299791754321,0.2622353623203156,0.2274619707900609,GPR
0.169286,1.2143,30.0,10,FCC,0.019558,0.013696,0.7261657566529944,0.2896509851261112,0.2456052424974568,GPR
0.18,1.2143,30.0,10,FCC,0.017452,0.012814,0.808840368709163,0.3210547697601771,0.2649826641710379,GPR
0.03,1.3929,30.0,10,FCC,0.219717,0.323067,0.1374801134742816,0.0632812463452137,0.0637868067677611,GPR
0.040714,1.3929,30.0,10,FCC,0.179557,0.307572,0.1649879445678289,0.0754201784422323,0.0752047928127203,GPR
0.051429,1.3929,30.0,10,FCC,0.150061,0.232428,0.1942135868811069,0.0880541207830709,0.0868989325644335,GPR
0.062143,1.3929,30.0,10,FCC,0.123097,0.136058,0.2253606054408146,0.1012346967659918,0.0988898714618153,GPR
0.072857,1.3929,30.0,10,FCC,0.102629,0.071472,0.2586631025509222,0.1150417828998232,0.1112028391470513,GPR
0.083571,1.3929,30.0,10,FCC,0.088703,0.049045,0.2943956970696346,0.1295571782350305,0.123867149400178,GPR
0.094286,1.3929,30.0,10,FCC,0.077405,0.038418,0.3328996620684367,0.1448598699314488,0.1369224581143723,GPR
0.105,1.3929,30.0,10,FCC,0.066913,0.032003,0.3745849046816351,0.1610305599164179,0.1504175003481171,GPR
0.115714,1.3929,30.0,10,FCC,0.05779,0.027615,0.4199627859869457,0.1781871535626104,0.1644203397994739,GPR
0.126429,1.3929,30.0,10,FCC,0.050812,0.024382,0.4696410663089002,0.1965188270301765,0.1790168005881504,GPR
0.137143,1.3929,30.0,10,FCC,0.045203,0.02188,0.5243039847391655,0.2163199951475159,0.1943066440931763,GPR
0.147857,1.3929,30.0,10,FCC,0.040201,0.019875,0.5847260058382591,0.2380301332969348,0.2104105791649196,GPR
0.158571,1.3929,30.0,10,FCC,0.035606,0.018227,0.6517299791754321,0.2622353623203156,0.2274619707900609,GPR
0.169286,1.3929,30.0,10,FCC,0.031661,0.016845,0.7261657566529944,0.2896509851261112,0.2456052424974568,GPR
0.18,1.3929,30.0,10,FCC,0.028397,0.015666,0.808840368709163,0.3210547697601771,0.2649826641710379,GPR
0.03,1.5714,30.0,10,FCC,0.274186,0.40298,0.1374801134742816,0.0632812463452137,0.0637868067677611,GPR
0.040714,1.5714,30.0,10,FCC,0.219194,0.323821,0.1649879445678289,0.0754201784422323,0.0752047928127203,GPR
0.051429,1.5714,30.0,10,FCC,0.186293,0.394269,0.1942135868811069,0.0880541207830709,0.0868989325644335,GPR
0.062143,1.5714,30.0,10,FCC,0.162064,0.268592,0.2253606054408146,0.1012346967659918,0.0988898714618153,GPR
0.072857,1.5714,30.0,10,FCC,0.140689,0.199557,0.2586631025509222,0.1150417828998232,0.1112028391470513,GPR
0.083571,1.5714,30.0,10,FCC,0.119742,0.126958,0.2943956970696346,0.1295571782350305,0.123867149400178,GPR
0.094286,1.5714,30.0,10,FCC,0.103294,0.071778,0.3328996620684367,0.1448598699314488,0.1369224581143723,GPR
0.105,1.5714,30.0,10,FCC,0.091705,0.050224,0.3745849046816351,0.1610305599164179,0.1504175003481171,GPR
0.115714,1.5714,30.0,10,FCC,0.082486,0.039706,0.4199627859869457,0.1781871535626104,0.1644203397994739,GPR
0.126429,1.5714,30.0,10,FCC,0.074168,0.033301,0.4696410663089002,0.1965188270301765,0.1790168005881504,GPR
0.137143,1.5714,30.0,10,FCC,0.066,0.028896,0.5243039847391655,0.2163199951475159,0.1943066440931763,GPR
0.147857,1.5714,30.0,10,FCC,0.05845,0.025637,0.5847260058382591,0.2380301332969348,0.2104105791649196,GPR
0.158571,1.5714,30.0,10,FCC,0.052391,0.023105,0.6517299791754321,0.2622353623203156,0.2274619707900609,GPR
0.169286,1.5714,30.0,10,FCC,0.047587,0.021068,0.7261657566529944,0.2896509851261112,0.2456052424974568,GPR
0.18,1.5714,30.0,10,FCC,0.043472,0.019387,0.808840368709163,0.3210547697601771,0.2649826641710379,GPR
0.03,1.75,30.0,10,FCC,0.321726,0.445237,0.1374801134742816,0.0632812463452137,0.0637868067677611,GPR
0.040714,1.75,30.0,10,FCC,0.26925,0.400996,0.1649879445678289,0.0754201784422323,0.0752047928127203,GPR
0.051429,1.75,30.0,10,FCC,0.223392,0.378428,0.1942135868811069,0.0880541207830709,0.0868989325644335,GPR
0.062143,1.75,30.0,10,FCC,0.194326,0.356417,0.2253606054408146,0.1012346967659918,0.0988898714618153,GPR
0.072857,1.75,30.0,10,FCC,0.173065,0.287042,0.2586631025509222,0.1150417828998232,0.1112028391470513,GPR
0.083571,1.75,30.0,10,FCC,0.155333,0.279885,0.2943956970696346,0.1295571782350305,0.123867149400178,GPR
0.094286,1.75,30.0,10,FCC,0.138687,0.195654,0.3328996620684367,0.1448598699314488,0.1369224581143723,GPR
0.105,1.75,30.0,10,FCC,0.121645,0.13884,0.3745849046816351,0.1610305599164179,0.1504175003481171,GPR
0.115714,1.75,30.0,10,FCC,0.106898,0.081866,0.4199627859869457,0.1781871535626104,0.1644203397994739,GPR
0.126429,1.75,30.0,10,FCC,0.096183,0.055498,0.4696410663089002,0.1965188270301765,0.1790168005881504,GPR
0.137143,1.75,30.0,10,FCC,0.087931,0.043167,0.5243039847391655,0.2163199951475159,0.1943066440931763,GPR
0.147857,1.75,30.0,10,FCC,0.080921,0.035939,0.5847260058382591,0.2380301332969348,0.2104105791649196,GPR
0.158571,1.75,30.0,10,FCC,0.074429,0.031082,0.6517299791754321,0.2622353623203156,0.2274619707900609,GPR
0.169286,1.75,30.0,10,FCC,0.067943,0.027539,0.7261657566529944,0.2896509851261112,0.2456052424974568,GPR
0.18,1.75,30.0,10,FCC,0.061426,0.024811,0.808840368709163,0.3210547697601771,0.2649826641710379,GPR
0.03,1.9286,30.0,10,FCC,0.355775,0.617344,0.1374801134742816,0.0632812463452137,0.0637868067677611,GPR
0.040714,1.9286,30.0,10,FCC,0.312874,0.383436,0.1649879445678289,0.0754201784422323,0.0752047928127203,GPR
0.051429,1.9286,30.0,10,FCC,0.270874,0.344405,0.1942135868811069,0.0880541207830709,0.0868989325644335,GPR
0.062143,1.9286,30.0,10,FCC,0.230626,0.530243,0.2253606054408146,0.1012346967659918,0.0988898714618153,GPR
0.072857,1.9286,30.0,10,FCC,0.203229,0.271683,0.2586631025509222,0.1150417828998232,0.1112028391470513,GPR
0.083571,1.9286,30.0,10,FCC,0.183529,0.434172,0.2943956970696346,0.1295571782350305,0.123867149400178,GPR
0.094286,1.9286,30.0,10,FCC,0.167583,0.254971,0.3328996620684367,0.1448598699314488,0.1369224581143723,GPR
0.105,1.9286,30.0,10,FCC,0.153624,0.286064,0.3745849046816351,0.1610305599164179,0.1504175003481171,GPR
0.115714,1.9286,30.0,10,FCC,0.140346,0.201945,0.4199627859869457,0.1781871535626104,0.1644203397994739,GPR
0.126429,1.9286,30.0,10,FCC,0.126534,0.166368,0.4696410663089002,0.1965188270301765,0.1790168005881504,GPR
0.137143,1.9286,30.0,10,FCC,0.112882,0.106228,0.5243039847391655,0.2163199951475159,0.1943066440931763,GPR
0.147857,1.9286,30.0,10,FCC,0.102012,0.067798,0.5847260058382591,0.2380301332969348,0.2104105791649196,GPR
0.158571,1.9286,30.0,10,FCC,0.09384,0.05002,0.6517299791754321,0.2622353623203156,0.2274619707900609,GPR
0.169286,1.9286,30.0,10,FCC,0.087256,0.040537,0.7261657566529944,0.2896509851261112,0.2456052424974568,GPR
0.18,1.9286,30.0,10,FCC,0.081555,0.034543,0.808840368709163,0.3210547697601771,0.2649826641710379,GPR
0.03,2.1071,30.0,10,FCC,0.38329,0.254327,0.1374801134742816,0.0632812463452137,0.0637868067677611,GPR
0.040714,2.1071,30.0,10,FCC,0.344065,0.76123,0.1649879445678289,0.0754201784422323,0.0752047928127203,GPR
0.051429,2.1071,30.0,10,FCC,0.309504,0.385021,0.1942135868811069,0.0880541207830709,0.0868989325644335,GPR
0.062143,2.1071,30.0,10,FCC,0.275635,0.283683,0.2253606054408146,0.1012346967659918,0.0988898714618153,GPR
0.072857,2.1071,30.0,10,FCC,0.240362,0.646769,0.2586631025509222,0.1150417828998232,0.1112028391470513,GPR
0.083571,2.1071,30.0,10,FCC,0.213108,0.322503,0.2943956970696346,0.1295571782350305,0.123867149400178,GPR
0.094286,2.1071,30.0,10,FCC,0.193863,0.287862,0.3328996620684367,0.1448598699314488,0.1369224581143723,GPR
0.105,2.1071,30.0,10,FCC,0.178728,0.441365,0.3745849046816351,0.1610305599164179,0.1504175003481171,GPR
0.115714,2.1071,30.0,10,FCC,0.165904,0.249699,0.4199627859869457,0.1781871535626104,0.1644203397994739,GPR
0.126429,2.1071,30.0,10,FCC,0.154453,0.278191,0.4696410663089002,0.1965188270301765,0.1790168005881504,GPR
0.137143,2.1071,30.0,10,FCC,0.143638,0.233278,0.5243039847391655,0.2163199951475159,0.1943066440931763,GPR
0.147857,2.1071,30.0,10,FCC,0.132644,0.187348,0.5847260058382591,0.2380301332969348,0.2104105791649196,GPR
0.158571,2.1071,30.0,10,FCC,0.120909,0.14471,0.6517299791754321,0.2622353623203156,0.2274619707900609,GPR
0.169286,2.1071,30.0,10,FCC,0.10969,0.096122,0.7261657566529944,0.2896509851261112,0.2456052424974568,GPR
0.18,2.1071,30.0,10,FCC,0.100754,0.064505,0.808840368709163,0.3210547697601771,0.2649826641710379,GPR
0.03,2.2857,30.0,10,FCC,0.405986,0.326626,0.1374801134742816,0.0632812463452137,0.0637868067677611,GPR
0.040714,2.2857,30.0,10,FCC,0.369445,0.261451,0.1649879445678289,0.0754201784422323,0.0752047928127203,GPR
0.051429,2.2857,30.0,10,FCC,0.337589,0.787983,0.1942135868811069,0.0880541207830709,0.0868989325644335,GPR
0.062143,2.2857,30.0,10,FCC,0.30902,0.43412,0.2253606054408146,0.1012346967659918,0.0988898714618153,GPR
0.072857,2.2857,30.0,10,FCC,0.2814,0.251457,0.2586631025509222,0.1150417828998232,0.1112028391470513,GPR
0.083571,2.2857,30.0,10,FCC,0.251841,0.448211,0.2943956970696346,0.1295571782350305,0.123867149400178,GPR
0.094286,2.2857,30.0,10,FCC,0.224474,0.561633,0.3328996620684367,0.1448598699314488,0.1369224581143723,GPR
0.105,2.2857,30.0,10,FCC,0.204544,0.266751,0.3745849046816351,0.1610305599164179,0.1504175003481171,GPR
0.115714,2.2857,30.0,10,FCC,0.189456,0.295773,0.4199627859869457,0.1781871535626104,0.1644203397994739,GPR
0.126429,2.2857,30.0,10,FCC,0.177041,0.462913,0.4696410663089002,0.1965188270301765,0.1790168005881504,GPR
0.137143,2.2857,30.0,10,FCC,0.166273,0.26659,0.5243039847391655,0.2163199951475159,0.1943066440931763,GPR
0.147857,2.2857,30.0,10,FCC,0.156576,0.242029,0.5847260058382591,0.2380301332969348,0.2104105791649196,GPR
0.158571,2.2857,30.0,10,FCC,0.147512,0.295729,0.6517299791754321,0.2622353623203156,0.2274619707900609,GPR
0.169286,2.2857,30.0,10,FCC,0.138619,0.199879,0.7261657566529944,0.2896509851261112,0.2456052424974568,GPR
0.18,2.2857,30.0,10,FCC,0.129338,0.186208,0.808840368709163,0.3210547697601771,0.2649826641710379,GPR
0.03,2.4643,30.0,10,FCC,0.423275,0.781174,0.1374801134742816,0.0632812463452137,0.0637868067677611,GPR
0.040714,2.4643,30.0,10,FCC,0.390706,0.262202,0.1649879445678289,0.0754201784422323,0.0752047928127203,GPR
0.051429,2.4643,30.0,10,FCC,0.360717,0.260913,0.1942135868811069,0.0880541207830709,0.0868989325644335,GPR
0.062143,2.4643,30.0,10,FCC,0.334116,0.729964,0.2253606054408146,0.1012346967659918,0.0988898714618153,GPR
0.072857,2.4643,30.0,10,FCC,0.310002,0.547095,0.2586631025509222,0.1150417828998232,0.1112028391470513,GPR
0.083571,2.4643,30.0,10,FCC,0.287036,0.255893,0.2943956970696346,0.1295571782350305,0.123867149400178,GPR
0.094286,2.4643,30.0,10,FCC,0.263137,0.282936,0.3328996620684367,0.1448598699314488,0.1369224581143723,GPR
0.105,2.4643,30.0,10,FCC,0.237761,0.629133,0.3745849046816351,0.1610305599164179,0.1504175003481171,GPR
0.115714,2.4643,30.0,10,FCC,0.216316,0.460594,0.4199627859869457,0.1781871535626104,0.1644203397994739,GPR
0.126429,2.4643,30.0,10,FCC,0.200359,0.249153,0.4696410663089002,0.1965188270301765,0.1790168005881504,GPR
0.137143,2.4643,30.0,10,FCC,0.187756,0.276098,0.5243039847391655,0.2163199951475159,0.1943066440931763,GPR
0.147857,2.4643,30.0,10,FCC,0.177133,0.474566,0.5847260058382591,0.2380301332969348,0.2104105791649196,GPR
0.158571,2.4643,30.0,10,FCC,0.167801,0.327026,0.6517299791754321,0.2622353623203156,0.2274619707900609,GPR
0.169286,2.4643,30.0,10,FCC,0.159361,0.221159,0.7261657566529944,0.2896509851261112,0.2456052424974568,GPR
0.18,2.4643,30.0,10,FCC,0.151528,0.273985,0.808840368709163,0.3210547697601771,0.2649826641710379,GPR
0.03,2.6429,30.0,10,FCC,0.427196,0.757749,0.1374801134742816,0.0632812463452137,0.0637868067677611,GPR
0.040714,2.6429,30.0,10,FCC,0.408031,0.536563,0.1649879445678289,0.0754201784422323,0.0752047928127203,GPR
0.051429,2.6429,30.0,10,FCC,0.380298,0.236707,0.1942135868811069,0.0880541207830709,0.0868989325644335,GPR
0.062143,2.6429,30.0,10,FCC,0.355084,0.247487,0.2253606054408146,0.1012346967659918,0.0988898714618153,GPR
0.072857,2.6429,30.0,10,FCC,0.3324,0.603186,0.2586631025509222,0.1150417828998232,0.1112028391470513,GPR
0.083571,2.6429,30.0,10,FCC,0.311679,0.743921,0.2943956970696346,0.1295571782350305,0.123867149400178,GPR
0.094286,2.6429,30.0,10,FCC,0.292148,0.305618,0.3328996620684367,0.1448598699314488,0.1369224581143723,GPR
0.105,2.6429,30.0,10,FCC,0.27263,0.228918,0.3745849046816351,0.1610305599164179,0.1504175003481171,GPR
0.115714,2.6429,30.0,10,FCC,0.251594,0.340287,0.4199627859869457,0.1781871535626104,0.1644203397994739,GPR
0.126429,2.6429,30.0,10,FCC,0.230037,0.703256,0.4696410663089002,0.1965188270301765,0.1790168005881504,GPR
0.137143,2.6429,30.0,10,FCC,0.212277,0.43686,0.5243039847391655,0.2163199951475159,0.1943066440931763,GPR
0.147857,2.6429,30.0,10,FCC,0.19868,0.245517,0.5847260058382591,0.2380301332969348,0.2104105791649196,GPR
0.158571,2.6429,30.0,10,FCC,0.187689,0.243676,0.6517299791754321,0.2622353623203156,0.2274619707900609,GPR
0.169286,2.6429,30.0,10,FCC,0.178308,0.409592,0.7261657566529944,0.2896509851261112,0.2456052424974568,GPR
0.18,2.6429,30.0,10,FCC,0.17001,0.447697,0.808840368709163,0.3210547697601771,0.2649826641710379,GPR
0.03,2.8214,30.0,10,FCC,0.425629,0.311776,0.1374801134742816,0.0632812463452137,0.0637868067677611,GPR
0.040714,2.8214,30.0,10,FCC,0.417107,0.973949,0.1649879445678289,0.0754201784422323,0.0752047928127203,GPR
0.051429,2.8214,30.0,10,FCC,0.396607,0.43251,0.1942135868811069,0.0880541207830709,0.0868989325644335,GPR
0.062143,2.8214,30.0,10,FCC,0.37299,0.224271,0.2253606054408146,0.1012346967659918,0.0988898714618153,GPR
0.072857,2.8214,30.0,10,FCC,0.351379,0.227428,0.2586631025509222,0.1150417828998232,0.1112028391470513,GPR
0.083571,2.8214,30.0,10,FCC,0.331715,0.45742,0.2943956970696346,0.1295571782350305,0.123867149400178,GPR
0.094286,2.8214,30.0,10,FCC,0.313635,0.930802,0.3328996620684367,0.1448598699314488,0.1369224581143723,GPR
0.105,2.8214,30.0,10,FCC,0.29668,0.429998,0.3745849046816351,0.1610305599164179,0.1504175003481171,GPR
0.115714,2.8214,30.0,10,FCC,0.280215,0.24023,0.4199627859869457,0.1781871535626104,0.1644203397994739,GPR
0.126429,2.8214,30.0,10,FCC,0.263265,0.228185,0.4696410663089002,0.1965188270301765,0.1790168005881504,GPR
0.137143,2.8214,30.0,10,FCC,0.244822,0.373928,0.5243039847391655,0.2163199951475159,0.1943066440931763,GPR
0.147857,2.8214,30.0,10,FCC,0.226224,0.725674,0.5847260058382591,0.2380301332969348,0.2104105791649196,GPR
0.158571,2.8214,30.0,10,FCC,0.210732,0.468227,0.6517299791754321,0.2622353623203156,0.2274619707900609,GPR
0.169286,2.8214,30.0,10,FCC,0.198603,0.257009,0.7261657566529944,0.2896509851261112,0.2456052424974568,GPR
0.18,2.8214,30.0,10,FCC,0.188688,0.21873,0.808840368709163,0.3210547697601771,0.2649826641710379,GPR
0.03,3.0,30.0,10,FCC,0.409195,0.191304,0.1374801134742816,0.0632812463452137,0.0637868067677611,GPR
0.040714,3.0,30.0,10,FCC,0.413905,0.44061,0.1649879445678289,0.0754201784422323,0.0752047928127203,GPR
0.051429,3.0,30.0,10,FCC,0.40669,0.957438,0.1942135868811069,0.0880541207830709,0.0868989325644335,GPR
0.062143,3.0,30.0,10,FCC,0.388068,0.390414,0.2253606054408146,0.1012346967659918,0.0988898714618153,GPR
0.072857,3.0,30.0,10,FCC,0.367701,0.21854,0.2586631025509222,0.1150417828998232,0.1112028391470513,GPR
0.083571,3.0,30.0,10,FCC,0.348896,0.20779,0.2943956970696346,0.1295571782350305,0.123867149400178,GPR
0.094286,3.0,30.0,10,FCC,0.331621,0.33936,0.3328996620684367,0.1448598699314488,0.1369224581143723,GPR
0.105,3.0,30.0,10,FCC,0.315643,0.825451,0.3745849046816351,0.1610305599164179,0.1504175003481171,GPR
0.115714,3.0,30.0,10,FCC,0.300678,0.684228,0.4199627859869457,0.1781871535626104,0.1644203397994739,GPR
0.126429,3.0,30.0,10,FCC,0.28637,0.31598,0.4696410663089002,0.1965188270301765,0.1790168005881504,GPR
0.137143,3.0,30.0,10,FCC,0.272207,0.216373,0.5243039847391655,0.2163199951475159,0.1943066440931763,GPR
0.147857,3.0,30.0,10,FCC,0.257426,0.22623,0.5847260058382591,0.2380301332969348,0.2104105791649196,GPR
0.158571,3.0,30.0,10,FCC,0.241328,0.367834,0.6517299791754321,0.2622353623203156,0.2274619707900609,GPR
0.169286,3.0,30.0,10,FCC,0.224959,0.716243,0.7261657566529944,0.2896509851261112,0.2456052424974568,GPR
0.18,3.0,30.0,10,FCC,0.210893,0.554073,0.808840368709163,0.3210547697601771,0.2649826641710379,GPR
0.03,0.5,33.3333,10,FCC,0.018509,0.018806,0.1374801134742816,0.0632812463452137,0.0637868067677611,GPR
0.040714,0.5,33.3333,10,FCC,0.014011,0.014476,0.1649879445678289,0.0754201784422323,0.0752047928127203,GPR
0.051429,0.5,33.3333,10,FCC,0.011291,0.01177,0.1942135868811069,0.0880541207830709,0.0868989325644335,GPR
0.062143,0.5,33.3333,10,FCC,0.009461,0.009917,0.2253606054408146,0.1012346967659918,0.0988898714618153,GPR
0.072857,0.5,33.3333,10,FCC,0.008145,0.008569,0.2586631025509222,0.1150417828998232,0.1112028391470513,GPR
0.083571,0.5,33.3333,10,FCC,0.007151,0.007543,0.2943956970696346,0.1295571782350305,0.123867149400178,GPR
0.094286,0.5,33.3333,10,FCC,0.006374,0.006737,0.3328996620684367,0.1448598699314488,0.1369224581143723,GPR
0.105,0.5,33.3333,10,FCC,0.005749,0.006087,0.3745849046816351,0.1610305599164179,0.1504175003481171,GPR
0.115714,0.5,33.3333,10,FCC,0.005237,0.005551,0.4199627859869457,0.1781871535626104,0.1644203397994739,GPR
0.126429,0.5,33.3333,10,FCC,0.004808,0.005102,0.4696410663089002,0.1965188270301765,0.1790168005881504,GPR
0.137143,0.5,33.3333,10,FCC,0.004444,0.00472,0.5243039847391655,0.2163199951475159,0.1943066440931763,GPR
0.147857,0.5,33.3333,10,FCC,0.004132,0.004391,0.5847260058382591,0.2380301332969348,0.2104105791649196,GPR
0.158571,0.5,33.3333,10,FCC,0.00386,0.004106,0.6517299791754321,0.2622353623203156,0.2274619707900609,GPR
0.169286,0.5,33.3333,10,FCC,0.003622,0.003855,0.7261657566529944,0.2896509851261112,0.2456052424974568,GPR
0.18,0.5,33.3333,10,FCC,0.003412,0.003633,0.808840368709163,0.3210547697601771,0.2649826641710379,GPR
0.03,0.6786,33.3333,10,FCC,0.02902,0.025025,0.1374801134742816,0.0632812463452137,0.0637868067677611,GPR
0.040714,0.6786,33.3333,10,FCC,0.020576,0.019192,0.1649879445678289,0.0754201784422323,0.0752047928127203,GPR
0.051429,0.6786,33.3333,10,FCC,0.016055,0.015588,0.1942135868811069,0.0880541207830709,0.0868989325644335,GPR
0.062143,0.6786,33.3333,10,FCC,0.013234,0.013132,0.2253606054408146,0.1012346967659918,0.0988898714618153,GPR
0.072857,0.6786,33.3333,10,FCC,0.011285,0.011348,0.2586631025509222,0.1150417828998232,0.1112028391470513,GPR
0.083571,0.6786,33.3333,10,FCC,0.009848,0.009993,0.2943956970696346,0.1295571782350305,0.123867149400178,GPR
0.094286,0.6786,33.3333,10,FCC,0.008742,0.008927,0.3328996620684367,0.1448598699314488,0.1369224581143723,GPR
0.105,0.6786,33.3333,10,FCC,0.007863,0.008068,0.3745849046816351,0.1610305599164179,0.1504175003481171,GPR
0.115714,0.6786,33.3333,10,FCC,0.007146,0.007359,0.4199627859869457,0.1781871535626104,0.1644203397994739,GPR
0.126429,0.6786,33.3333,10,FCC,0.00655,0.006766,0.4696410663089002,0.1965188270301765,0.1790168005881504,GPR
0.137143,0.6786,33.3333,10,FCC,0.006046,0.006261,0.5243039847391655,0.2163199951475159,0.1943066440931763,GPR
0.147857,0.6786,33.3333,10,FCC,0.005615,0.005826,0.5847260058382591,0.2380301332969348,0.2104105791649196,GPR
0.158571,0.6786,33.3333,10,FCC,0.005242,0.005448,0.6517299791754321,0.2622353623203156,0.2274619707900609,GPR
0.169286,0.6786,33.3333,10,FCC,0.004915,0.005115,0.7261657566529944,0.2896509851261112,0.2456052424974568,GPR
0.18,0.6786,33.3333,10,FCC,0.004627,0.004822,0.808840368709163,0.3210547697601771,0.2649826641710379,GPR
0.03,0.8571,33.3333,10,FCC,0.050006,0.03309,0.1374801134742816,0.0632812463452137,0.0637868067677611,GPR
0.040714,0.8571,33.3333,10,FCC,0.034007,0.024793,0.1649879445678289,0.0754201784422323,0.0752047928127203,GPR
0.051429,0.8571,33.3333,10,FCC,0.024686,0.019921,0.1942135868811069,0.0880541207830709,0.0868989325644335,GPR
0.062143,0.8571,33.3333,10,FCC,0.019073,0.016683,0.2253606054408146,0.1012346967659918,0.0988898714618153,GPR
0.072857,0.8571,33.3333,10,FCC,0.015584,0.014364,0.2586631025509222,0.1150417828998232,0.1112028391470513,GPR
0.083571,0.8571,33.3333,10,FCC,0.013259,0.012617,0.2943956970696346,0.1295571782350305,0.123867149400178,GPR
0.094286,0.8571,33.3333,10,FCC,0.011586,0.011253,0.3328996620684367,0.1448598699314488,0.1369224581143723,GPR
0.105,0.8571,33.3333,10,FCC,0.010311,0.010156,0.3745849046816351,0.1610305599164179,0.1504175003481171,GPR
0.115714,0.8571,33.3333,10,FCC,0.009302,0.009256,0.4199627859869457,0.1781871535626104,0.1644203397994739,GPR
0.126429,0.8571,33.3333,10,FCC,0.008479,0.008503,0.4696410663089002,0.1965188270301765,0.1790168005881504,GPR
0.137143,0.8571,33.3333,10,FCC,0.007794,0.007863,0.5243039847391655,0.2163199951475159,0.1943066440931763,GPR
0.147857,0.8571,33.3333,10,FCC,0.007214,0.007314,0.5847260058382591,0.2380301332969348,0.2104105791649196,GPR
0.158571,0.8571,33.3333,10,FCC,0.006716,0.006836,0.6517299791754321,0.2622353623203156,0.2274619707900609,GPR
0.169286,0.8571,33.3333,10,FCC,0.006284,0.006417,0.7261657566529944,0.2896509851261112,0.2456052424974568,GPR
0.18,0.8571,33.3333,10,FCC,0.005904,0.006047,0.808840368709163,0.3210547697601771,0.2649826641710379,GPR
0.03,1.0357,33.3333,10,FCC,0.080151,0.04652,0.1374801134742816,0.0632812463452137,0.0637868067677611,GPR
0.040714,1.0357,33.3333,10,FCC,0.056495,0.032587,0.1649879445678289,0.0754201784422323,0.0752047928127203,GPR
0.051429,1.0357,33.3333,10,FCC,0.041579,0.025454,0.1942135868811069,0.0880541207830709,0.0868989325644335,GPR
0.062143,1.0357,33.3333,10,FCC,0.031575,0.020996,0.2253606054408146,0.1012346967659918,0.0988898714618153,GPR
0.072857,1.0357,33.3333,10,FCC,0.024631,0.017912,0.2586631025509222,0.1150417828998232,0.1112028391470513,GPR
0.083571,1.0357,33.3333,10,FCC,0.019788,0.015638,0.2943956970696346,0.1295571782350305,0.123867149400178,GPR
0.094286,1.0357,33.3333,10,FCC,0.016399,0.013886,0.3328996620684367,0.1448598699314488,0.1369224581143723,GPR
0.105,1.0357,33.3333,10,FCC,0.014026,0.012493,0.3745849046816351,0.1610305599164179,0.1504175003481171,GPR
0.115714,1.0357,33.3333,10,FCC,0.012319,0.011358,0.4199627859869457,0.1781871535626104,0.1644203397994739,GPR
0.126429,1.0357,33.3333,10,FCC,0.011031,0.010414,0.4696410663089002,0.1965188270301765,0.1790168005881504,GPR
0.137143,1.0357,33.3333,10,FCC,0.010014,0.009616,0.5243039847391655,0.2163199951475159,0.1943066440931763,GPR
0.147857,1.0357,33.3333,10,FCC,0.009185,0.008932,0.5847260058382591,0.2380301332969348,0.2104105791649196,GPR
0.158571,1.0357,33.3333,10,FCC,0.008492,0.00834,0.6517299791754321,0.2622353623203156,0.2274619707900609,GPR
0.169286,1.0357,33.3333,10,FCC,0.007902,0.007822,0.7261657566529944,0.2896509851261112,0.2456052424974568,GPR
0.18,1.0357,33.3333,10,FCC,0.007393,0.007365,0.808840368709163,0.3210547697601771,0.2649826641710379,GPR
0.03,1.2143,33.3333,10,FCC,0.113995,0.084071,0.1374801134742816,0.0632812463452137,0.0637868067677611,GPR
0.040714,1.2143,33.3333,10,FCC,0.085995,0.046262,0.1649879445678289,0.0754201784422323,0.0752047928127203,GPR
0.051429,1.2143,33.3333,10,FCC,0.064814,0.033581,0.1942135868811069,0.0880541207830709,0.0868989325644335,GPR
0.062143,1.2143,33.3333,10,FCC,0.050933,0.026774,0.2253606054408146,0.1012346967659918,0.0988898714618153,GPR
0.072857,1.2143,33.3333,10,FCC,0.040406,0.022405,0.2586631025509222,0.1150417828998232,0.1112028391470513,GPR
0.083571,1.2143,33.3333,10,FCC,0.032559,0.019322,0.2943956970696346,0.1295571782350305,0.123867149400178,GPR
0.094286,1.2143,33.3333,10,FCC,0.026654,0.017014,0.3328996620684367,0.1448598699314488,0.1369224581143723,GPR
0.105,1.2143,33.3333,10,FCC,0.022062,0.015214,0.3745849046816351,0.1610305599164179,0.1504175003481171,GPR
0.115714,1.2143,33.3333,10,FCC,0.018557,0.013768,0.4199627859869457,0.1781871535626104,0.1644203397994739,GPR
0.126429,1.2143,33.3333,10,FCC,0.015858,0.012578,0.4696410663089002,0.1965188270301765,0.1790168005881504,GPR
0.137143,1.2143,33.3333,10,FCC,0.013808,0.011581,0.5243039847391655,0.2163199951475159,0.1943066440931763,GPR
0.147857,1.2143,33.3333,10,FCC,0.012255,0.010733,0.5847260058382591,0.2380301332969348,0.2104105791649196,GPR
0.158571,1.2143,33.3333,10,FCC,0.011064,0.010002,0.6517299791754321,0.2622353623203156,0.2274619707900609,GPR
0.169286,1.2143,33.3333,10,FCC,0.010122,0.009366,0.7261657566529944,0.2896509851261112,0.2456052424974568,GPR
0.18,1.2143,33.3333,10,FCC,0.009352,0.008806,0.808840368709163,0.3210547697601771,0.2649826641710379,GPR
0.03,1.3929,33.3333,10,FCC,0.156219,0.227335,0.1374801134742816,0.0632812463452137,0.0637868067677611,GPR
0.040714,1.3929,33.3333,10,FCC,0.116479,0.089015,0.1649879445678289,0.0754201784422323,0.0752047928127203,GPR
0.051429,1.3929,33.3333,10,FCC,0.093343,0.049167,0.1942135868811069,0.0880541207830709,0.0868989325644335,GPR
0.062143,1.3929,33.3333,10,FCC,0.075553,0.035858,0.2253606054408146,0.1012346967659918,0.0988898714618153,GPR
0.072857,1.3929,33.3333,10,FCC,0.060646,0.028757,0.2586631025509222,0.1150417828998232,0.1112028391470513,GPR
0.083571,1.3929,33.3333,10,FCC,0.050501,0.024199,0.2943956970696346,0.1295571782350305,0.123867149400178,GPR
0.094286,1.3929,33.3333,10,FCC,0.042256,0.020974,0.3328996620684367,0.1448598699314488,0.1369224581143723,GPR
0.105,1.3929,33.3333,10,FCC,0.035234,0.018551,0.3745849046816351,0.1610305599164179,0.1504175003481171,GPR
0.115714,1.3929,33.3333,10,FCC,0.029906,0.016653,0.4199627859869457,0.1781871535626104,0.1644203397994739,GPR
0.126429,1.3929,33.3333,10,FCC,0.025543,0.015121,0.4696410663089002,0.1965188270301765,0.1790168005881504,GPR
0.137143,1.3929,33.3333,10,FCC,0.021869,0.013856,0.5243039847391655,0.2163199951475159,0.1943066440931763,GPR
0.147857,1.3929,33.3333,10,FCC,0.01892,0.012792,0.5847260058382591,0.2380301332969348,0.2104105791649196,GPR
0.158571,1.3929,33.3333,10,FCC,0.016502,0.011883,0.6517299791754321,0.2622353623203156,0.2274619707900609,GPR
0.169286,1.3929,33.3333,10,FCC,0.014522,0.011098,0.7261657566529944,0.2896509851261112,0.2456052424974568,GPR
0.18,1.3929,33.3333,10,FCC,0.012929,0.010411,0.808840368709163,0.3210547697601771,0.2649826641710379,GPR
0.03,1.5714,33.3333,10,FCC,0.191658,0.342006,0.1374801134742816,0.0632812463452137,0.0637868067677611,GPR
0.040714,1.5714,33.3333,10,FCC,0.155983,0.230676,0.1649879445678289,0.0754201784422323,0.0752047928127203,GPR
0.051429,1.5714,33.3333,10,FCC,0.122742,0.110516,0.1942135868811069,0.0880541207830709,0.0868989325644335,GPR
0.062143,1.5714,33.3333,10,FCC,0.101086,0.055991,0.2253606054408146,0.1012346967659918,0.0988898714618153,GPR
0.072857,1.5714,33.3333,10,FCC,0.086231,0.039737,0.2586631025509222,0.1150417828998232,0.1112028391470513,GPR
0.083571,1.5714,33.3333,10,FCC,0.072729,0.031597,0.2943956970696346,0.1295571782350305,0.123867149400178,GPR
0.094286,1.5714,33.3333,10,FCC,0.060698,0.026516,0.3328996620684367,0.1448598699314488,0.1369224581143723,GPR
0.105,1.5714,33.3333,10,FCC,0.05221,0.022972,0.3745849046816351,0.1610305599164179,0.1504175003481171,GPR
0.115714,1.5714,33.3333,10,FCC,0.045536,0.020328,0.4199627859869457,0.1781871535626104,0.1644203397994739,GPR
0.126429,1.5714,33.3333,10,FCC,0.039354,0.018266,0.4696410663089002,0.1965188270301765,0.1790168005881504,GPR
0.137143,1.5714,33.3333,10,FCC,0.033912,0.016605,0.5243039847391655,0.2163199951475159,0.1943066440931763,GPR
0.147857,1.5714,33.3333,10,FCC,0.02967,0.015235,0.5847260058382591,0.2380301332969348,0.2104105791649196,GPR
0.158571,1.5714,33.3333,10,FCC,0.026154,0.014082,0.6517299791754321,0.2622353623203156,0.2274619707900609,GPR
0.169286,1.5714,33.3333,10,FCC,0.022984,0.013097,0.7261657566529944,0.2896509851261112,0.2456052424974568,GPR
0.18,1.5714,33.3333,10,FCC,0.020236,0.012245,0.808840368709163,0.3210547697601771,0.2649826641710379,GPR
0.03,1.75,33.3333,10,FCC,0.224317,0.302284,0.1374801134742816,0.0632812463452137,0.0637868067677611,GPR
0.040714,1.75,33.3333,10,FCC,0.187437,0.320704,0.1649879445678289,0.0754201784422323,0.0752047928127203,GPR
0.051429,1.75,33.3333,10,FCC,0.15951,0.262835,0.1942135868811069,0.0880541207830709,0.0868989325644335,GPR
0.062143,1.75,33.3333,10,FCC,0.132061,0.153095,0.2253606054408146,0.1012346967659918,0.0988898714618153,GPR
0.072857,1.75,33.3333,10,FCC,0.109744,0.070868,0.2586631025509222,0.1150417828998232,0.1112028391470513,GPR
0.083571,1.75,33.3333,10,FCC,0.09547,0.046333,0.2943956970696346,0.1295571782350305,0.123867149400178,GPR
0.094286,1.75,33.3333,10,FCC,0.084294,0.035778,0.3328996620684367,0.1448598699314488,0.1369224581143723,GPR
0.105,1.75,33.3333,10,FCC,0.073632,0.029628,0.3745849046816351,0.1610305599164179,0.1504175003481171,GPR
0.115714,1.75,33.3333,10,FCC,0.063154,0.025491,0.4199627859869457,0.1781871535626104,0.1644203397994739,GPR
0.126429,1.75,33.3333,10,FCC,0.055122,0.022472,0.4696410663089002,0.1965188270301765,0.1790168005881504,GPR
0.137143,1.75,33.3333,10,FCC,0.049182,0.020148,0.5243039847391655,0.2163199951475159,0.1943066440931763,GPR
0.147857,1.75,33.3333,10,FCC,0.044098,0.018294,0.5847260058382591,0.2380301332969348,0.2104105791649196,GPR
0.158571,1.75,33.3333,10,FCC,0.039163,0.016774,0.6517299791754321,0.2622353623203156,0.2274619707900609,GPR
0.169286,1.75,33.3333,10,FCC,0.034493,0.0155,0.7261657566529944,0.2896509851261112,0.2456052424974568,GPR
0.18,1.75,33.3333,10,FCC,0.030674,0.014415,0.808840368709163,0.3210547697601771,0.2649826641710379,GPR
0.03,1.9286,33.3333,10,FCC,0.26351,0.656847,0.1374801134742816,0.0632812463452137,0.0637868067677611,GPR
0.040714,1.9286,33.3333,10,FCC,0.216308,0.290151,0.1649879445678289,0.0754201784422323,0.0752047928127203,GPR
0.051429,1.9286,33.3333,10,FCC,0.187224,0.349976,0.1942135868811069,0.0880541207830709,0.0868989325644335,GPR
0.062143,1.9286,33.3333,10,FCC,0.164427,0.316475,0.2253606054408146,0.1012346967659918,0.0988898714618153,GPR
0.072857,1.9286,33.3333,10,FCC,0.14274,0.203456,0.2586631025509222,0.1150417828998232,0.1112028391470513,GPR
0.083571,1.9286,33.3333,10,FCC,0.120548,0.108262,0.2943956970696346,0.1295571782350305,0.123867149400178,GPR
0.094286,1.9286,33.3333,10,FCC,0.10475,0.059151,0.3328996620684367,0.1448598699314488,0.1369224581143723,GPR
0.105,1.9286,33.3333,10,FCC,0.093801,0.042494,0.3745849046816351,0.1610305599164179,0.1504175003481171,GPR
0.115714,1.9286,33.3333,10,FCC,0.084839,0.034102,0.4199627859869457,0.1781871535626104,0.1644203397994739,GPR
0.126429,1.9286,33.3333,10,FCC,0.076356,0.028858,0.4696410663089002,0.1965188270301765,0.1790168005881504,GPR
0.137143,1.9286,33.3333,10,FCC,0.067459,0.025192,0.5243039847391655,0.2163199951475159,0.1943066440931763,GPR
0.147857,1.9286,33.3333,10,FCC,0.059294,0.022447,0.5847260058382591,0.2380301332969348,0.2104105791649196,GPR
0.158571,1.9286,33.3333,10,FCC,0.053189,0.020297,0.6517299791754321,0.2622353623203156,0.2274619707900609,GPR
0.169286,1.9286,33.3333,10,FCC,0.048478,0.018556,0.7261657566529944,0.2896509851261112,0.2456052424974568,GPR
0.18,1.9286,33.3333,10,FCC,0.044388,0.017113,0.808840368709163,0.3210547697601771,0.2649826641710379,GPR
0.03,2.1071,33.3333,10,FCC,0.30349,0.274348,0.1374801134742816,0.0632812463452137,0.0637868067677611,GPR
0.040714,2.1071,33.3333,10,FCC,0.250081,0.701076,0.1649879445678289,0.0754201784422323,0.0752047928127203,GPR
0.051429,2.1071,33.3333,10,FCC,0.213383,0.277009,0.1942135868811069,0.0880541207830709,0.0868989325644335,GPR
0.062143,2.1071,33.3333,10,FCC,0.189067,0.437773,0.2253606054408146,0.1012346967659918,0.0988898714618153,GPR
0.072857,2.1071,33.3333,10,FCC,0.169727,0.277047,0.2586631025509222,0.1150417828998232,0.1112028391470513,GPR
0.083571,2.1071,33.3333,10,FCC,0.152252,0.228056,0.2943956970696346,0.1295571782350305,0.123867149400178,GPR
0.094286,2.1071,33.3333,10,FCC,0.133791,0.174496,0.3328996620684367,0.1448598699314488,0.1369224581143723,GPR
0.105,2.1071,33.3333,10,FCC,0.115847,0.092092,0.3745849046816351,0.1610305599164179,0.1504175003481171,GPR
0.115714,2.1071,33.3333,10,FCC,0.103258,0.055412,0.4199627859869457,0.1781871535626104,0.1644203397994739,GPR
0.126429,2.1071,33.3333,10,FCC,0.094132,0.041328,0.4696410663089002,0.1965188270301765,0.1790168005881504,GPR
0.137143,2.1071,33.3333,10,FCC,0.0866,0.033762,0.5243039847391655,0.2163199951475159,0.1943066440931763,GPR
0.147857,2.1071,33.3333,10,FCC,0.079691,0.02889,0.5847260058382591,0.2380301332969348,0.2104105791649196,GPR
0.158571,2.1071,33.3333,10,FCC,0.072637,0.025421,0.6517299791754321,0.2622353623203156,0.2274619707900609,GPR
0.169286,2.1071,33.3333,10,FCC,0.065097,0.022793,0.7261657566529944,0.2896509851261112,0.2456052424974568,GPR
0.18,2.1071,33.3333,10,FCC,0.05826,0.020715,0.808840368709163,0.3210547697601771,0.2649826641710379,GPR
0.03,2.2857,33.3333,10,FCC,0.330508,0.586974,0.1374801134742816,0.0632812463452137,0.0637868067677611,GPR
0.040714,2.2857,33.3333,10,FCC,0.288614,0.278564,0.1649879445678289,0.0754201784422323,0.0752047928127203,GPR
0.051429,2.2857,33.3333,10,FCC,0.243996,0.692841,0.1942135868811069,0.0880541207830709,0.0868989325644335,GPR
0.062143,2.2857,33.3333,10,FCC,0.213225,0.263026,0.2253606054408146,0.1012346967659918,0.0988898714618153,GPR
0.072857,2.2857,33.3333,10,FCC,0.19203,0.512976,0.2586631025509222,0.1150417828998232,0.1112028391470513,GPR
0.083571,2.2857,33.3333,10,FCC,0.175067,0.251334,0.2943956970696346,0.1295571782350305,0.123867149400178,GPR
0.094286,2.2857,33.3333,10,FCC,0.160206,0.33302,0.3328996620684367,0.1448598699314488,0.1369224581143723,GPR
0.105,2.2857,33.3333,10,FCC,0.145766,0.203852,0.3745849046816351,0.1610305599164179,0.1504175003481171,GPR
0.115714,2.2857,33.3333,10,FCC,0.12992,0.159805,0.4199627859869457,0.1781871535626104,0.1644203397994739,GPR
0.126429,2.2857,33.3333,10,FCC,0.114688,0.090227,0.4696410663089002,0.1965188270301765,0.1790168005881504,GPR
0.137143,2.2857,33.3333,10,FCC,0.103702,0.055855,0.5243039847391655,0.2163199951475159,0.1943066440931763,GPR
0.147857,2.2857,33.3333,10,FCC,0.095614,0.041988,0.5847260058382591,0.2380301332969348,0.2104105791649196,GPR
0.158571,2.2857,33.3333,10,FCC,0.088988,0.034457,0.6517299791754321,0.2622353623203156,0.2274619707900609,GPR
0.169286,2.2857,33.3333,10,FCC,0.083093,0.029588,0.7261657566529944,0.2896509851261112,0.2456052424974568,GPR
0.18,2.2857,33.3333,10,FCC,0.077429,0.026115,0.808840368709163,0.3210547697601771,0.2649826641710379,GPR
0.03,2.4643,33.3333,10,FCC,0.350789,0.671861,0.1374801134742816,0.0632812463452137,0.0637868067677611,GPR
0.040714,2.4643,33.3333,10,FCC,0.315666,0.376011,0.1649879445678289,0.0754201784422323,0.0752047928127203,GPR
0.051429,2.4643,33.3333,10,FCC,0.280087,0.287224,0.1942135868811069,0.0880541207830709,0.0868989325644335,GPR
0.062143,2.4643,33.3333,10,FCC,0.242039,0.733185,0.2253606054408146,0.1012346967659918,0.0988898714618153,GPR
0.072857,2.4643,33.3333,10,FCC,0.214772,0.266728,0.2586631025509222,0.1150417828998232,0.1112028391470513,GPR
0.083571,2.4643,33.3333,10,FCC,0.195652,0.399945,0.2943956970696346,0.1295571782350305,0.123867149400178,GPR
0.094286,2.4643,33.3333,10,FCC,0.18035,0.352212,0.3328996620684367,0.1448598699314488,0.1369224581143723,GPR
0.105,2.4643,33.3333,10,FCC,0.167147,0.252515,0.3745849046816351,0.1610305599164179,0.1504175003481171,GPR
0.115714,2.4643,33.3333,10,FCC,0.155013,0.304792,0.4199627859869457,0.1781871535626104,0.1644203397994739,GPR
0.126429,2.4643,33.3333,10,FCC,0.142831,0.200857,0.4696410663089002,0.1965188270301765,0.1790168005881504,GPR
0.137143,2.4643,33.3333,10,FCC,0.129299,0.16288,0.5243039847391655,0.2163199951475159,0.1943066440931763,GPR
0.147857,2.4643,33.3333,10,FCC,0.115753,0.098495,0.5847260058382591,0.2380301332969348,0.2104105791649196,GPR
0.158571,2.4643,33.3333,10,FCC,0.10546,0.060144,0.6517299791754321,0.2622353623203156,0.2274619707900609,GPR
0.169286,2.4643,33.3333,10,FCC,0.097877,0.044452,0.7261657566529944,0.2896509851261112,0.2456052424974568,GPR
0.18,2.4643,33.3333,10,FCC,0.09177,0.036201,0.808840368709163,0.3210547697601771,0.2649826641710379,GPR
0.03,2.6429,33.3333,10,FCC,0.367115,0.254402,0.1374801134742816,0.0632812463452137,0.0637868067677611,GPR
0.040714,2.6429,33.3333,10,FCC,0.335397,0.959387,0.1649879445678289,0.0754201784422323,0.0752047928127203,GPR
0.051429,2.6429,33.3333,10,FCC,0.306067,0.30797,0.1942135868811069,0.0880541207830709,0.0868989325644335,GPR
0.062143,2.6429,33.3333,10,FCC,0.27574,0.277909,0.2253606054408146,0.1012346967659918,0.0988898714618153,GPR
0.072857,2.6429,33.3333,10,FCC,0.242727,0.771798,0.2586631025509222,0.1150417828998232,0.1112028391470513,GPR
0.083571,2.6429,33.3333,10,FCC,0.217516,0.307368,0.2943956970696346,0.1295571782350305,0.123867149400178,GPR
0.094286,2.6429,33.3333,10,FCC,0.199712,0.272557,0.3328996620684367,0.1448598699314488,0.1369224581143723,GPR
0.105,2.6429,33.3333,10,FCC,0.185561,0.546056,0.3745849046816351,0.1610305599164179,0.1504175003481171,GPR
0.115714,2.6429,33.3333,10,FCC,0.17347,0.258594,0.4199627859869457,0.1781871535626104,0.1644203397994739,GPR
0.126429,2.6429,33.3333,10,FCC,0.162638,0.279254,0.4696410663089002,0.1965188270301765,0.1790168005881504,GPR
0.137143,2.6429,33.3333,10,FCC,0.152445,0.292242,0.5243039847391655,0.2163199951475159,0.1943066440931763,GPR
0.147857,2.6429,33.3333,10,FCC,0.142138,0.196697,0.5847260058382591,0.2380301332969348,0.2104105791649196,GPR
0.158571,2.6429,33.3333,10,FCC,0.130724,0.181308,0.6517299791754321,0.2622353623203156,0.2274619707900609,GPR
0.169286,2.6429,33.3333,10,FCC,0.118519,0.115694,0.7261657566529944,0.2896509851261112,0.2456052424974568,GPR
0.18,2.6429,33.3333,10,FCC,0.108351,0.070139,0.808840368709163,0.3210547697601771,0.2649826641710379,GPR
0.03,2.8214,33.3333,10,FCC,0.380399,0.218652,0.1374801134742816,0.0632812463452137,0.0637868067677611,GPR
0.040714,2.8214,33.3333,10,FCC,0.351273,0.343597,0.1649879445678289,0.0754201784422323,0.0752047928127203,GPR
0.051429,2.8214,33.3333,10,FCC,0.324787,0.902263,0.1942135868811069,0.0880541207830709,0.0868989325644335,GPR
0.062143,2.8214,33.3333,10,FCC,0.299874,0.283058,0.2253606054408146,0.1012346967659918,0.0988898714618153,GPR
0.072857,2.8214,33.3333,10,FCC,0.27403,0.255268,0.2586631025509222,0.1150417828998232,0.1112028391470513,GPR
0.083571,2.8214,33.3333,10,FCC,0.245275,0.697532,0.2943956970696346,0.1295571782350305,0.123867149400178,GPR
0.094286,2.8214,33.3333,10,FCC,0.221258,0.415401,0.3328996620684367,0.1448598699314488,0.1369224581143723,GPR
0.105,2.8214,33.3333,10,FCC,0.204138,0.231944,0.3745849046816351,0.1610305599164179,0.1504175003481171,GPR
0.115714,2.8214,33.3333,10,FCC,0.190728,0.385049,0.4199627859869457,0.1781871535626104,0.1644203397994739,GPR
0.126429,2.8214,33.3333,10,FCC,0.179393,0.467903,0.4696410663089002,0.1965188270301765,0.1790168005881504,GPR
0.137143,2.8214,33.3333,10,FCC,0.169376,0.230816,0.5243039847391655,0.2163199951475159,0.1943066440931763,GPR
0.147857,2.8214,33.3333,10,FCC,0.160214,0.286681,0.5847260058382591,0.2380301332969348,0.2104105791649196,GPR
0.158571,2.8214,33.3333,10,FCC,0.15151,0.31016,0.6517299791754321,0.2622353623203156,0.2274619707900609,GPR
0.169286,2.8214,33.3333,10,FCC,0.142769,0.192465,0.7261657566529944,0.2896509851261112,0.2456052424974568,GPR
0.18,2.8214,33.3333,10,FCC,0.13328,0.207902,0.808840368709163,0.3210547697601771,0.2649826641710379,GPR
0.03,3.0,33.3333,10,FCC,0.39099,0.31775,0.1374801134742816,0.0632812463452137,0.0637868067677611,GPR
0.040714,3.0,33.3333,10,FCC,0.364372,0.205559,0.1649879445678289,0.0754201784422323,0.0752047928127203,GPR
0.051429,3.0,33.3333,10,FCC,0.339854,0.452481,0.1942135868811069,0.0880541207830709,0.0868989325644335,GPR
0.062143,3.0,33.3333,10,FCC,0.317317,0.815894,0.2253606054408146,0.1012346967659918,0.0988898714618153,GPR
0.072857,3.0,33.3333,10,FCC,0.295908,0.27726,0.2586631025509222,0.1150417828998232,0.1112028391470513,GPR
0.083571,3.0,33.3333,10,FCC,0.273867,0.230799,0.2943956970696346,0.1295571782350305,0.123867149400178,GPR
0.094286,3.0,33.3333,10,FCC,0.249092,0.516333,0.3328996620684367,0.1448598699314488,0.1369224581143723,GPR
0.105,3.0,33.3333,10,FCC,0.225982,0.634401,0.3745849046816351,0.1610305599164179,0.1504175003481171,GPR
0.115714,3.0,33.3333,10,FCC,0.208972,0.261794,0.4199627859869457,0.1781871535626104,0.1644203397994739,GPR
0.126429,3.0,33.3333,10,FCC,0.195918,0.239975,0.4696410663089002,0.1965188270301765,0.1790168005881504,GPR
0.137143,3.0,33.3333,10,FCC,0.185059,0.49474,0.5243039847391655,0.2163199951475159,0.1943066440931763,GPR
0.147857,3.0,33.3333,10,FCC,0.175573,0.409782,0.5847260058382591,0.2380301332969348,0.2104105791649196,GPR
0.158571,3.0,33.3333,10,FCC,0.167021,0.220883,0.6517299791754321,0.2622353623203156,0.2274619707900609,GPR
0.169286,3.0,33.3333,10,FCC,0.15911,0.269431,0.7261657566529944,0.2896509851261112,0.2456052424974568,GPR
0.18,3.0,33.3333,10,FCC,0.151577,0.352817,0.808840368709163,0.3210547697601771,0.2649826641710379,GPR
0.03,0.5,36.6667,10,FCC,0.01356,0.014058,0.1374801134742816,0.0632812463452137,0.0637868067677611,GPR
0.040714,0.5,36.6667,10,FCC,0.010356,0.010841,0.1649879445678289,0.0754201784422323,0.0752047928127203,GPR
0.051429,0.5,36.6667,10,FCC,0.008382,0.008823,0.1942135868811069,0.0880541207830709,0.0868989325644335,GPR
0.062143,0.5,36.6667,10,FCC,0.007042,0.007438,0.2253606054408146,0.1012346967659918,0.0988898714618153,GPR
0.072857,0.5,36.6667,10,FCC,0.006073,0.006429,0.2586631025509222,0.1150417828998232,0.1112028391470513,GPR
0.083571,0.5,36.6667,10,FCC,0.005338,0.005661,0.2943956970696346,0.1295571782350305,0.123867149400178,GPR
0.094286,0.5,36.6667,10,FCC,0.004762,0.005057,0.3328996620684367,0.1448598699314488,0.1369224581143723,GPR
0.105,0.5,36.6667,10,FCC,0.004299,0.004569,0.3745849046816351,0.1610305599164179,0.1504175003481171,GPR
0.115714,0.5,36.6667,10,FCC,0.003917,0.004168,0.4199627859869457,0.1781871535626104,0.1644203397994739,GPR
0.126429,0.5,36.6667,10,FCC,0.003598,0.003831,0.4696410663089002,0.1965188270301765,0.1790168005881504,GPR
0.137143,0.5,36.6667,10,FCC,0.003327,0.003544,0.5243039847391655,0.2163199951475159,0.1943066440931763,GPR
0.147857,0.5,36.6667,10,FCC,0.003094,0.003298,0.5847260058382591,0.2380301332969348,0.2104105791649196,GPR
0.158571,0.5,36.6667,10,FCC,0.002892,0.003083,0.6517299791754321,0.2622353623203156,0.2274619707900609,GPR
0.169286,0.5,36.6667,10,FCC,0.002714,0.002895,0.7261657566529944,0.2896509851261112,0.2456052424974568,GPR
0.18,0.5,36.6667,10,FCC,0.002557,0.002728,0.808840368709163,0.3210547697601771,0.2649826641710379,GPR
0.03,0.6786,36.6667,10,FCC,0.019073,0.018219,0.1374801134742816,0.0632812463452137,0.0637868067677611,GPR
0.040714,0.6786,36.6667,10,FCC,0.014228,0.014113,0.1649879445678289,0.0754201784422323,0.0752047928127203,GPR
0.051429,0.6786,36.6667,10,FCC,0.011411,0.011524,0.1942135868811069,0.0880541207830709,0.0868989325644335,GPR
0.062143,0.6786,36.6667,10,FCC,0.009544,0.00974,0.2253606054408146,0.1012346967659918,0.0988898714618153,GPR
0.072857,0.6786,36.6667,10,FCC,0.00821,0.008435,0.2586631025509222,0.1150417828998232,0.1112028391470513,GPR
0.083571,0.6786,36.6667,10,FCC,0.007206,0.007439,0.2943956970696346,0.1295571782350305,0.123867149400178,GPR
0.094286,0.6786,36.6667,10,FCC,0.006423,0.006654,0.3328996620684367,0.1448598699314488,0.1369224581143723,GPR
0.105,0.6786,36.6667,10,FCC,0.005794,0.006019,0.3745849046816351,0.1610305599164179,0.1504175003481171,GPR
0.115714,0.6786,36.6667,10,FCC,0.005278,0.005494,0.4199627859869457,0.1781871535626104,0.1644203397994739,GPR
0.126429,0.6786,36.6667,10,FCC,0.004846,0.005054,0.4696410663089002,0.1965188270301765,0.1790168005881504,GPR
0.137143,0.6786,36.6667,10,FCC,0.00448,0.004679,0.5243039847391655,0.2163199951475159,0.1943066440931763,GPR
0.147857,0.6786,36.6667,10,FCC,0.004166,0.004356,0.5847260058382591,0.2380301332969348,0.2104105791649196,GPR
0.158571,0.6786,36.6667,10,FCC,0.003893,0.004075,0.6517299791754321,0.2622353623203156,0.2274619707900609,GPR
0.169286,0.6786,36.6667,10,FCC,0.003653,0.003827,0.7261657566529944,0.2896509851261112,0.2456052424974568,GPR
0.18,0.6786,36.6667,10,FCC,0.003441,0.003608,0.808840368709163,0.3210547697601771,0.2649826641710379,GPR
0.03,0.8571,36.6667,10,FCC,0.029594,0.022868,0.1374801134742816,0.0632812463452137,0.0637868067677611,GPR
0.040714,0.8571,36.6667,10,FCC,0.020077,0.017628,0.1649879445678289,0.0754201784422323,0.0752047928127203,GPR
0.051429,0.8571,36.6667,10,FCC,0.015297,0.014369,0.1942135868811069,0.0880541207830709,0.0868989325644335,GPR
0.062143,0.8571,36.6667,10,FCC,0.012495,0.012137,0.2253606054408146,0.1012346967659918,0.0988898714618153,GPR
0.072857,0.8571,36.6667,10,FCC,0.010614,0.010509,0.2586631025509222,0.1150417828998232,0.1112028391470513,GPR
0.083571,0.8571,36.6667,10,FCC,0.009246,0.009268,0.2943956970696346,0.1295571782350305,0.123867149400178,GPR
0.094286,0.8571,36.6667,10,FCC,0.0082,0.00829,0.3328996620684367,0.1448598699314488,0.1369224581143723,GPR
0.105,0.8571,36.6667,10,FCC,0.007372,0.0075,0.3745849046816351,0.1610305599164179,0.1504175003481171,GPR
0.115714,0.8571,36.6667,10,FCC,0.006698,0.006847,0.4199627859869457,0.1781871535626104,0.1644203397994739,GPR
0.126429,0.8571,36.6667,10,FCC,0.006138,0.006299,0.4696410663089002,0.1965188270301765,0.1790168005881504,GPR
0.137143,0.8571,36.6667,10,FCC,0.005666,0.005833,0.5243039847391655,0.2163199951475159,0.1943066440931763,GPR
0.147857,0.8571,36.6667,10,FCC,0.005262,0.005431,0.5847260058382591,0.2380301332969348,0.2104105791649196,GPR
0.158571,0.8571,36.6667,10,FCC,0.004912,0.005081,0.6517299791754321,0.2622353623203156,0.2274619707900609,GPR
0.169286,0.8571,36.6667,10,FCC,0.004606,0.004773,0.7261657566529944,0.2896509851261112,0.2456052424974568,GPR
0.18,0.8571,36.6667,10,FCC,0.004336,0.0045,0.808840368709163,0.3210547697601771,0.2649826641710379,GPR
0.03,1.0357,36.6667,10,FCC,0.048764,0.02877,0.1374801134742816,0.0632812463452137,0.0637868067677611,GPR
0.040714,1.0357,36.6667,10,FCC,0.032519,0.021775,0.1649879445678289,0.0754201784422323,0.0752047928127203,GPR
0.051429,1.0357,36.6667,10,FCC,0.023026,0.017602,0.1942135868811069,0.0880541207830709,0.0868989325644335,GPR
0.062143,1.0357,36.6667,10,FCC,0.017403,0.014799,0.2253606054408146,0.1012346967659918,0.0988898714618153,GPR
0.072857,1.0357,36.6667,10,FCC,0.014055,0.012779,0.2586631025509222,0.1150417828998232,0.1112028391470513,GPR
0.083571,1.0357,36.6667,10,FCC,0.011913,0.01125,0.2943956970696346,0.1295571782350305,0.123867149400178,GPR
0.094286,1.0357,36.6667,10,FCC,0.010399,0.010051,0.3328996620684367,0.1448598699314488,0.1369224581143723,GPR
0.105,1.0357,36.6667,10,FCC,0.009254,0.009084,0.3745849046816351,0.1610305599164179,0.1504175003481171,GPR
0.115714,1.0357,36.6667,10,FCC,0.00835,0.008288,0.4199627859869457,0.1781871535626104,0.1644203397994739,GPR
0.126429,1.0357,36.6667,10,FCC,0.007614,0.007621,0.4696410663089002,0.1965188270301765,0.1790168005881504,GPR
0.137143,1.0357,36.6667,10,FCC,0.007001,0.007054,0.5243039847391655,0.2163199951475159,0.1943066440931763,GPR
0.147857,1.0357,36.6667,10,FCC,0.006483,0.006566,0.5847260058382591,0.2380301332969348,0.2104105791649196,GPR
0.158571,1.0357,36.6667,10,FCC,0.006037,0.006141,0.6517299791754321,0.2622353623203156,0.2274619707900609,GPR
0.169286,1.0357,36.6667,10,FCC,0.00565,0.005768,0.7261657566529944,0.2896509851261112,0.2456052424974568,GPR
0.18,1.0357,36.6667,10,FCC,0.005311,0.005438,0.808840368709163,0.3210547697601771,0.2649826641710379,GPR
0.03,1.2143,36.6667,10,FCC,0.073704,0.037464,0.1374801134742816,0.0632812463452137,0.0637868067677611,GPR
0.040714,1.2143,36.6667,10,FCC,0.051789,0.027122,0.1649879445678289,0.0754201784422323,0.0752047928127203,GPR
0.051429,1.2143,36.6667,10,FCC,0.037256,0.021505,0.1942135868811069,0.0880541207830709,0.0868989325644335,GPR
0.062143,1.2143,36.6667,10,FCC,0.027806,0.017895,0.2253606054408146,0.1012346967659918,0.0988898714618153,GPR
0.072857,1.2143,36.6667,10,FCC,0.021308,0.015355,0.2586631025509222,0.1150417828998232,0.1112028391470513,GPR
0.083571,1.2143,36.6667,10,FCC,0.016891,0.013461,0.2943956970696346,0.1295571782350305,0.123867149400178,GPR
0.094286,1.2143,36.6667,10,FCC,0.013935,0.011991,0.3328996620684367,0.1448598699314488,0.1369224581143723,GPR
0.105,1.2143,36.6667,10,FCC,0.011953,0.010814,0.3745849046816351,0.1610305599164179,0.1504175003481171,GPR
0.115714,1.2143,36.6667,10,FCC,0.010548,0.009851,0.4199627859869457,0.1781871535626104,0.1644203397994739,GPR
0.126429,1.2143,36.6667,10,FCC,0.009483,0.009046,0.4696410663089002,0.1965188270301765,0.1790168005881504,GPR
0.137143,1.2143,36.6667,10,FCC,0.008635,0.008364,0.5243039847391655,0.2163199951475159,0.1943066440931763,GPR
0.147857,1.2143,36.6667,10,FCC,0.007939,0.007779,0.5847260058382591,0.2380301332969348,0.2104105791649196,GPR
0.158571,1.2143,36.6667,10,FCC,0.007354,0.00727,0.6517299791754321,0.2622353623203156,0.2274619707900609,GPR
0.169286,1.2143,36.6667,10,FCC,0.006854,0.006825,0.7261657566529944,0.2896509851261112,0.2456052424974568,GPR
0.18,1.2143,36.6667,10,FCC,0.006421,0.006431,0.808840368709163,0.3210547697601771,0.2649826641710379,GPR
0.03,1.3929,36.6667,10,FCC,0.102751,0.054323,0.1374801134742816,0.0632812463452137,0.0637868067677611,GPR
0.040714,1.3929,36.6667,10,FCC,0.07529,0.03501,0.1649879445678289,0.0754201784422323,0.0752047928127203,GPR
0.051429,1.3929,36.6667,10,FCC,0.056424,0.026635,0.1942135868811069,0.0880541207830709,0.0868989325644335,GPR
0.062143,1.3929,36.6667,10,FCC,0.043496,0.021715,0.2253606054408146,0.1012346967659918,0.0988898714618153,GPR
0.072857,1.3929,36.6667,10,FCC,0.033792,0.01841,0.2586631025509222,0.1150417828998232,0.1112028391470513,GPR
0.083571,1.3929,36.6667,10,FCC,0.026846,0.016015,0.2943956970696346,0.1295571782350305,0.123867149400178,GPR
0.094286,1.3929,36.6667,10,FCC,0.021532,0.014189,0.3328996620684367,0.1448598699314488,0.1369224581143723,GPR
0.105,1.3929,36.6667,10,FCC,0.017615,0.012747,0.3745849046816351,0.1610305599164179,0.1504175003481171,GPR
0.115714,1.3929,36.6667,10,FCC,0.0147,0.011577,0.4199627859869457,0.1781871535626104,0.1644203397994739,GPR
0.126429,1.3929,36.6667,10,FCC,0.012589,0.010607,0.4696410663089002,0.1965188270301765,0.1790168005881504,GPR
0.137143,1.3929,36.6667,10,FCC,0.011072,0.009789,0.5243039847391655,0.2163199951475159,0.1943066440931763,GPR
0.147857,1.3929,36.6667,10,FCC,0.00995,0.00909,0.5847260058382591,0.2380301332969348,0.2104105791649196,GPR
0.158571,1.3929,36.6667,10,FCC,0.009078,0.008486,0.6517299791754321,0.2622353623203156,0.2274619707900609,GPR
0.169286,1.3929,36.6667,10,FCC,0.008371,0.007957,0.7261657566529944,0.2896509851261112,0.2456052424974568,GPR
0.18,1.3929,36.6667,10,FCC,0.00778,0.007491,0.808840368709163,0.3210547697601771,0.2649826641710379,GPR
0.03,1.5714,36.6667,10,FCC,0.132423,0.121563,0.1374801134742816,0.0632812463452137,0.0637868067677611,GPR
0.040714,1.5714,36.6667,10,FCC,0.101442,0.050035,0.1649879445678289,0.0754201784422323,0.0752047928127203,GPR
0.051429,1.5714,36.6667,10,FCC,0.080032,0.03436,0.1942135868811069,0.0880541207830709,0.0868989325644335,GPR
0.062143,1.5714,36.6667,10,FCC,0.061943,0.026862,0.2253606054408146,0.1012346967659918,0.0988898714618153,GPR
0.072857,1.5714,36.6667,10,FCC,0.05055,0.022271,0.2586631025509222,0.1150417828998232,0.1112028391470513,GPR
0.083571,1.5714,36.6667,10,FCC,0.040858,0.01911,0.2943956970696346,0.1295571782350305,0.123867149400178,GPR
0.094286,1.5714,36.6667,10,FCC,0.033249,0.016777,0.3328996620684367,0.1448598699314488,0.1369224581143723,GPR
0.105,1.5714,36.6667,10,FCC,0.027649,0.014975,0.3745849046816351,0.1610305599164179,0.1504175003481171,GPR
0.115714,1.5714,36.6667,10,FCC,0.022894,0.013534,0.4199627859869457,0.1781871535626104,0.1644203397994739,GPR
0.126429,1.5714,36.6667,10,FCC,0.019218,0.012354,0.4696410663089002,0.1965188270301765,0.1790168005881504,GPR
0.137143,1.5714,36.6667,10,FCC,0.016295,0.011369,0.5243039847391655,0.2163199951475159,0.1943066440931763,GPR
0.147857,1.5714,36.6667,10,FCC,0.013974,0.010532,0.5847260058382591,0.2380301332969348,0.2104105791649196,GPR
0.158571,1.5714,36.6667,10,FCC,0.012185,0.009812,0.6517299791754321,0.2622353623203156,0.2274619707900609,GPR
0.169286,1.5714,36.6667,10,FCC,0.010822,0.009186,0.7261657566529944,0.2896509851261112,0.2456052424974568,GPR
0.18,1.5714,36.6667,10,FCC,0.009788,0.008636,0.808840368709163,0.3210547697601771,0.2649826641710379,GPR
0.03,1.75,36.6667,10,FCC,0.168725,0.270511,0.1374801134742816,0.0632812463452137,0.0637868067677611,GPR
0.040714,1.75,36.6667,10,FCC,0.127749,0.106576,0.1649879445678289,0.0754201784422323,0.0752047928127203,GPR
0.051429,1.75,36.6667,10,FCC,0.103,0.049525,0.1942135868811069,0.0880541207830709,0.0868989325644335,GPR
0.062143,1.75,36.6667,10,FCC,0.085912,0.034893,0.2253606054408146,0.1012346967659918,0.0988898714618153,GPR
0.072857,1.75,36.6667,10,FCC,0.069209,0.027646,0.2586631025509222,0.1150417828998232,0.1112028391470513,GPR
0.083571,1.75,36.6667,10,FCC,0.057095,0.023135,0.2943956970696346,0.1295571782350305,0.123867149400178,GPR
0.094286,1.75,36.6667,10,FCC,0.0487,0.019994,0.3328996620684367,0.1448598699314488,0.1369224581143723,GPR
0.105,1.75,36.6667,10,FCC,0.040923,0.017655,0.3745849046816351,0.1610305599164179,0.1504175003481171,GPR
0.115714,1.75,36.6667,10,FCC,0.0342,0.015834,0.4199627859869457,0.1781871535626104,0.1644203397994739,GPR
0.126429,1.75,36.6667,10,FCC,0.029322,0.01437,0.4696410663089002,0.1965188270301765,0.1790168005881504,GPR
0.137143,1.75,36.6667,10,FCC,0.025173,0.013164,0.5243039847391655,0.2163199951475159,0.1943066440931763,GPR
0.147857,1.75,36.6667,10,FCC,0.021465,0.012151,0.5847260058382591,0.2380301332969348,0.2104105791649196,GPR
0.158571,1.75,36.6667,10,FCC,0.018532,0.011288,0.6517299791754321,0.2622353623203156,0.2274619707900609,GPR
0.169286,1.75,36.6667,10,FCC,0.016117,0.010542,0.7261657566529944,0.2896509851261112,0.2456052424974568,GPR
0.18,1.75,36.6667,10,FCC,0.014063,0.00989,0.808840368709163,0.3210547697601771,0.2649826641710379,GPR
0.03,1.9286,36.6667,10,FCC,0.195192,0.317698,0.1374801134742816,0.0632812463452137,0.0637868067677611,GPR
0.040714,1.9286,36.6667,10,FCC,0.161842,0.234921,0.1649879445678289,0.0754201784422323,0.0752047928127203,GPR
0.051429,1.9286,36.6667,10,FCC,0.127842,0.110515,0.1942135868811069,0.0880541207830709,0.0868989325644335,GPR
0.062143,1.9286,36.6667,10,FCC,0.106046,0.05181,0.2253606054408146,0.1012346967659918,0.0988898714618153,GPR
0.072857,1.9286,36.6667,10,FCC,0.091557,0.036479,0.2586631025509222,0.1150417828998232,0.1112028391470513,GPR
0.083571,1.9286,36.6667,10,FCC,0.078151,0.028973,0.2943956970696346,0.1295571782350305,0.123867149400178,GPR
0.094286,1.9286,36.6667,10,FCC,0.064742,0.024321,0.3328996620684367,0.1448598699314488,0.1369224581143723,GPR
0.105,1.9286,36.6667,10,FCC,0.055523,0.021084,0.3745849046816351,0.1610305599164179,0.1504175003481171,GPR
0.115714,1.9286,36.6667,10,FCC,0.048798,0.018672,0.4199627859869457,0.1781871535626104,0.1644203397994739,GPR
0.126429,1.9286,36.6667,10,FCC,0.042515,0.016791,0.4696410663089002,0.1965188270301765,0.1790168005881504,GPR
0.137143,1.9286,36.6667,10,FCC,0.036307,0.015276,0.5243039847391655,0.2163199951475159,0.1943066440931763,GPR
0.147857,1.9286,36.6667,10,FCC,0.031484,0.014025,0.5847260058382591,0.2380301332969348,0.2104105791649196,GPR
0.158571,1.9286,36.6667,10,FCC,0.027802,0.012972,0.6517299791754321,0.2622353623203156,0.2274619707900609,GPR
0.169286,1.9286,36.6667,10,FCC,0.024472,0.012072,0.7261657566529944,0.2896509851261112,0.2456052424974568,GPR
0.18,1.9286,36.6667,10,FCC,0.021325,0.011293,0.808840368709163,0.3210547697601771,0.2649826641710379,GPR
0.03,2.1071,36.6667,10,FCC,0.218879,0.336387,0.1374801134742816,0.0632812463452137,0.0637868067677611,GPR
0.040714,2.1071,36.6667,10,FCC,0.186511,0.269588,0.1649879445678289,0.0754201784422323,0.0752047928127203,GPR
0.051429,2.1071,36.6667,10,FCC,0.15971,0.228855,0.1942135868811069,0.0880541207830709,0.0868989325644335,GPR
0.062143,2.1071,36.6667,10,FCC,0.130884,0.128919,0.2253606054408146,0.1012346967659918,0.0988898714618153,GPR
0.072857,2.1071,36.6667,10,FCC,0.110113,0.057464,0.2586631025509222,0.1150417828998232,0.1112028391470513,GPR
0.083571,2.1071,36.6667,10,FCC,0.096879,0.039307,0.2943956970696346,0.1295571782350305,0.123867149400178,GPR
0.094286,2.1071,36.6667,10,FCC,0.085961,0.030945,0.3328996620684367,0.1448598699314488,0.1369224581143723,GPR
0.105,2.1071,36.6667,10,FCC,0.074688,0.025897,0.3745849046816351,0.1610305599164179,0.1504175003481171,GPR
0.115714,2.1071,36.6667,10,FCC,0.063455,0.022432,0.4199627859869457,0.1781871535626104,0.1644203397994739,GPR
0.126429,2.1071,36.6667,10,FCC,0.055606,0.019869,0.4696410663089002,0.1965188270301765,0.1790168005881504,GPR
0.137143,2.1071,36.6667,10,FCC,0.049878,0.017879,0.5243039847391655,0.2163199951475159,0.1943066440931763,GPR
0.147857,2.1071,36.6667,10,FCC,0.044781,0.016279,0.5847260058382591,0.2380301332969348,0.2104105791649196,GPR
0.158571,2.1071,36.6667,10,FCC,0.039484,0.01496,0.6517299791754321,0.2622353623203156,0.2274619707900609,GPR
0.169286,2.1071,36.6667,10,FCC,0.034408,0.01385,0.7261657566529944,0.2896509851261112,0.2456052424974568,GPR
0.18,2.1071,36.6667,10,FCC,0.030527,0.012902,0.808840368709163,0.3210547697601771,0.2649826641710379,GPR
0.03,2.2857,36.6667,10,FCC,0.244265,0.473123,0.1374801134742816,0.0632812463452137,0.0637868067677611,GPR
0.040714,2.2857,36.6667,10,FCC,0.207737,0.49322,0.1649879445678289,0.0754201784422323,0.0752047928127203,GPR
0.051429,2.2857,36.6667,10,FCC,0.182259,0.263787,0.1942135868811069,0.0880541207830709,0.0868989325644335,GPR
0.062143,2.2857,36.6667,10,FCC,0.160213,0.236023,0.2253606054408146,0.1012346967659918,0.0988898714618153,GPR
0.072857,2.2857,36.6667,10,FCC,0.136086,0.157746,0.2586631025509222,0.1150417828998232,0.1112028391470513,GPR
0.083571,2.2857,36.6667,10,FCC,0.115228,0.069254,0.2943956970696346,0.1295571782350305,0.123867149400178,GPR
0.094286,2.2857,36.6667,10,FCC,0.102191,0.044004,0.3328996620684367,0.1448598699314488,0.1369224581143723,GPR
0.105,2.2857,36.6667,10,FCC,0.092336,0.033811,0.3745849046816351,0.1610305599164179,0.1504175003481171,GPR
0.115714,2.2857,36.6667,10,FCC,0.083455,0.027998,0.4199627859869457,0.1781871535626104,0.1644203397994739,GPR
0.126429,2.2857,36.6667,10,FCC,0.073942,0.024123,0.4696410663089002,0.1965188270301765,0.1790168005881504,GPR
0.137143,2.2857,36.6667,10,FCC,0.064051,0.021306,0.5243039847391655,0.2163199951475159,0.1943066440931763,GPR
0.147857,2.2857,36.6667,10,FCC,0.056735,0.019142,0.5847260058382591,0.2380301332969348,0.2104105791649196,GPR
0.158571,2.2857,36.6667,10,FCC,0.051505,0.017415,0.6517299791754321,0.2622353623203156,0.2274619707900609,GPR
0.169286,2.2857,36.6667,10,FCC,0.047152,0.015999,0.7261657566529944,0.2896509851261112,0.2456052424974568,GPR
0.18,2.2857,36.6667,10,FCC,0.042942,0.014811,0.808840368709163,0.3210547697601771,0.2649826641710379,GPR
0.03,2.4643,36.6667,10,FCC,0.275307,0.494642,0.1374801134742816,0.0632812463452137,0.0637868067677611,GPR
0.040714,2.4643,36.6667,10,FCC,0.229306,0.296352,0.1649879445678289,0.0754201784422323,0.0752047928127203,GPR
0.051429,2.4643,36.6667,10,FCC,0.201555,0.572121,0.1942135868811069,0.0880541207830709,0.0868989325644335,GPR
0.062143,2.4643,36.6667,10,FCC,0.180518,0.253494,0.2253606054408146,0.1012346967659918,0.0988898714618153,GPR
0.072857,2.4643,36.6667,10,FCC,0.16205,0.274231,0.2586631025509222,0.1150417828998232,0.1112028391470513,GPR
0.083571,2.4643,36.6667,10,FCC,0.14243,0.206616,0.2943956970696346,0.1295571782350305,0.123867149400178,GPR
0.094286,2.4643,36.6667,10,FCC,0.121795,0.095815,0.3328996620684367,0.1448598699314488,0.1369224581143723,GPR
0.105,2.4643,36.6667,10,FCC,0.10787,0.052256,0.3745849046816351,0.1610305599164179,0.1504175003481171,GPR
0.115714,2.4643,36.6667,10,FCC,0.098169,0.038126,0.4199627859869457,0.1781871535626104,0.1644203397994739,GPR
0.126429,2.4643,36.6667,10,FCC,0.090207,0.030883,0.4696410663089002,0.1965188270301765,0.1790168005881504,GPR
0.137143,2.4643,36.6667,10,FCC,0.082801,0.026305,0.5243039847391655,0.2163199951475159,0.1943066440931763,GPR
0.147857,2.4643,36.6667,10,FCC,0.074874,0.023079,0.5847260058382591,0.2380301332969348,0.2104105791649196,GPR
0.158571,2.4643,36.6667,10,FCC,0.066072,0.020649,0.6517299791754321,0.2622353623203156,0.2274619707900609,GPR
0.169286,2.4643,36.6667,10,FCC,0.058752,0.018735,0.7261657566529944,0.2896509851261112,0.2456052424974568,GPR
0.18,2.4643,36.6667,10,FCC,0.053572,0.01718,0.808840368709163,0.3210547697601771,0.2649826641710379,GPR
0.03,2.6429,36.6667,10,FCC,0.30177,0.245093,0.1374801134742816,0.0632812463452137,0.0637868067677611,GPR
0.040714,2.6429,36.6667,10,FCC,0.255179,0.823436,0.1649879445678289,0.0754201784422323,0.0752047928127203,GPR
0.051429,2.6429,36.6667,10,FCC,0.220785,0.256375,0.1942135868811069,0.0880541207830709,0.0868989325644335,GPR
0.062143,2.6429,36.6667,10,FCC,0.198174,0.594574,0.2253606054408146,0.1012346967659918,0.0988898714618153,GPR
0.072857,2.6429,36.6667,10,FCC,0.180259,0.243858,0.2586631025509222,0.1150417828998232,0.1112028391470513,GPR
0.083571,2.6429,36.6667,10,FCC,0.164481,0.358494,0.2943956970696346,0.1295571782350305,0.123867149400178,GPR
0.094286,2.6429,36.6667,10,FCC,0.148583,0.222736,0.3328996620684367,0.1448598699314488,0.1369224581143723,GPR
0.105,2.6429,36.6667,10,FCC,0.130174,0.140311,0.3745849046816351,0.1610305599164179,0.1504175003481171,GPR
0.115714,2.6429,36.6667,10,FCC,0.114492,0.069419,0.4199627859869457,0.1781871535626104,0.1644203397994739,GPR
0.126429,2.6429,36.6667,10,FCC,0.104073,0.045228,0.4696410663089002,0.1965188270301765,0.1790168005881504,GPR
0.137143,2.6429,36.6667,10,FCC,0.0962,0.035082,0.5243039847391655,0.2163199951475159,0.1943066440931763,GPR
0.147857,2.6429,36.6667,10,FCC,0.089497,0.029251,0.5847260058382591,0.2380301332969348,0.2104105791649196,GPR
0.158571,2.6429,36.6667,10,FCC,0.083233,0.02535,0.6517299791754321,0.2622353623203156,0.2274619707900609,GPR
0.169286,2.6429,36.6667,10,FCC,0.076701,0.022506,0.7261657566529944,0.2896509851261112,0.2456052424974568,GPR
0.18,2.6429,36.6667,10,FCC,0.069214,0.020315,0.808840368709163,0.3210547697601771,0.2649826641710379,GPR
0.03,2.8214,36.6667,10,FCC,0.31926,0.415132,0.1374801134742816,0.0632812463452137,0.0637868067677611,GPR
0.040714,2.8214,36.6667,10,FCC,0.283161,0.275821,0.1649879445678289,0.0754201784422323,0.0752047928127203,GPR
0.051429,2.8214,36.6667,10,FCC,0.243054,0.731475,0.1942135868811069,0.0880541207830709,0.0868989325644335,GPR
0.062143,2.8214,36.6667,10,FCC,0.215715,0.243158,0.2253606054408146,0.1012346967659918,0.0988898714618153,GPR
0.072857,2.8214,36.6667,10,FCC,0.196504,0.593957,0.2586631025509222,0.1150417828998232,0.1112028391470513,GPR
0.083571,2.8214,36.6667,10,FCC,0.18089,0.252768,0.2943956970696346,0.1295571782350305,0.123867149400178,GPR
0.094286,2.8214,36.6667,10,FCC,0.167138,0.382469,0.3328996620684367,0.1448598699314488,0.1369224581143723,GPR
0.105,2.8214,36.6667,10,FCC,0.153895,0.212609,0.3745849046816351,0.1610305599164179,0.1504175003481171,GPR
0.115714,2.8214,36.6667,10,FCC,0.139157,0.2067,0.4199627859869457,0.1781871535626104,0.1644203397994739,GPR
0.126429,2.8214,36.6667,10,FCC,0.122919,0.111668,0.4696410663089002,0.1965188270301765,0.1790168005881504,GPR
0.137143,2.8214,36.6667,10,FCC,0.110687,0.059224,0.5243039847391655,0.2163199951475159,0.1943066440931763,GPR
0.147857,2.8214,36.6667,10,FCC,0.102172,0.041855,0.5847260058382591,0.2380301332969348,0.2104105791649196,GPR
0.158571,2.8214,36.6667,10,FCC,0.09546,0.03351,0.6517299791754321,0.2622353623203156,0.2274619707900609,GPR
0.169286,2.8214,36.6667,10,FCC,0.089656,0.028415,0.7261657566529944,0.2896509851261112,0.2456052424974568,GPR
0.18,2.8214,36.6667,10,FCC,0.084268,0.024894,0.808840368709163,0.3210547697601771,0.2649826641710379,GPR
0.03,3.0,36.6667,10,FCC,0.332156,0.996581,0.1374801134742816,0.0632812463452137,0.0637868067677611,GPR
0.040714,3.0,36.6667,10,FCC,0.30261,0.256871,0.1649879445678289,0.0754201784422323,0.0752047928127203,GPR
0.051429,3.0,36.6667,10,FCC,0.269647,0.360702,0.1942135868811069,0.0880541207830709,0.0868989325644335,GPR
0.062143,3.0,36.6667,10,FCC,0.235675,0.609707,0.2253606054408146,0.1012346967659918,0.0988898714618153,GPR
0.072857,3.0,36.6667,10,FCC,0.212735,0.234161,0.2586631025509222,0.1150417828998232,0.1112028391470513,GPR
0.083571,3.0,36.6667,10,FCC,0.19593,0.537166,0.2943956970696346,0.1295571782350305,0.123867149400178,GPR
0.094286,3.0,36.6667,10,FCC,0.182061,0.30138,0.3328996620684367,0.1448598699314488,0.1369224581143723,GPR
0.105,3.0,36.6667,10,FCC,0.16985,0.277723,0.3745849046816351,0.1610305599164179,0.1504175003481171,GPR
0.115714,3.0,36.6667,10,FCC,0.158429,0.30796,0.4199627859869457,0.1781871535626104,0.1644203397994739,GPR
0.126429,3.0,36.6667,10,FCC,0.146675,0.214967,0.4696410663089002,0.1965188270301765,0.1790168005881504,GPR
0.137143,3.0,36.6667,10,FCC,0.132985,0.165141,0.5243039847391655,0.2163199951475159,0.1943066440931763,GPR
0.147857,3.0,36.6667,10,FCC,0.119004,0.095917,0.5847260058382591,0.2380301332969348,0.2104105791649196,GPR
0.158571,3.0,36.6667,10,FCC,0.1088,0.055076,0.6517299791754321,0.2622353623203156,0.2274619707900609,GPR
0.169286,3.0,36.6667,10,FCC,0.101431,0.04041,0.7261657566529944,0.2896509851261112,0.2456052424974568,GPR
0.18,3.0,36.6667,10,FCC,0.095505,0.032886,0.808840368709163,0.3210547697601771,0.2649826641710379,GPR
0.03,0.5,40.0,10,FCC,0.010354,0.01085,0.1374801134742816,0.0632812463452137,0.0637868067677611,GPR
0.040714,0.5,40.0,10,FCC,0.007933,0.008366,0.1649879445678289,0.0754201784422323,0.0752047928127203,GPR
0.051429,0.5,40.0,10,FCC,0.006432,0.006807,0.1942135868811069,0.0880541207830709,0.0868989325644335,GPR
0.062143,0.5,40.0,10,FCC,0.005409,0.005738,0.2253606054408146,0.1012346967659918,0.0988898714618153,GPR
0.072857,0.5,40.0,10,FCC,0.004667,0.004959,0.2586631025509222,0.1150417828998232,0.1112028391470513,GPR
0.083571,0.5,40.0,10,FCC,0.004104,0.004366,0.2943956970696346,0.1295571782350305,0.123867149400178,GPR
0.094286,0.5,40.0,10,FCC,0.003662,0.003899,0.3328996620684367,0.1448598699314488,0.1369224581143723,GPR
0.105,0.5,40.0,10,FCC,0.003306,0.003523,0.3745849046816351,0.1610305599164179,0.1504175003481171,GPR
0.115714,0.5,40.0,10,FCC,0.003013,0.003213,0.4199627859869457,0.1781871535626104,0.1644203397994739,GPR
0.126429,0.5,40.0,10,FCC,0.002768,0.002953,0.4696410663089002,0.1965188270301765,0.1790168005881504,GPR
0.137143,0.5,40.0,10,FCC,0.00256,0.002732,0.5243039847391655,0.2163199951475159,0.1943066440931763,GPR
0.147857,0.5,40.0,10,FCC,0.002381,0.002542,0.5847260058382591,0.2380301332969348,0.2104105791649196,GPR
0.158571,0.5,40.0,10,FCC,0.002225,0.002376,0.6517299791754321,0.2622353623203156,0.2274619707900609,GPR
0.169286,0.5,40.0,10,FCC,0.002089,0.002231,0.7261657566529944,0.2896509851261112,0.2456052424974568,GPR
0.18,0.5,40.0,10,FCC,0.001968,0.002103,0.808840368709163,0.3210547697601771,0.2649826641710379,GPR
0.03,0.6786,40.0,10,FCC,0.013893,0.013882,0.1374801134742816,0.0632812463452137,0.0637868067677611,GPR
0.040714,0.6786,40.0,10,FCC,0.010599,0.010793,0.1649879445678289,0.0754201784422323,0.0752047928127203,GPR
0.051429,0.6786,40.0,10,FCC,0.008586,0.00883,0.1942135868811069,0.0880541207830709,0.0868989325644335,GPR
0.062143,0.6786,40.0,10,FCC,0.007222,0.007471,0.2253606054408146,0.1012346967659918,0.0988898714618153,GPR
0.072857,0.6786,40.0,10,FCC,0.006234,0.006475,0.2586631025509222,0.1150417828998232,0.1112028391470513,GPR
0.083571,0.6786,40.0,10,FCC,0.005485,0.005714,0.2943956970696346,0.1295571782350305,0.123867149400178,GPR
0.094286,0.6786,40.0,10,FCC,0.004897,0.005113,0.3328996620684367,0.1448598699314488,0.1369224581143723,GPR
0.105,0.6786,40.0,10,FCC,0.004423,0.004626,0.3745849046816351,0.1610305599164179,0.1504175003481171,GPR
0.115714,0.6786,40.0,10,FCC,0.004033,0.004224,0.4199627859869457,0.1781871535626104,0.1644203397994739,GPR
0.126429,0.6786,40.0,10,FCC,0.003706,0.003886,0.4696410663089002,0.1965188270301765,0.1790168005881504,GPR
0.137143,0.6786,40.0,10,FCC,0.003429,0.003598,0.5243039847391655,0.2163199951475159,0.1943066440931763,GPR
0.147857,0.6786,40.0,10,FCC,0.00319,0.00335,0.5847260058382591,0.2380301332969348,0.2104105791649196,GPR
0.158571,0.6786,40.0,10,FCC,0.002982,0.003134,0.6517299791754321,0.2622353623203156,0.2274619707900609,GPR
0.169286,0.6786,40.0,10,FCC,0.0028,0.002944,0.7261657566529944,0.2896509851261112,0.2456052424974568,GPR
0.18,0.6786,40.0,10,FCC,0.002638,0.002776,0.808840368709163,0.3210547697601771,0.2649826641710379,GPR
0.03,0.8571,40.0,10,FCC,0.018736,0.017019,0.1374801134742816,0.0632812463452137,0.0637868067677611,GPR
0.040714,0.8571,40.0,10,FCC,0.013714,0.013264,0.1649879445678289,0.0754201784422323,0.0752047928127203,GPR
0.051429,0.8571,40.0,10,FCC,0.010945,0.010875,0.1942135868811069,0.0880541207830709,0.0868989325644335,GPR
0.062143,0.8571,40.0,10,FCC,0.009142,0.009219,0.2253606054408146,0.1012346967659918,0.0988898714618153,GPR
0.072857,0.8571,40.0,10,FCC,0.007861,0.008001,0.2586631025509222,0.1150417828998232,0.1112028391470513,GPR
0.083571,0.8571,40.0,10,FCC,0.006901,0.007069,0.2943956970696346,0.1295571782350305,0.123867149400178,GPR
0.094286,0.8571,40.0,10,FCC,0.006152,0.006331,0.3328996620684367,0.1448598699314488,0.1369224581143723,GPR
0.105,0.8571,40.0,10,FCC,0.005551,0.005733,0.3745849046816351,0.1610305599164179,0.1504175003481171,GPR
0.115714,0.8571,40.0,10,FCC,0.005058,0.005238,0.4199627859869457,0.1781871535626104,0.1644203397994739,GPR
0.126429,0.8571,40.0,10,FCC,0.004646,0.004822,0.4696410663089002,0.1965188270301765,0.1790168005881504,GPR
0.137143,0.8571,40.0,10,FCC,0.004296,0.004468,0.5243039847391655,0.2163199951475159,0.1943066440931763,GPR
0.147857,0.8571,40.0,10,FCC,0.003995,0.004162,0.5847260058382591,0.2380301332969348,0.2104105791649196,GPR
0.158571,0.8571,40.0,10,FCC,0.003734,0.003895,0.6517299791754321,0.2622353623203156,0.2274619707900609,GPR
0.169286,0.8571,40.0,10,FCC,0.003505,0.00366,0.7261657566529944,0.2896509851261112,0.2456052424974568,GPR
0.18,0.8571,40.0,10,FCC,0.003303,0.003452,0.808840368709163,0.3210547697601771,0.2649826641710379,GPR
0.03,1.0357,40.0,10,FCC,0.028906,0.020554,0.1374801134742816,0.0632812463452137,0.0637868067677611,GPR
0.040714,1.0357,40.0,10,FCC,0.01895,0.015957,0.1649879445678289,0.0754201784422323,0.0752047928127203,GPR
0.051429,1.0357,40.0,10,FCC,0.014166,0.013067,0.1942135868811069,0.0880541207830709,0.0868989325644335,GPR
0.062143,1.0357,40.0,10,FCC,0.011514,0.011072,0.2253606054408146,0.1012346967659918,0.0988898714618153,GPR
0.072857,1.0357,40.0,10,FCC,0.00977,0.00961,0.2586631025509222,0.1150417828998232,0.1112028391470513,GPR
0.083571,1.0357,40.0,10,FCC,0.00851,0.008491,0.2943956970696346,0.1295571782350305,0.123867149400178,GPR
0.094286,1.0357,40.0,10,FCC,0.007549,0.007606,0.3328996620684367,0.1448598699314488,0.1369224581143723,GPR
0.105,1.0357,40.0,10,FCC,0.006789,0.006889,0.3745849046816351,0.1610305599164179,0.1504175003481171,GPR
0.115714,1.0357,40.0,10,FCC,0.006171,0.006296,0.4199627859869457,0.1781871535626104,0.1644203397994739,GPR
0.126429,1.0357,40.0,10,FCC,0.005658,0.005797,0.4696410663089002,0.1965188270301765,0.1790168005881504,GPR
0.137143,1.0357,40.0,10,FCC,0.005225,0.005371,0.5243039847391655,0.2163199951475159,0.1943066440931763,GPR
0.147857,1.0357,40.0,10,FCC,0.004854,0.005004,0.5847260058382591,0.2380301332969348,0.2104105791649196,GPR
0.158571,1.0357,40.0,10,FCC,0.004532,0.004684,0.6517299791754321,0.2622353623203156,0.2274619707900609,GPR
0.169286,1.0357,40.0,10,FCC,0.004251,0.004402,0.7261657566529944,0.2896509851261112,0.2456052424974568,GPR
0.18,1.0357,40.0,10,FCC,0.004003,0.004153,0.808840368709163,0.3210547697601771,0.2649826641710379,GPR
0.03,1.2143,40.0,10,FCC,0.045622,0.024829,0.1374801134742816,0.0632812463452137,0.0637868067677611,GPR
0.040714,1.2143,40.0,10,FCC,0.029872,0.019029,0.1649879445678289,0.0754201784422323,0.0752047928127203,GPR
0.051429,1.2143,40.0,10,FCC,0.020691,0.015492,0.1942135868811069,0.0880541207830709,0.0868989325644335,GPR
0.062143,1.2143,40.0,10,FCC,0.015415,0.013087,0.2253606054408146,0.1012346967659918,0.0988898714618153,GPR
0.072857,1.2143,40.0,10,FCC,0.01243,0.011339,0.2586631025509222,0.1150417828998232,0.1112028391470513,GPR
0.083571,1.2143,40.0,10,FCC,0.010561,0.010007,0.2943956970696346,0.1295571782350305,0.123867149400178,GPR
0.094286,1.2143,40.0,10,FCC,0.009241,0.008958,0.3328996620684367,0.1448598699314488,0.1369224581143723,GPR
0.105,1.2143,40.0,10,FCC,0.008239,0.008109,0.3745849046816351,0.1610305599164179,0.1504175003481171,GPR
0.115714,1.2143,40.0,10,FCC,0.007445,0.007408,0.4199627859869457,0.1781871535626104,0.1644203397994739,GPR
0.126429,1.2143,40.0,10,FCC,0.006798,0.006819,0.4696410663089002,0.1965188270301765,0.1790168005881504,GPR
0.137143,1.2143,40.0,10,FCC,0.006257,0.006318,0.5243039847391655,0.2163199951475159,0.1943066440931763,GPR
0.147857,1.2143,40.0,10,FCC,0.005799,0.005885,0.5847260058382591,0.2380301332969348,0.2104105791649196,GPR
0.158571,1.2143,40.0,10,FCC,0.005405,0.005508,0.6517299791754321,0.2622353623203156,0.2274619707900609,GPR
0.169286,1.2143,40.0,10,FCC,0.005062,0.005176,0.7261657566529944,0.2896509851261112,0.2456052424974568,GPR
0.18,1.2143,40.0,10,FCC,0.00476,0.004883,0.808840368709163,0.3210547697601771,0.2649826641710379,GPR
0.03,1.3929,40.0,10,FCC,0.066207,0.030515,0.1374801134742816,0.0632812463452137,0.0637868067677611,GPR
0.040714,1.3929,40.0,10,FCC,0.045906,0.02274,0.1649879445678289,0.0754201784422323,0.0752047928127203,GPR
0.051429,1.3929,40.0,10,FCC,0.032537,0.018283,0.1942135868811069,0.0880541207830709,0.0868989325644335,GPR
0.062143,1.3929,40.0,10,FCC,0.02367,0.015341,0.2253606054408146,0.1012346967659918,0.0988898714618153,GPR
0.072857,1.3929,40.0,10,FCC,0.017863,0.013237,0.2586631025509222,0.1150417828998232,0.1112028391470513,GPR
0.083571,1.3929,40.0,10,FCC,0.014087,0.011651,0.2943956970696346,0.1295571782350305,0.123867149400178,GPR
0.094286,1.3929,40.0,10,FCC,0.011719,0.01041,0.3328996620684367,0.1448598699314488,0.1369224581143723,GPR
0.105,1.3929,40.0,10,FCC,0.010165,0.009411,0.3745849046816351,0.1610305599164179,0.1504175003481171,GPR
0.115714,1.3929,40.0,10,FCC,0.009041,0.008589,0.4199627859869457,0.1781871535626104,0.1644203397994739,GPR
0.126429,1.3929,40.0,10,FCC,0.008171,0.0079,0.4696410663089002,0.1965188270301765,0.1790168005881504,GPR
0.137143,1.3929,40.0,10,FCC,0.007469,0.007314,0.5243039847391655,0.2163199951475159,0.1943066440931763,GPR
0.147857,1.3929,40.0,10,FCC,0.006887,0.00681,0.5847260058382591,0.2380301332969348,0.2104105791649196,GPR
0.158571,1.3929,40.0,10,FCC,0.006393,0.006371,0.6517299791754321,0.2622353623203156,0.2274619707900609,GPR
0.169286,1.3929,40.0,10,FCC,0.005969,0.005986,0.7261657566529944,0.2896509851261112,0.2456052424974568,GPR
0.18,1.3929,40.0,10,FCC,0.0056,0.005644,0.808840368709163,0.3210547697601771,0.2649826641710379,GPR
0.03,1.5714,40.0,10,FCC,0.092038,0.039312,0.1374801134742816,0.0632812463452137,0.0637868067677611,GPR
0.040714,1.5714,40.0,10,FCC,0.064492,0.027603,0.1649879445678289,0.0754201784422323,0.0752047928127203,GPR
0.051429,1.5714,40.0,10,FCC,0.048521,0.021671,0.1942135868811069,0.0880541207830709,0.0868989325644335,GPR
0.062143,1.5714,40.0,10,FCC,0.036005,0.017961,0.2253606054408146,0.1012346967659918,0.0988898714618153,GPR
0.072857,1.5714,40.0,10,FCC,0.027716,0.015383,0.2586631025509222,0.1150417828998232,0.1112028391470513,GPR
0.083571,1.5714,40.0,10,FCC,0.021428,0.013475,0.2943956970696346,0.1295571782350305,0.123867149400178,GPR
0.094286,1.5714,40.0,10,FCC,0.016972,0.011999,0.3328996620684367,0.1448598699314488,0.1369224581143723,GPR
0.105,1.5714,40.0,10,FCC,0.013787,0.010821,0.3745849046816351,0.1610305599164179,0.1504175003481171,GPR
0.115714,1.5714,40.0,10,FCC,0.011604,0.009858,0.4199627859869457,0.1781871535626104,0.1644203397994739,GPR
0.126429,1.5714,40.0,10,FCC,0.010126,0.009054,0.4696410663089002,0.1965188270301765,0.1790168005881504,GPR
0.137143,1.5714,40.0,10,FCC,0.009067,0.008373,0.5243039847391655,0.2163199951475159,0.1943066440931763,GPR
0.147857,1.5714,40.0,10,FCC,0.008251,0.007788,0.5847260058382591,0.2380301332969348,0.2104105791649196,GPR
0.158571,1.5714,40.0,10,FCC,0.007591,0.007281,0.6517299791754321,0.2622353623203156,0.2274619707900609,GPR
0.169286,1.5714,40.0,10,FCC,0.007041,0.006836,0.7261657566529944,0.2896509851261112,0.2456052424974568,GPR
0.18,1.5714,40.0,10,FCC,0.006573,0.006443,0.808840368709163,0.3210547697601771,0.2649826641710379,GPR
0.03,1.75,40.0,10,FCC,0.114239,0.057699,0.1374801134742816,0.0632812463452137,0.0637868067677611,GPR
0.040714,1.75,40.0,10,FCC,0.088382,0.034848,0.1649879445678289,0.0754201784422323,0.0752047928127203,GPR
0.051429,1.75,40.0,10,FCC,0.065449,0.026109,0.1942135868811069,0.0880541207830709,0.0868989325644335,GPR
0.062143,1.75,40.0,10,FCC,0.052075,0.021168,0.2253606054408146,0.1012346967659918,0.0988898714618153,GPR
0.072857,1.75,40.0,10,FCC,0.040509,0.017905,0.2586631025509222,0.1150417828998232,0.1112028391470513,GPR
0.083571,1.75,40.0,10,FCC,0.032224,0.015559,0.2943956970696346,0.1295571782350305,0.123867149400178,GPR
0.094286,1.75,40.0,10,FCC,0.025949,0.01378,0.3328996620684367,0.1448598699314488,0.1369224581143723,GPR
0.105,1.75,40.0,10,FCC,0.020865,0.012379,0.3745849046816351,0.1610305599164179,0.1504175003481171,GPR
0.115714,1.75,40.0,10,FCC,0.017117,0.011244,0.4199627859869457,0.1781871535626104,0.1644203397994739,GPR
0.126429,1.75,40.0,10,FCC,0.014174,0.010304,0.4696410663089002,0.1965188270301765,0.1790168005881504,GPR
0.137143,1.75,40.0,10,FCC,0.012006,0.009512,0.5243039847391655,0.2163199951475159,0.1943066440931763,GPR
0.147857,1.75,40.0,10,FCC,0.010435,0.008835,0.5847260058382591,0.2380301332969348,0.2104105791649196,GPR
0.158571,1.75,40.0,10,FCC,0.009313,0.008249,0.6517299791754321,0.2622353623203156,0.2274619707900609,GPR
0.169286,1.75,40.0,10,FCC,0.008475,0.007737,0.7261657566529944,0.2896509851261112,0.2456052424974568,GPR
0.18,1.75,40.0,10,FCC,0.007812,0.007286,0.808840368709163,0.3210547697601771,0.2649826641710379,GPR
0.03,1.9286,40.0,10,FCC,0.140415,0.139404,0.1374801134742816,0.0632812463452137,0.0637868067677611,GPR
0.040714,1.9286,40.0,10,FCC,0.10855,0.048554,0.1649879445678289,0.0754201784422323,0.0752047928127203,GPR
0.051429,1.9286,40.0,10,FCC,0.088295,0.032653,0.1942135868811069,0.0880541207830709,0.0868989325644335,GPR
0.062143,1.9286,40.0,10,FCC,0.068186,0.025399,0.2253606054408146,0.1012346967659918,0.0988898714618153,GPR
0.072857,1.9286,40.0,10,FCC,0.055749,0.021028,0.2586631025509222,0.1150417828998232,0.1112028391470513,GPR
0.083571,1.9286,40.0,10,FCC,0.046216,0.01804,0.2943956970696346,0.1295571782350305,0.123867149400178,GPR
0.094286,1.9286,40.0,10,FCC,0.037079,0.015842,0.3328996620684367,0.1448598699314488,0.1369224581143723,GPR
0.105,1.9286,40.0,10,FCC,0.03084,0.014145,0.3745849046816351,0.1610305599164179,0.1504175003481171,GPR
0.115714,1.9286,40.0,10,FCC,0.025762,0.012791,0.4199627859869457,0.1781871535626104,0.1644203397994739,GPR
0.126429,1.9286,40.0,10,FCC,0.021254,0.011682,0.4696410663089002,0.1965188270301765,0.1790168005881504,GPR
0.137143,1.9286,40.0,10,FCC,0.017909,0.010756,0.5243039847391655,0.2163199951475159,0.1943066440931763,GPR
0.147857,1.9286,40.0,10,FCC,0.015129,0.009969,0.5847260058382591,0.2380301332969348,0.2104105791649196,GPR
0.158571,1.9286,40.0,10,FCC,0.012903,0.009292,0.6517299791754321,0.2622353623203156,0.2274619707900609,GPR
0.169286,1.9286,40.0,10,FCC,0.011187,0.008702,0.7261657566529944,0.2896509851261112,0.2456052424974568,GPR
0.18,1.9286,40.0,10,FCC,0.009878,0.008184,0.808840368709163,0.3210547697601771,0.2649826641710379,GPR
0.03,2.1071,40.0,10,FCC,0.170945,0.253455,0.1374801134742816,0.0632812463452137,0.0637868067677611,GPR
0.040714,2.1071,40.0,10,FCC,0.130071,0.097234,0.1649879445678289,0.0754201784422323,0.0752047928127203,GPR
0.051429,2.1071,40.0,10,FCC,0.10646,0.044641,0.1942135868811069,0.0880541207830709,0.0868989325644335,GPR
0.062143,2.1071,40.0,10,FCC,0.090011,0.031669,0.2253606054408146,0.1012346967659918,0.0988898714618153,GPR
0.072857,2.1071,40.0,10,FCC,0.072631,0.025202,0.2586631025509222,0.1150417828998232,0.1112028391470513,GPR
0.083571,2.1071,40.0,10,FCC,0.05968,0.021157,0.2943956970696346,0.1295571782350305,0.123867149400178,GPR
0.094286,2.1071,40.0,10,FCC,0.051331,0.018329,0.3328996620684367,0.1448598699314488,0.1369224581143723,GPR
0.105,2.1071,40.0,10,FCC,0.043478,0.016217,0.3745849046816351,0.1610305599164179,0.1504175003481171,GPR
0.115714,2.1071,40.0,10,FCC,0.035891,0.014568,0.4199627859869457,0.1781871535626104,0.1644203397994739,GPR
0.126429,2.1071,40.0,10,FCC,0.030679,0.013239,0.4696410663089002,0.1965188270301765,0.1790168005881504,GPR
0.137143,2.1071,40.0,10,FCC,0.02648,0.012142,0.5243039847391655,0.2163199951475159,0.1943066440931763,GPR
0.147857,2.1071,40.0,10,FCC,0.022393,0.01122,0.5847260058382591,0.2380301332969348,0.2104105791649196,GPR
0.158571,2.1071,40.0,10,FCC,0.019097,0.010432,0.6517299791754321,0.2622353623203156,0.2274619707900609,GPR
0.169286,2.1071,40.0,10,FCC,0.016541,0.00975,0.7261657566529944,0.2896509851261112,0.2456052424974568,GPR
0.18,2.1071,40.0,10,FCC,0.014271,0.009154,0.808840368709163,0.3210547697601771,0.2649826641710379,GPR
0.03,2.2857,40.0,10,FCC,0.191852,0.276512,0.1374801134742816,0.0632812463452137,0.0637868067677611,GPR
0.040714,2.2857,40.0,10,FCC,0.159545,0.243283,0.1649879445678289,0.0754201784422323,0.0752047928127203,GPR
0.051429,2.2857,40.0,10,FCC,0.125571,0.082923,0.1942135868811069,0.0880541207830709,0.0868989325644335,GPR
0.062143,2.2857,40.0,10,FCC,0.106288,0.043185,0.2253606054408146,0.1012346967659918,0.0988898714618153,GPR
0.072857,2.2857,40.0,10,FCC,0.092495,0.031489,0.2586631025509222,0.1150417828998232,0.1112028391470513,GPR
0.083571,2.2857,40.0,10,FCC,0.078406,0.025398,0.2943956970696346,0.1295571782350305,0.123867149400178,GPR
0.094286,2.2857,40.0,10,FCC,0.064488,0.021509,0.3328996620684367,0.1448598699314488,0.1369224581143723,GPR
0.105,2.2857,40.0,10,FCC,0.055825,0.018757,0.3745849046816351,0.1610305599164179,0.1504175003481171,GPR
0.115714,2.2857,40.0,10,FCC,0.049298,0.016682,0.4199627859869457,0.1781871535626104,0.1644203397994739,GPR
0.126429,2.2857,40.0,10,FCC,0.042687,0.015051,0.4696410663089002,0.1965188270301765,0.1790168005881504,GPR
0.137143,2.2857,40.0,10,FCC,0.035999,0.013728,0.5243039847391655,0.2163199951475159,0.1943066440931763,GPR
0.147857,2.2857,40.0,10,FCC,0.031236,0.01263,0.5847260058382591,0.2380301332969348,0.2104105791649196,GPR
0.158571,2.2857,40.0,10,FCC,0.02763,0.011703,0.6517299791754321,0.2622353623203156,0.2274619707900609,GPR
0.169286,2.2857,40.0,10,FCC,0.024161,0.010907,0.7261657566529944,0.2896509851261112,0.2456052424974568,GPR
0.18,2.2857,40.0,10,FCC,0.020778,0.010217,0.808840368709163,0.3210547697601771,0.2649826641710379,GPR
0.03,2.4643,40.0,10,FCC,0.209435,0.633075,0.1374801134742816,0.0632812463452137,0.0637868067677611,GPR
0.040714,2.4643,40.0,10,FCC,0.180719,0.397853,0.1649879445678289,0.0754201784422323,0.0752047928127203,GPR
0.051429,2.4643,40.0,10,FCC,0.153033,0.239448,0.1942135868811069,0.0880541207830709,0.0868989325644335,GPR
0.062143,2.4643,40.0,10,FCC,0.124066,0.07987,0.2253606054408146,0.1012346967659918,0.0988898714618153,GPR
0.072857,2.4643,40.0,10,FCC,0.107246,0.043356,0.2586631025509222,0.1150417828998232,0.1112028391470513,GPR
0.083571,2.4643,40.0,10,FCC,0.095254,0.031956,0.2943956970696346,0.1295571782350305,0.123867149400178,GPR
0.094286,2.4643,40.0,10,FCC,0.084025,0.025938,0.3328996620684367,0.1448598699314488,0.1369224581143723,GPR
0.105,2.4643,40.0,10,FCC,0.071029,0.022072,0.3745849046816351,0.1610305599164179,0.1504175003481171,GPR
0.115714,2.4643,40.0,10,FCC,0.060681,0.019322,0.4199627859869457,0.1781871535626104,0.1644203397994739,GPR
0.126429,2.4643,40.0,10,FCC,0.054029,0.017242,0.4696410663089002,0.1965188270301765,0.1790168005881504,GPR
0.137143,2.4643,40.0,10,FCC,0.048639,0.0156,0.5243039847391655,0.2163199951475159,0.1943066440931763,GPR
0.147857,2.4643,40.0,10,FCC,0.043118,0.014265,0.5847260058382591,0.2380301332969348,0.2104105791649196,GPR
0.158571,2.4643,40.0,10,FCC,0.037086,0.013153,0.6517299791754321,0.2622353623203156,0.2274619707900609,GPR
0.169286,2.4643,40.0,10,FCC,0.032344,0.012212,0.7261657566529944,0.2896509851261112,0.2456052424974568,GPR
0.18,2.4643,40.0,10,FCC,0.02897,0.011402,0.808840368709163,0.3210547697601771,0.2649826641710379,GPR
0.03,2.6429,40.0,10,FCC,0.226311,0.261093,0.1374801134742816,0.0632812463452137,0.0637868067677611,GPR
0.040714,2.6429,40.0,10,FCC,0.197174,0.354407,0.1649879445678289,0.0754201784422323,0.0752047928127203,GPR
0.051429,2.6429,40.0,10,FCC,0.17394,0.398817,0.1942135868811069,0.0880541207830709,0.0868989325644335,GPR
0.062143,2.6429,40.0,10,FCC,0.14999,0.233411,0.2253606054408146,0.1012346967659918,0.0988898714618153,GPR
0.072857,2.6429,40.0,10,FCC,0.124419,0.084121,0.2586631025509222,0.1150417828998232,0.1112028391470513,GPR
0.083571,2.6429,40.0,10,FCC,0.10895,0.044992,0.2943956970696346,0.1295571782350305,0.123867149400178,GPR
0.094286,2.6429,40.0,10,FCC,0.098124,0.033048,0.3328996620684367,0.1448598699314488,0.1369224581143723,GPR
0.105,2.6429,40.0,10,FCC,0.088701,0.026827,0.3745849046816351,0.1610305599164179,0.1504175003481171,GPR
0.115714,2.6429,40.0,10,FCC,0.078544,0.022854,0.4199627859869457,0.1781871535626104,0.1644203397994739,GPR
0.126429,2.6429,40.0,10,FCC,0.067111,0.020036,0.4696410663089002,0.1965188270301765,0.1790168005881504,GPR
0.137143,2.6429,40.0,10,FCC,0.058923,0.017906,0.5243039847391655,0.2163199951475159,0.1943066440931763,GPR
0.147857,2.6429,40.0,10,FCC,0.053379,0.016226,0.5847260058382591,0.2380301332969348,0.2104105791649196,GPR
0.158571,2.6429,40.0,10,FCC,0.048797,0.014859,0.6517299791754321,0.2622353623203156,0.2274619707900609,GPR
0.169286,2.6429,40.0,10,FCC,0.044232,0.01372,0.7261657566529944,0.2896509851261112,0.2456052424974568,GPR
0.18,2.6429,40.0,10,FCC,0.039015,0.012755,0.808840368709163,0.3210547697601771,0.2649826641710379,GPR
0.03,2.8214,40.0,10,FCC,0.244605,0.523343,0.1374801134742816,0.0632812463452137,0.0637868067677611,GPR
0.040714,2.8214,40.0,10,FCC,0.212276,0.405094,0.1649879445678289,0.0754201784422323,0.0752047928127203,GPR
0.051429,2.8214,40.0,10,FCC,0.189414,0.257565,0.1942135868811069,0.0880541207830709,0.0868989325644335,GPR
0.062143,2.8214,40.0,10,FCC,0.169907,0.355081,0.2253606054408146,0.1012346967659918,0.0988898714618153,GPR
0.072857,2.8214,40.0,10,FCC,0.149294,0.243047,0.2586631025509222,0.1150417828998232,0.1112028391470513,GPR
0.083571,2.8214,40.0,10,FCC,0.126174,0.096853,0.2943956970696346,0.1295571782350305,0.123867149400178,GPR
0.094286,2.8214,40.0,10,FCC,0.111231,0.048388,0.3328996620684367,0.1448598699314488,0.1369224581143723,GPR
0.105,2.8214,40.0,10,FCC,0.101082,0.034864,0.3745849046816351,0.1610305599164179,0.1504175003481171,GPR
0.115714,2.8214,40.0,10,FCC,0.092695,0.028114,0.4199627859869457,0.1781871535626104,0.1644203397994739,GPR
0.126429,2.8214,40.0,10,FCC,0.084643,0.023887,0.4696410663089002,0.1965188270301765,0.1790168005881504,GPR
0.137143,2.8214,40.0,10,FCC,0.075346,0.020922,0.5243039847391655,0.2163199951475159,0.1943066440931763,GPR
0.147857,2.8214,40.0,10,FCC,0.065351,0.018694,0.5847260058382591,0.2380301332969348,0.2104105791649196,GPR
0.158571,2.8214,40.0,10,FCC,0.058322,0.016944,0.6517299791754321,0.2622353623203156,0.2274619707900609,GPR
0.169286,2.8214,40.0,10,FCC,0.053439,0.015524,0.7261657566529944,0.2896509851261112,0.2456052424974568,GPR
0.18,2.8214,40.0,10,FCC,0.049432,0.014342,0.808840368709163,0.3210547697601771,0.2649826641710379,GPR
0.03,3.0,40.0,10,FCC,0.266513,0.621204,0.1374801134742816,0.0632812463452137,0.0637868067677611,GPR
0.040714,3.0,40.0,10,FCC,0.227512,0.264882,0.1649879445678289,0.0754201784422323,0.0752047928127203,GPR
0.051429,3.0,40.0,10,FCC,0.203277,0.651252,0.1942135868811069,0.0880541207830709,0.0868989325644335,GPR
0.062143,3.0,40.0,10,FCC,0.184388,0.238401,0.2253606054408146,0.1012346967659918,0.0988898714618153,GPR
0.072857,3.0,40.0,10,FCC,0.167677,0.34867,0.2586631025509222,0.1150417828998232,0.1112028391470513,GPR
0.083571,3.0,40.0,10,FCC,0.150063,0.25702,0.2943956970696346,0.1295571782350305,0.123867149400178,GPR
0.094286,3.0,40.0,10,FCC,0.129178,0.120815,0.3328996620684367,0.1448598699314488,0.1369224581143723,GPR
0.105,3.0,40.0,10,FCC,0.114072,0.054533,0.3745849046816351,0.1610305599164179,0.1504175003481171,GPR
0.115714,3.0,40.0,10,FCC,0.104167,0.037658,0.4199627859869457,0.1781871535626104,0.1644203397994739,GPR
0.126429,3.0,40.0,10,FCC,0.096341,0.029907,0.4696410663089002,0.1965188270301765,0.1790168005881504,GPR
0.137143,3.0,40.0,10,FCC,0.089356,0.025232,0.5243039847391655,0.2163199951475159,0.1943066440931763,GPR
0.147857,3.0,40.0,10,FCC,0.082288,0.022018,0.5847260058382591,0.2380301332969348,0.2104105791649196,GPR
0.158571,3.0,40.0,10,FCC,0.073921,0.019634,0.6517299791754321,0.2622353623203156,0.2274619707900609,GPR
0.169286,3.0,40.0,10,FCC,0.06496,0.017775,0.7261657566529944,0.2896509851261112,0.2456052424974568,GPR
0.18,3.0,40.0,10,FCC,0.058495,0.016275,0.808840368709163,0.3210547697601771,0.2649826641710379,GPR
0.03,0.5,10.0,15,FCC,0.524248,0.62343,0.1374801134742816,0.0632812463452137,0.0637868067677611,GPR
0.040714,0.5,10.0,15,FCC,0.486325,0.477895,0.1649879445678289,0.0754201784422323,0.0752047928127203,GPR
0.051429,0.5,10.0,15,FCC,0.451019,0.421026,0.1942135868811069,0.0880541207830709,0.0868989325644335,GPR
0.062143,0.5,10.0,15,FCC,0.423002,0.434288,0.2253606054408146,0.1012346967659918,0.0988898714618153,GPR
0.072857,0.5,10.0,15,FCC,0.398747,0.438784,0.2586631025509222,0.1150417828998232,0.1112028391470513,GPR
0.083571,0.5,10.0,15,FCC,0.377946,0.407007,0.2943956970696346,0.1295571782350305,0.123867149400178,GPR
0.094286,0.5,10.0,15,FCC,0.359162,0.372323,0.3328996620684367,0.1448598699314488,0.1369224581143723,GPR
0.105,0.5,10.0,15,FCC,0.342021,0.35385,0.3745849046816351,0.1610305599164179,0.1504175003481171,GPR
0.115714,0.5,10.0,15,FCC,0.326058,0.347094,0.4199627859869457,0.1781871535626104,0.1644203397994739,GPR
0.126429,0.5,10.0,15,FCC,0.311077,0.340932,0.4696410663089002,0.1965188270301765,0.1790168005881504,GPR
0.137143,0.5,10.0,15,FCC,0.296923,0.329616,0.5243039847391655,0.2163199951475159,0.1943066440931763,GPR
0.147857,0.5,10.0,15,FCC,0.283506,0.315273,0.5847260058382591,0.2380301332969348,0.2104105791649196,GPR
0.158571,0.5,10.0,15,FCC,0.270762,0.302178,0.6517299791754321,0.2622353623203156,0.2274619707900609,GPR
0.169286,0.5,10.0,15,FCC,0.258648,0.292179,0.7261657566529944,0.2896509851261112,0.2456052424974568,GPR
0.18,0.5,10.0,15,FCC,0.247141,0.284522,0.808840368709163,0.3210547697601771,0.2649826641710379,GPR
0.03,0.6786,10.0,15,FCC,0.57634,0.371638,0.1374801134742816,0.0632812463452137,0.0637868067677611,GPR
0.040714,0.6786,10.0,15,FCC,0.561083,0.420635,0.1649879445678289,0.0754201784422323,0.0752047928127203,GPR
0.051429,0.6786,10.0,15,FCC,0.555517,0.583359,0.1942135868811069,0.0880541207830709,0.0868989325644335,GPR
0.062143,0.6786,10.0,15,FCC,0.533413,0.718412,0.2253606054408146,0.1012346967659918,0.0988898714618153,GPR
0.072857,0.6786,10.0,15,FCC,0.51231,0.640002,0.2586631025509222,0.1150417828998232,0.1112028391470513,GPR
0.083571,0.6786,10.0,15,FCC,0.496534,0.499775,0.2943956970696346,0.1295571782350305,0.123867149400178,GPR
0.094286,0.6786,10.0,15,FCC,0.477008,0.411503,0.3328996620684367,0.1448598699314488,0.1369224581143723,GPR
0.105,0.6786,10.0,15,FCC,0.457111,0.376556,0.3745849046816351,0.1610305599164179,0.1504175003481171,GPR
0.115714,0.6786,10.0,15,FCC,0.441294,0.381818,0.4199627859869457,0.1781871535626104,0.1644203397994739,GPR
0.126429,0.6786,10.0,15,FCC,0.427526,0.415727,0.4696410663089002,0.1965188270301765,0.1790168005881504,GPR
0.137143,0.6786,10.0,15,FCC,0.413888,0.459526,0.5243039847391655,0.2163199951475159,0.1943066440931763,GPR
0.147857,0.6786,10.0,15,FCC,0.401577,0.484406,0.5847260058382591,0.2380301332969348,0.2104105791649196,GPR
0.158571,0.6786,10.0,15,FCC,0.390984,0.472509,0.6517299791754321,0.2622353623203156,0.2274619707900609,GPR
0.169286,0.6786,10.0,15,FCC,0.381035,0.434691,0.7261657566529944,0.2896509851261112,0.2456052424974568,GPR
0.18,0.6786,10.0,15,FCC,0.371316,0.392813,0.808840368709163,0.3210547697601771,0.2649826641710379,GPR
0.03,0.8571,10.0,15,FCC,0.527626,0.612658,0.1374801134742816,0.0632812463452137,0.0637868067677611,GPR
0.040714,0.8571,10.0,15,FCC,0.562651,0.420293,0.1649879445678289,0.0754201784422323,0.0752047928127203,GPR
0.051429,0.8571,10.0,15,FCC,0.562036,0.33922,0.1942135868811069,0.0880541207830709,0.0868989325644335,GPR
0.062143,0.8571,10.0,15,FCC,0.548449,0.319845,0.2253606054408146,0.1012346967659918,0.0988898714618153,GPR
0.072857,0.8571,10.0,15,FCC,0.540489,0.348247,0.2586631025509222,0.1150417828998232,0.1112028391470513,GPR
0.083571,0.8571,10.0,15,FCC,0.544471,0.429046,0.2943956970696346,0.1295571782350305,0.123867149400178,GPR
0.094286,0.8571,10.0,15,FCC,0.543683,0.567946,0.3328996620684367,0.1448598699314488,0.1369224581143723,GPR
0.105,0.8571,10.0,15,FCC,0.532252,0.726385,0.3745849046816351,0.1610305599164179,0.1504175003481171,GPR
0.115714,0.8571,10.0,15,FCC,0.517994,0.788976,0.4199627859869457,0.1781871535626104,0.1644203397994739,GPR
0.126429,0.8571,10.0,15,FCC,0.506325,0.708525,0.4696410663089002,0.1965188270301765,0.1790168005881504,GPR
0.137143,0.8571,10.0,15,FCC,0.499038,0.578012,0.5243039847391655,0.2163199951475159,0.1943066440931763,GPR
0.147857,0.8571,10.0,15,FCC,0.491644,0.469531,0.5847260058382591,0.2380301332969348,0.2104105791649196,GPR
0.158571,0.8571,10.0,15,FCC,0.480317,0.396502,0.6517299791754321,0.2622353623203156,0.2274619707900609,GPR
0.169286,0.8571,10.0,15,FCC,0.466841,0.352957,0.7261657566529944,0.2896509851261112,0.2456052424974568,GPR
0.18,0.8571,10.0,15,FCC,0.453957,0.33208,0.808840368709163,0.3210547697601771,0.2649826641710379,GPR
0.03,1.0357,10.0,15,FCC,0.479075,0.936991,0.1374801134742816,0.0632812463452137,0.0637868067677611,GPR
0.040714,1.0357,10.0,15,FCC,0.479741,0.858626,0.1649879445678289,0.0754201784422323,0.0752047928127203,GPR
0.051429,1.0357,10.0,15,FCC,0.489647,0.619463,0.1942135868811069,0.0880541207830709,0.0868989325644335,GPR
0.062143,1.0357,10.0,15,FCC,0.518673,0.452722,0.2253606054408146,0.1012346967659918,0.0988898714618153,GPR
0.072857,1.0357,10.0,15,FCC,0.53842,0.357457,0.2586631025509222,0.1150417828998232,0.1112028391470513,GPR
0.083571,1.0357,10.0,15,FCC,0.538181,0.306079,0.2943956970696346,0.1295571782350305,0.123867149400178,GPR
0.094286,1.0357,10.0,15,FCC,0.530306,0.282858,0.3328996620684367,0.1448598699314488,0.1369224581143723,GPR
0.105,1.0357,10.0,15,FCC,0.52191,0.28111,0.3745849046816351,0.1610305599164179,0.1504175003481171,GPR
0.115714,1.0357,10.0,15,FCC,0.517569,0.299706,0.4199627859869457,0.1781871535626104,0.1644203397994739,GPR
0.126429,1.0357,10.0,15,FCC,0.520903,0.341507,0.4696410663089002,0.1965188270301765,0.1790168005881504,GPR
0.137143,1.0357,10.0,15,FCC,0.528273,0.41238,0.5243039847391655,0.2163199951475159,0.1943066440931763,GPR
0.147857,1.0357,10.0,15,FCC,0.529667,0.518119,0.5847260058382591,0.2380301332969348,0.2104105791649196,GPR
0.158571,1.0357,10.0,15,FCC,0.524238,0.653972,0.6517299791754321,0.2622353623203156,0.2274619707900609,GPR
0.169286,1.0357,10.0,15,FCC,0.51558,0.784917,0.7261657566529944,0.2896509851261112,0.2456052424974568,GPR
0.18,1.0357,10.0,15,FCC,0.506322,0.846263,0.808840368709163,0.3210547697601771,0.2649826641710379,GPR
0.03,1.2143,10.0,15,FCC,0.434385,0.454827,0.1374801134742816,0.0632812463452137,0.0637868067677611,GPR
0.040714,1.2143,10.0,15,FCC,0.447729,0.703976,0.1649879445678289,0.0754201784422323,0.0752047928127203,GPR
0.051429,1.2143,10.0,15,FCC,0.450149,0.911183,0.1942135868811069,0.0880541207830709,0.0868989325644335,GPR
0.062143,1.2143,10.0,15,FCC,0.449885,0.884787,0.2253606054408146,0.1012346967659918,0.0988898714618153,GPR
0.072857,1.2143,10.0,15,FCC,0.452321,0.710121,0.2586631025509222,0.1150417828998232,0.1112028391470513,GPR
0.083571,1.2143,10.0,15,FCC,0.463701,0.544888,0.2943956970696346,0.1295571782350305,0.123867149400178,GPR
0.094286,1.2143,10.0,15,FCC,0.487181,0.428576,0.3328996620684367,0.1448598699314488,0.1369224581143723,GPR
0.105,1.2143,10.0,15,FCC,0.507787,0.352208,0.3745849046816351,0.1610305599164179,0.1504175003481171,GPR
0.115714,1.2143,10.0,15,FCC,0.51483,0.302965,0.4199627859869457,0.1781871535626104,0.1644203397994739,GPR
0.126429,1.2143,10.0,15,FCC,0.513345,0.272165,0.4696410663089002,0.1965188270301765,0.1790168005881504,GPR
0.137143,1.2143,10.0,15,FCC,0.508279,0.25475,0.5243039847391655,0.2163199951475159,0.1943066440931763,GPR
0.147857,1.2143,10.0,15,FCC,0.502339,0.248073,0.5847260058382591,0.2380301332969348,0.2104105791649196,GPR
0.158571,1.2143,10.0,15,FCC,0.497305,0.251115,0.6517299791754321,0.2622353623203156,0.2274619707900609,GPR
0.169286,1.2143,10.0,15,FCC,0.494894,0.264097,0.7261657566529944,0.2896509851261112,0.2456052424974568,GPR
0.18,1.2143,10.0,15,FCC,0.49697,0.28835,0.808840368709163,0.3210547697601771,0.2649826641710379,GPR
0.03,1.3929,10.0,15,FCC,0.350438,0.2341,0.1374801134742816,0.0632812463452137,0.0637868067677611,GPR
0.040714,1.3929,10.0,15,FCC,0.391262,0.322293,0.1649879445678289,0.0754201784422323,0.0752047928127203,GPR
0.051429,1.3929,10.0,15,FCC,0.412817,0.458821,0.1942135868811069,0.0880541207830709,0.0868989325644335,GPR
0.062143,1.3929,10.0,15,FCC,0.421236,0.645104,0.2253606054408146,0.1012346967659918,0.0988898714618153,GPR
0.072857,1.3929,10.0,15,FCC,0.423549,0.828885,0.2586631025509222,0.1150417828998232,0.1112028391470513,GPR
0.083571,1.3929,10.0,15,FCC,0.423464,0.901897,0.2943956970696346,0.1295571782350305,0.123867149400178,GPR
0.094286,1.3929,10.0,15,FCC,0.423274,0.828843,0.3328996620684367,0.1448598699314488,0.1369224581143723,GPR
0.105,1.3929,10.0,15,FCC,0.425091,0.689887,0.3745849046816351,0.1610305599164179,0.1504175003481171,GPR
0.115714,1.3929,10.0,15,FCC,0.431676,0.557736,0.4199627859869457,0.1781871535626104,0.1644203397994739,GPR
0.126429,1.3929,10.0,15,FCC,0.446124,0.454914,0.4696410663089002,0.1965188270301765,0.1790168005881504,GPR
0.137143,1.3929,10.0,15,FCC,0.46651,0.379915,0.5243039847391655,0.2163199951475159,0.1943066440931763,GPR
0.147857,1.3929,10.0,15,FCC,0.482745,0.326144,0.5847260058382591,0.2380301332969348,0.2104105791649196,GPR
0.158571,1.3929,10.0,15,FCC,0.490241,0.287773,0.6517299791754321,0.2622353623203156,0.2274619707900609,GPR
0.169286,1.3929,10.0,15,FCC,0.491539,0.260653,0.7261657566529944,0.2896509851261112,0.2456052424974568,GPR
0.18,1.3929,10.0,15,FCC,0.489494,0.24203,0.808840368709163,0.3210547697601771,0.2649826641710379,GPR
0.03,1.5714,10.0,15,FCC,0.284154,0.157925,0.1374801134742816,0.0632812463452137,0.0637868067677611,GPR
0.040714,1.5714,10.0,15,FCC,0.309034,0.18968,0.1649879445678289,0.0754201784422323,0.0752047928127203,GPR
0.051429,1.5714,10.0,15,FCC,0.342431,0.236819,0.1942135868811069,0.0880541207830709,0.0868989325644335,GPR
0.062143,1.5714,10.0,15,FCC,0.371013,0.30585,0.2253606054408146,0.1012346967659918,0.0988898714618153,GPR
0.072857,1.5714,10.0,15,FCC,0.38756,0.404218,0.2586631025509222,0.1150417828998232,0.1112028391470513,GPR
0.083571,1.5714,10.0,15,FCC,0.395565,0.535732,0.2943956970696346,0.1295571782350305,0.123867149400178,GPR
0.094286,1.5714,10.0,15,FCC,0.398863,0.688338,0.3328996620684367,0.1448598699314488,0.1369224581143723,GPR
0.105,1.5714,10.0,15,FCC,0.399734,0.819679,0.3745849046816351,0.1610305599164179,0.1504175003481171,GPR
0.115714,1.5714,10.0,15,FCC,0.399543,0.872466,0.4199627859869457,0.1781871535626104,0.1644203397994739,GPR
0.126429,1.5714,10.0,15,FCC,0.399264,0.829538,0.4696410663089002,0.1965188270301765,0.1790168005881504,GPR
0.137143,1.5714,10.0,15,FCC,0.399806,0.728914,0.5243039847391655,0.2163199951475159,0.1943066440931763,GPR
0.147857,1.5714,10.0,15,FCC,0.402279,0.61689,0.5847260058382591,0.2380301332969348,0.2104105791649196,GPR
0.158571,1.5714,10.0,15,FCC,0.408211,0.517909,0.6517299791754321,0.2622353623203156,0.2274619707900609,GPR
0.169286,1.5714,10.0,15,FCC,0.419315,0.438277,0.7261657566529944,0.2896509851261112,0.2456052424974568,GPR
0.18,1.5714,10.0,15,FCC,0.43537,0.376506,0.808840368709163,0.3210547697601771,0.2649826641710379,GPR
0.03,0.5,13.3333,15,FCC,0.398626,0.434331,0.1374801134742816,0.0632812463452137,0.0637868067677611,GPR
0.040714,0.5,13.3333,15,FCC,0.346711,0.38406,0.1649879445678289,0.0754201784422323,0.0752047928127203,GPR
0.051429,0.5,13.3333,15,FCC,0.301584,0.353829,0.1942135868811069,0.0880541207830709,0.0868989325644335,GPR
0.062143,0.5,13.3333,15,FCC,0.263656,0.3238,0.2253606054408146,0.1012346967659918,0.0988898714618153,GPR
0.072857,0.5,13.3333,15,FCC,0.23267,0.298713,0.2586631025509222,0.1150417828998232,0.1112028391470513,GPR
0.083571,0.5,13.3333,15,FCC,0.207279,0.276863,0.2943956970696346,0.1295571782350305,0.123867149400178,GPR
0.094286,0.5,13.3333,15,FCC,0.186255,0.256554,0.3328996620684367,0.1448598699314488,0.1369224581143723,GPR
0.105,0.5,13.3333,15,FCC,0.168663,0.238422,0.3745849046816351,0.1610305599164179,0.1504175003481171,GPR
0.115714,0.5,13.3333,15,FCC,0.153781,0.221469,0.4199627859869457,0.1781871535626104,0.1644203397994739,GPR
0.126429,0.5,13.3333,15,FCC,0.141047,0.2057,0.4696410663089002,0.1965188270301765,0.1790168005881504,GPR
0.137143,0.5,13.3333,15,FCC,0.130034,0.190874,0.5243039847391655,0.2163199951475159,0.1943066440931763,GPR
0.147857,0.5,13.3333,15,FCC,0.120421,0.176841,0.5847260058382591,0.2380301332969348,0.2104105791649196,GPR
0.158571,0.5,13.3333,15,FCC,0.111965,0.163523,0.6517299791754321,0.2622353623203156,0.2274619707900609,GPR
0.169286,0.5,13.3333,15,FCC,0.104476,0.150861,0.7261657566529944,0.2896509851261112,0.2456052424974568,GPR
0.18,0.5,13.3333,15,FCC,0.097803,0.138841,0.808840368709163,0.3210547697601771,0.2649826641710379,GPR
0.03,0.6786,13.3333,15,FCC,0.509127,0.563385,0.1374801134742816,0.0632812463452137,0.0637868067677611,GPR
0.040714,0.6786,13.3333,15,FCC,0.471676,0.540842,0.1649879445678289,0.0754201784422323,0.0752047928127203,GPR
0.051429,0.6786,13.3333,15,FCC,0.439628,0.412875,0.1942135868811069,0.0880541207830709,0.0868989325644335,GPR
0.062143,0.6786,13.3333,15,FCC,0.410375,0.436059,0.2253606054408146,0.1012346967659918,0.0988898714618153,GPR
0.072857,0.6786,13.3333,15,FCC,0.382513,0.448387,0.2586631025509222,0.1150417828998232,0.1112028391470513,GPR
0.083571,0.6786,13.3333,15,FCC,0.355568,0.388394,0.2943956970696346,0.1295571782350305,0.123867149400178,GPR
0.094286,0.6786,13.3333,15,FCC,0.329774,0.359066,0.3328996620684367,0.1448598699314488,0.1369224581143723,GPR
0.105,0.6786,13.3333,15,FCC,0.305574,0.362598,0.3745849046816351,0.1610305599164179,0.1504175003481171,GPR
0.115714,0.6786,13.3333,15,FCC,0.283478,0.353681,0.4199627859869457,0.1781871535626104,0.1644203397994739,GPR
0.126429,0.6786,13.3333,15,FCC,0.263731,0.327753,0.4696410663089002,0.1965188270301765,0.1790168005881504,GPR
0.137143,0.6786,13.3333,15,FCC,0.246158,0.309368,0.5243039847391655,0.2163199951475159,0.1943066440931763,GPR
0.147857,0.6786,13.3333,15,FCC,0.23044,0.301992,0.5847260058382591,0.2380301332969348,0.2104105791649196,GPR
0.158571,0.6786,13.3333,15,FCC,0.216279,0.29411,0.6517299791754321,0.2622353623203156,0.2274619707900609,GPR
0.169286,0.6786,13.3333,15,FCC,0.203441,0.280865,0.7261657566529944,0.2896509851261112,0.2456052424974568,GPR
0.18,0.6786,13.3333,15,FCC,0.191758,0.26747,0.808840368709163,0.3210547697601771,0.2649826641710379,GPR
0.03,0.8571,13.3333,15,FCC,0.580294,0.526689,0.1374801134742816,0.0632812463452137,0.0637868067677611,GPR
0.040714,0.8571,13.3333,15,FCC,0.541105,0.382636,0.1649879445678289,0.0754201784422323,0.0752047928127203,GPR
0.051429,0.8571,13.3333,15,FCC,0.515676,0.469405,0.1942135868811069,0.0880541207830709,0.0868989325644335,GPR
0.062143,0.8571,13.3333,15,FCC,0.488694,0.658791,0.2253606054408146,0.1012346967659918,0.0988898714618153,GPR
0.072857,0.8571,13.3333,15,FCC,0.47018,0.57893,0.2586631025509222,0.1150417828998232,0.1112028391470513,GPR
0.083571,0.8571,13.3333,15,FCC,0.450742,0.425054,0.2943956970696346,0.1295571782350305,0.123867149400178,GPR
0.094286,0.8571,13.3333,15,FCC,0.434105,0.373469,0.3328996620684367,0.1448598699314488,0.1369224581143723,GPR
0.105,0.8571,13.3333,15,FCC,0.417076,0.404708,0.3745849046816351,0.1610305599164179,0.1504175003481171,GPR
0.115714,0.8571,13.3333,15,FCC,0.400818,0.472502,0.4199627859869457,0.1781871535626104,0.1644203397994739,GPR
0.126429,0.8571,13.3333,15,FCC,0.384357,0.483488,0.4696410663089002,0.1965188270301765,0.1790168005881504,GPR
0.137143,0.8571,13.3333,15,FCC,0.367922,0.422428,0.5243039847391655,0.2163199951475159,0.1943066440931763,GPR
0.147857,0.8571,13.3333,15,FCC,0.351436,0.364181,0.5847260058382591,0.2380301332969348,0.2104105791649196,GPR
0.158571,0.8571,13.3333,15,FCC,0.335133,0.340616,0.6517299791754321,0.2622353623203156,0.2274619707900609,GPR
0.169286,0.8571,13.3333,15,FCC,0.31927,0.348378,0.7261657566529944,0.2896509851261112,0.2456052424974568,GPR
0.18,0.8571,13.3333,15,FCC,0.304099,0.369987,0.808840368709163,0.3210547697601771,0.2649826641710379,GPR
0.03,1.0357,13.3333,15,FCC,0.583716,0.805466,0.1374801134742816,0.0632812463452137,0.0637868067677611,GPR
0.040714,1.0357,13.3333,15,FCC,0.568121,0.851248,0.1649879445678289,0.0754201784422323,0.0752047928127203,GPR
0.051429,1.0357,13.3333,15,FCC,0.567978,0.500014,0.1942135868811069,0.0880541207830709,0.0868989325644335,GPR
0.062143,1.0357,13.3333,15,FCC,0.542397,0.360994,0.2253606054408146,0.1012346967659918,0.0988898714618153,GPR
0.072857,1.0357,13.3333,15,FCC,0.520232,0.349128,0.2586631025509222,0.1150417828998232,0.1112028391470513,GPR
0.083571,1.0357,13.3333,15,FCC,0.50662,0.437346,0.2943956970696346,0.1295571782350305,0.123867149400178,GPR
0.094286,1.0357,13.3333,15,FCC,0.487718,0.619283,0.3328996620684367,0.1448598699314488,0.1369224581143723,GPR
0.105,1.0357,13.3333,15,FCC,0.474764,0.720324,0.3745849046816351,0.1610305599164179,0.1504175003481171,GPR
0.115714,1.0357,13.3333,15,FCC,0.46444,0.594193,0.4199627859869457,0.1781871535626104,0.1644203397994739,GPR
0.126429,1.0357,13.3333,15,FCC,0.451542,0.445452,0.4696410663089002,0.1965188270301765,0.1790168005881504,GPR
0.137143,1.0357,13.3333,15,FCC,0.440964,0.364047,0.5243039847391655,0.2163199951475159,0.1943066440931763,GPR
0.147857,1.0357,13.3333,15,FCC,0.430945,0.339496,0.5847260058382591,0.2380301332969348,0.2104105791649196,GPR
0.158571,1.0357,13.3333,15,FCC,0.419879,0.36001,0.6517299791754321,0.2622353623203156,0.2274619707900609,GPR
0.169286,1.0357,13.3333,15,FCC,0.409666,0.418954,0.7261657566529944,0.2896509851261112,0.2456052424974568,GPR
0.18,1.0357,13.3333,15,FCC,0.399342,0.493651,0.808840368709163,0.3210547697601771,0.2649826641710379,GPR
0.03,1.2143,13.3333,15,FCC,0.528378,0.305348,0.1374801134742816,0.0632812463452137,0.0637868067677611,GPR
0.040714,1.2143,13.3333,15,FCC,0.564711,0.501021,0.1649879445678289,0.0754201784422323,0.0752047928127203,GPR
0.051429,1.2143,13.3333,15,FCC,0.560296,0.886979,0.1942135868811069,0.0880541207830709,0.0868989325644335,GPR
0.062143,1.2143,13.3333,15,FCC,0.549375,0.900938,0.2253606054408146,0.1012346967659918,0.0988898714618153,GPR
0.072857,1.2143,13.3333,15,FCC,0.554125,0.586324,0.2586631025509222,0.1150417828998232,0.1112028391470513,GPR
0.083571,1.2143,13.3333,15,FCC,0.54805,0.401997,0.2943956970696346,0.1295571782350305,0.123867149400178,GPR
0.094286,1.2143,13.3333,15,FCC,0.527647,0.32481,0.3328996620684367,0.1448598699314488,0.1369224581143723,GPR
0.105,1.2143,13.3333,15,FCC,0.510635,0.309467,0.3745849046816351,0.1610305599164179,0.1504175003481171,GPR
0.115714,1.2143,13.3333,15,FCC,0.50357,0.344718,0.4199627859869457,0.1781871535626104,0.1644203397994739,GPR
0.126429,1.2143,13.3333,15,FCC,0.492945,0.439574,0.4696410663089002,0.1965188270301765,0.1790168005881504,GPR
0.137143,1.2143,13.3333,15,FCC,0.479356,0.599722,0.5243039847391655,0.2163199951475159,0.1943066440931763,GPR
0.147857,1.2143,13.3333,15,FCC,0.469385,0.749935,0.5847260058382591,0.2380301332969348,0.2104105791649196,GPR
0.158571,1.2143,13.3333,15,FCC,0.464165,0.734532,0.6517299791754321,0.2622353623203156,0.2274619707900609,GPR
0.169286,1.2143,13.3333,15,FCC,0.457184,0.59105,0.7261657566529944,0.2896509851261112,0.2456052424974568,GPR
0.18,1.2143,13.3333,15,FCC,0.448098,0.456979,0.808840368709163,0.3210547697601771,0.2649826641710379,GPR
0.03,1.3929,13.3333,15,FCC,0.490018,0.241327,0.1374801134742816,0.0632812463452137,0.0637868067677611,GPR
0.040714,1.3929,13.3333,15,FCC,0.494883,0.250562,0.1649879445678289,0.0754201784422323,0.0752047928127203,GPR
0.051429,1.3929,13.3333,15,FCC,0.519438,0.320578,0.1942135868811069,0.0880541207830709,0.0868989325644335,GPR
0.062143,1.3929,13.3333,15,FCC,0.544716,0.493932,0.2253606054408146,0.1012346967659918,0.0988898714618153,GPR
0.072857,1.3929,13.3333,15,FCC,0.5422,0.806161,0.2586631025509222,0.1150417828998232,0.1112028391470513,GPR
0.083571,1.3929,13.3333,15,FCC,0.533197,0.992254,0.2943956970696346,0.1295571782350305,0.123867149400178,GPR
0.094286,1.3929,13.3333,15,FCC,0.530433,0.784277,0.3328996620684367,0.1448598699314488,0.1369224581143723,GPR
0.105,1.3929,13.3333,15,FCC,0.538843,0.539083,0.3745849046816351,0.1610305599164179,0.1504175003481171,GPR
0.115714,1.3929,13.3333,15,FCC,0.536428,0.394097,0.4199627859869457,0.1781871535626104,0.1644203397994739,GPR
0.126429,1.3929,13.3333,15,FCC,0.522673,0.319075,0.4696410663089002,0.1965188270301765,0.1790168005881504,GPR
0.137143,1.3929,13.3333,15,FCC,0.507043,0.285951,0.5243039847391655,0.2163199951475159,0.1943066440931763,GPR
0.147857,1.3929,13.3333,15,FCC,0.496369,0.282493,0.5847260058382591,0.2380301332969348,0.2104105791649196,GPR
0.158571,1.3929,13.3333,15,FCC,0.49296,0.306741,0.6517299791754321,0.2622353623203156,0.2274619707900609,GPR
0.169286,1.3929,13.3333,15,FCC,0.487469,0.364127,0.7261657566529944,0.2896509851261112,0.2456052424974568,GPR
0.18,1.3929,13.3333,15,FCC,0.477808,0.4649,0.808840368709163,0.3210547697601771,0.2649826641710379,GPR
0.03,1.5714,13.3333,15,FCC,0.451483,0.278437,0.1374801134742816,0.0632812463452137,0.0637868067677611,GPR
0.040714,1.5714,13.3333,15,FCC,0.466746,0.232532,0.1649879445678289,0.0754201784422323,0.0752047928127203,GPR
0.051429,1.5714,13.3333,15,FCC,0.469922,0.221387,0.1942135868811069,0.0880541207830709,0.0868989325644335,GPR
0.062143,1.5714,13.3333,15,FCC,0.475428,0.240111,0.2253606054408146,0.1012346967659918,0.0988898714618153,GPR
0.072857,1.5714,13.3333,15,FCC,0.497718,0.296882,0.2586631025509222,0.1150417828998232,0.1112028391470513,GPR
0.083571,1.5714,13.3333,15,FCC,0.522101,0.414882,0.2943956970696346,0.1295571782350305,0.123867149400178,GPR
0.094286,1.5714,13.3333,15,FCC,0.525361,0.627777,0.3328996620684367,0.1448598699314488,0.1369224581143723,GPR
0.105,1.5714,13.3333,15,FCC,0.519832,0.901303,0.3745849046816351,0.1610305599164179,0.1504175003481171,GPR
0.115714,1.5714,13.3333,15,FCC,0.51341,0.989695,0.4199627859869457,0.1781871535626104,0.1644203397994739,GPR
0.126429,1.5714,13.3333,15,FCC,0.511776,0.804303,0.4696410663089002,0.1965188270301765,0.1790168005881504,GPR
0.137143,1.5714,13.3333,15,FCC,0.519548,0.585605,0.5243039847391655,0.2163199951475159,0.1943066440931763,GPR
0.147857,1.5714,13.3333,15,FCC,0.525153,0.436505,0.5847260058382591,0.2380301332969348,0.2104105791649196,GPR
0.158571,1.5714,13.3333,15,FCC,0.519731,0.34651,0.6517299791754321,0.2622353623203156,0.2274619707900609,GPR
0.169286,1.5714,13.3333,15,FCC,0.50869,0.294316,0.7261657566529944,0.2896509851261112,0.2456052424974568,GPR
0.18,1.5714,13.3333,15,FCC,0.496473,0.266744,0.808840368709163,0.3210547697601771,0.2649826641710379,GPR
0.03,1.75,13.3333,15,FCC,0.376082,0.371089,0.1374801134742816,0.0632812463452137,0.0637868067677611,GPR
0.040714,1.75,13.3333,15,FCC,0.423274,0.281569,0.1649879445678289,0.0754201784422323,0.0752047928127203,GPR
0.051429,1.75,13.3333,15,FCC,0.442777,0.232904,0.1942135868811069,0.0880541207830709,0.0868989325644335,GPR
0.062143,1.75,13.3333,15,FCC,0.448156,0.210168,0.2253606054408146,0.1012346967659918,0.0988898714618153,GPR
0.072857,1.75,13.3333,15,FCC,0.449836,0.206482,0.2586631025509222,0.1150417828998232,0.1112028391470513,GPR
0.083571,1.75,13.3333,15,FCC,0.454081,0.220937,0.2943956970696346,0.1295571782350305,0.123867149400178,GPR
0.094286,1.75,13.3333,15,FCC,0.469209,0.257757,0.3328996620684367,0.1448598699314488,0.1369224581143723,GPR
0.105,1.75,13.3333,15,FCC,0.494101,0.32741,0.3745849046816351,0.1610305599164179,0.1504175003481171,GPR
0.115714,1.75,13.3333,15,FCC,0.505995,0.448208,0.4199627859869457,0.1781871535626104,0.1644203397994739,GPR
0.126429,1.75,13.3333,15,FCC,0.506087,0.639338,0.4696410663089002,0.1965188270301765,0.1790168005881504,GPR
0.137143,1.75,13.3333,15,FCC,0.501753,0.873211,0.5243039847391655,0.2163199951475159,0.1943066440931763,GPR
0.147857,1.75,13.3333,15,FCC,0.496699,0.999404,0.5847260058382591,0.2380301332969348,0.2104105791649196,GPR
0.158571,1.75,13.3333,15,FCC,0.493697,0.902847,0.6517299791754321,0.2622353623203156,0.2274619707900609,GPR
0.169286,1.75,13.3333,15,FCC,0.496305,0.706383,0.7261657566529944,0.2896509851261112,0.2456052424974568,GPR
0.18,1.75,13.3333,15,FCC,0.505314,0.536867,0.808840368709163,0.3210547697601771,0.2649826641710379,GPR
0.03,1.9286,13.3333,15,FCC,0.322811,0.496169,0.1374801134742816,0.0632812463452137,0.0637868067677611,GPR
0.040714,1.9286,13.3333,15,FCC,0.349866,0.377819,0.1649879445678289,0.0754201784422323,0.0752047928127203,GPR
0.051429,1.9286,13.3333,15,FCC,0.390574,0.293857,0.1942135868811069,0.0880541207830709,0.0868989325644335,GPR
0.062143,1.9286,13.3333,15,FCC,0.416467,0.241774,0.2253606054408146,0.1012346967659918,0.0988898714618153,GPR
0.072857,1.9286,13.3333,15,FCC,0.426281,0.21131,0.2586631025509222,0.1150417828998232,0.1112028391470513,GPR
0.083571,1.9286,13.3333,15,FCC,0.429456,0.195882,0.2943956970696346,0.1295571782350305,0.123867149400178,GPR
0.094286,1.9286,13.3333,15,FCC,0.430645,0.192381,0.3328996620684367,0.1448598699314488,0.1369224581143723,GPR
0.105,1.9286,13.3333,15,FCC,0.433013,0.200227,0.3745849046816351,0.1610305599164179,0.1504175003481171,GPR
0.115714,1.9286,13.3333,15,FCC,0.440774,0.221039,0.4199627859869457,0.1781871535626104,0.1644203397994739,GPR
0.126429,1.9286,13.3333,15,FCC,0.458869,0.258969,0.4696410663089002,0.1965188270301765,0.1790168005881504,GPR
0.137143,1.9286,13.3333,15,FCC,0.479,0.321565,0.5243039847391655,0.2163199951475159,0.1943066440931763,GPR
0.147857,1.9286,13.3333,15,FCC,0.48794,0.420554,0.5847260058382591,0.2380301332969348,0.2104105791649196,GPR
0.158571,1.9286,13.3333,15,FCC,0.488765,0.56909,0.6517299791754321,0.2622353623203156,0.2274619707900609,GPR
0.169286,1.9286,13.3333,15,FCC,0.486031,0.76413,0.7261657566529944,0.2896509851261112,0.2456052424974568,GPR
0.18,1.9286,13.3333,15,FCC,0.482105,0.943873,0.808840368709163,0.3210547697601771,0.2649826641710379,GPR
0.03,2.1071,13.3333,15,FCC,0.293851,0.564136,0.1374801134742816,0.0632812463452137,0.0637868067677611,GPR
0.040714,2.1071,13.3333,15,FCC,0.306608,0.495921,0.1649879445678289,0.0754201784422323,0.0752047928127203,GPR
0.051429,2.1071,13.3333,15,FCC,0.324629,0.395074,0.1942135868811069,0.0880541207830709,0.0868989325644335,GPR
0.062143,2.1071,13.3333,15,FCC,0.354782,0.314194,0.2253606054408146,0.1012346967659918,0.0988898714618153,GPR
0.072857,2.1071,13.3333,15,FCC,0.385579,0.258482,0.2586631025509222,0.1150417828998232,0.1112028391470513,GPR
0.083571,2.1071,13.3333,15,FCC,0.402028,0.221845,0.2943956970696346,0.1295571782350305,0.123867149400178,GPR
0.094286,2.1071,13.3333,15,FCC,0.408985,0.198697,0.3328996620684367,0.1448598699314488,0.1369224581143723,GPR
0.105,2.1071,13.3333,15,FCC,0.411648,0.185499,0.3745849046816351,0.1610305599164179,0.1504175003481171,GPR
0.115714,2.1071,13.3333,15,FCC,0.412673,0.180372,0.4199627859869457,0.1781871535626104,0.1644203397994739,GPR
0.126429,2.1071,13.3333,15,FCC,0.413815,0.182666,0.4696410663089002,0.1965188270301765,0.1790168005881504,GPR
0.137143,2.1071,13.3333,15,FCC,0.417014,0.192767,0.5243039847391655,0.2163199951475159,0.1943066440931763,GPR
0.147857,2.1071,13.3333,15,FCC,0.425305,0.212122,0.5847260058382591,0.2380301332969348,0.2104105791649196,GPR
0.158571,2.1071,13.3333,15,FCC,0.441528,0.243502,0.6517299791754321,0.2622353623203156,0.2274619707900609,GPR
0.169286,2.1071,13.3333,15,FCC,0.459428,0.291449,0.7261657566529944,0.2896509851261112,0.2456052424974568,GPR
0.18,2.1071,13.3333,15,FCC,0.469306,0.362771,0.808840368709163,0.3210547697601771,0.2649826641710379,GPR
0.03,0.5,16.6667,15,FCC,0.239433,0.325025,0.1374801134742816,0.0632812463452137,0.0637868067677611,GPR
0.040714,0.5,16.6667,15,FCC,0.189045,0.27299,0.1649879445678289,0.0754201784422323,0.0752047928127203,GPR
0.051429,0.5,16.6667,15,FCC,0.154673,0.22863,0.1942135868811069,0.0880541207830709,0.0868989325644335,GPR
0.062143,0.5,16.6667,15,FCC,0.129811,0.189391,0.2253606054408146,0.1012346967659918,0.0988898714618153,GPR
0.072857,0.5,16.6667,15,FCC,0.11108,0.154467,0.2586631025509222,0.1150417828998232,0.1112028391470513,GPR
0.083571,0.5,16.6667,15,FCC,0.096519,0.124601,0.2943956970696346,0.1295571782350305,0.123867149400178,GPR
0.094286,0.5,16.6667,15,FCC,0.084909,0.100993,0.3328996620684367,0.1448598699314488,0.1369224581143723,GPR
0.105,0.5,16.6667,15,FCC,0.075464,0.083531,0.3745849046816351,0.1610305599164179,0.1504175003481171,GPR
0.115714,0.5,16.6667,15,FCC,0.067652,0.07084,0.4199627859869457,0.1781871535626104,0.1644203397994739,GPR
0.126429,0.5,16.6667,15,FCC,0.061101,0.061445,0.4696410663089002,0.1965188270301765,0.1790168005881504,GPR
0.137143,0.5,16.6667,15,FCC,0.055542,0.054281,0.5243039847391655,0.2163199951475159,0.1943066440931763,GPR
0.147857,0.5,16.6667,15,FCC,0.050777,0.048653,0.5847260058382591,0.2380301332969348,0.2104105791649196,GPR
0.158571,0.5,16.6667,15,FCC,0.046657,0.044116,0.6517299791754321,0.2622353623203156,0.2274619707900609,GPR
0.169286,0.5,16.6667,15,FCC,0.043068,0.040379,0.7261657566529944,0.2896509851261112,0.2456052424974568,GPR
0.18,0.5,16.6667,15,FCC,0.039921,0.037245,0.808840368709163,0.3210547697601771,0.2649826641710379,GPR
0.03,0.6786,16.6667,15,FCC,0.393437,0.420545,0.1374801134742816,0.0632812463452137,0.0637868067677611,GPR
0.040714,0.6786,16.6667,15,FCC,0.328841,0.411776,0.1649879445678289,0.0754201784422323,0.0752047928127203,GPR
0.051429,0.6786,16.6667,15,FCC,0.279328,0.363403,0.1942135868811069,0.0880541207830709,0.0868989325644335,GPR
0.062143,0.6786,16.6667,15,FCC,0.240851,0.333447,0.2253606054408146,0.1012346967659918,0.0988898714618153,GPR
0.072857,0.6786,16.6667,15,FCC,0.21007,0.304515,0.2586631025509222,0.1150417828998232,0.1112028391470513,GPR
0.083571,0.6786,16.6667,15,FCC,0.185404,0.277974,0.2943956970696346,0.1295571782350305,0.123867149400178,GPR
0.094286,0.6786,16.6667,15,FCC,0.165462,0.253838,0.3328996620684367,0.1448598699314488,0.1369224581143723,GPR
0.105,0.6786,16.6667,15,FCC,0.148948,0.230825,0.3745849046816351,0.1610305599164179,0.1504175003481171,GPR
0.115714,0.6786,16.6667,15,FCC,0.134961,0.209039,0.4199627859869457,0.1781871535626104,0.1644203397994739,GPR
0.126429,0.6786,16.6667,15,FCC,0.122964,0.187987,0.4696410663089002,0.1965188270301765,0.1790168005881504,GPR
0.137143,0.6786,16.6667,15,FCC,0.112616,0.167605,0.5243039847391655,0.2163199951475159,0.1943066440931763,GPR
0.147857,0.6786,16.6667,15,FCC,0.103638,0.14786,0.5847260058382591,0.2380301332969348,0.2104105791649196,GPR
0.158571,0.6786,16.6667,15,FCC,0.095783,0.129,0.6517299791754321,0.2622353623203156,0.2274619707900609,GPR
0.169286,0.6786,16.6667,15,FCC,0.088846,0.111546,0.7261657566529944,0.2896509851261112,0.2456052424974568,GPR
0.18,0.6786,16.6667,15,FCC,0.082672,0.09617,0.808840368709163,0.3210547697601771,0.2649826641710379,GPR
0.03,0.8571,16.6667,15,FCC,0.495525,0.438508,0.1374801134742816,0.0632812463452137,0.0637868067677611,GPR
0.040714,0.8571,16.6667,15,FCC,0.453268,0.57806,0.1649879445678289,0.0754201784422323,0.0752047928127203,GPR
0.051429,0.8571,16.6667,15,FCC,0.408449,0.404882,0.1942135868811069,0.0880541207830709,0.0868989325644335,GPR
0.062143,0.8571,16.6667,15,FCC,0.364301,0.440889,0.2253606054408146,0.1012346967659918,0.0988898714618153,GPR
0.072857,0.8571,16.6667,15,FCC,0.325711,0.420713,0.2586631025509222,0.1150417828998232,0.1112028391470513,GPR
0.083571,0.8571,16.6667,15,FCC,0.293811,0.357215,0.2943956970696346,0.1295571782350305,0.123867149400178,GPR
0.094286,0.8571,16.6667,15,FCC,0.266958,0.368088,0.3328996620684367,0.1448598699314488,0.1369224581143723,GPR
0.105,0.8571,16.6667,15,FCC,0.24368,0.345607,0.3745849046816351,0.1610305599164179,0.1504175003481171,GPR
0.115714,0.8571,16.6667,15,FCC,0.223101,0.31251,0.4199627859869457,0.1781871535626104,0.1644203397994739,GPR
0.126429,0.8571,16.6667,15,FCC,0.204908,0.306426,0.4696410663089002,0.1965188270301765,0.1790168005881504,GPR
0.137143,0.8571,16.6667,15,FCC,0.189047,0.290976,0.5243039847391655,0.2163199951475159,0.1943066440931763,GPR
0.147857,0.8571,16.6667,15,FCC,0.17533,0.269655,0.5847260058382591,0.2380301332969348,0.2104105791649196,GPR
0.158571,0.8571,16.6667,15,FCC,0.163392,0.257658,0.6517299791754321,0.2622353623203156,0.2274619707900609,GPR
0.169286,0.8571,16.6667,15,FCC,0.15285,0.244431,0.7261657566529944,0.2896509851261112,0.2456052424974568,GPR
0.18,0.8571,16.6667,15,FCC,0.143389,0.228732,0.808840368709163,0.3210547697601771,0.2649826641710379,GPR
0.03,1.0357,16.6667,15,FCC,0.539695,0.815813,0.1374801134742816,0.0632812463452137,0.0637868067677611,GPR
0.040714,1.0357,16.6667,15,FCC,0.513556,0.427802,0.1649879445678289,0.0754201784422323,0.0752047928127203,GPR
0.051429,1.0357,16.6667,15,FCC,0.488709,0.42091,0.1942135868811069,0.0880541207830709,0.0868989325644335,GPR
0.062143,1.0357,16.6667,15,FCC,0.462585,0.623722,0.2253606054408146,0.1012346967659918,0.0988898714618153,GPR
0.072857,1.0357,16.6667,15,FCC,0.434212,0.493951,0.2586631025509222,0.1150417828998232,0.1112028391470513,GPR
0.083571,1.0357,16.6667,15,FCC,0.403725,0.373567,0.2943956970696346,0.1295571782350305,0.123867149400178,GPR
0.094286,1.0357,16.6667,15,FCC,0.373002,0.411041,0.3328996620684367,0.1448598699314488,0.1369224581143723,GPR
0.105,1.0357,16.6667,15,FCC,0.344523,0.483398,0.3745849046816351,0.1610305599164179,0.1504175003481171,GPR
0.115714,1.0357,16.6667,15,FCC,0.319644,0.41667,0.4199627859869457,0.1781871535626104,0.1644203397994739,GPR
0.126429,1.0357,16.6667,15,FCC,0.298054,0.347227,0.4696410663089002,0.1965188270301765,0.1790168005881504,GPR
0.137143,1.0357,16.6667,15,FCC,0.279031,0.349039,0.5243039847391655,0.2163199951475159,0.1943066440931763,GPR
0.147857,1.0357,16.6667,15,FCC,0.261961,0.38054,0.5847260058382591,0.2380301332969348,0.2104105791649196,GPR
0.158571,1.0357,16.6667,15,FCC,0.246375,0.365771,0.6517299791754321,0.2622353623203156,0.2274619707900609,GPR
0.169286,1.0357,16.6667,15,FCC,0.231931,0.322128,0.7261657566529944,0.2896509851261112,0.2456052424974568,GPR
0.18,1.0357,16.6667,15,FCC,0.218439,0.302515,0.808840368709163,0.3210547697601771,0.2649826641710379,GPR
0.03,1.2143,16.6667,15,FCC,0.559764,0.371373,0.1374801134742816,0.0632812463452137,0.0637868067677611,GPR
0.040714,1.2143,16.6667,15,FCC,0.535654,0.760754,0.1649879445678289,0.0754201784422323,0.0752047928127203,GPR
0.051429,1.2143,16.6667,15,FCC,0.524854,0.698956,0.1942135868811069,0.0880541207830709,0.0868989325644335,GPR
0.062143,1.2143,16.6667,15,FCC,0.506152,0.401343,0.2253606054408146,0.1012346967659918,0.0988898714618153,GPR
0.072857,1.2143,16.6667,15,FCC,0.491206,0.358697,0.2586631025509222,0.1150417828998232,0.1112028391470513,GPR
0.083571,1.2143,16.6667,15,FCC,0.474237,0.492784,0.2943956970696346,0.1295571782350305,0.123867149400178,GPR
0.094286,1.2143,16.6667,15,FCC,0.455746,0.66985,0.3328996620684367,0.1448598699314488,0.1369224581143723,GPR
0.105,1.2143,16.6667,15,FCC,0.436497,0.531423,0.3745849046816351,0.1610305599164179,0.1504175003481171,GPR
0.115714,1.2143,16.6667,15,FCC,0.415331,0.381371,0.4199627859869457,0.1781871535626104,0.1644203397994739,GPR
0.126429,1.2143,16.6667,15,FCC,0.39292,0.345143,0.4696410663089002,0.1965188270301765,0.1790168005881504,GPR
0.137143,1.2143,16.6667,15,FCC,0.370521,0.398748,0.5243039847391655,0.2163199951475159,0.1943066440931763,GPR
0.147857,1.2143,16.6667,15,FCC,0.349397,0.494158,0.5847260058382591,0.2380301332969348,0.2104105791649196,GPR
0.158571,1.2143,16.6667,15,FCC,0.330333,0.492442,0.6517299791754321,0.2622353623203156,0.2274619707900609,GPR
0.169286,1.2143,16.6667,15,FCC,0.313322,0.400186,0.7261657566529944,0.2896509851261112,0.2456052424974568,GPR
0.18,1.2143,16.6667,15,FCC,0.298035,0.33548,0.808840368709163,0.3210547697601771,0.2649826641710379,GPR
0.03,1.3929,16.6667,15,FCC,0.564525,0.357481,0.1374801134742816,0.0632812463452137,0.0637868067677611,GPR
0.040714,1.3929,16.6667,15,FCC,0.543467,0.307881,0.1649879445678289,0.0754201784422323,0.0752047928127203,GPR
0.051429,1.3929,16.6667,15,FCC,0.538639,0.457196,0.1942135868811069,0.0880541207830709,0.0868989325644335,GPR
0.062143,1.3929,16.6667,15,FCC,0.520013,0.850267,0.2253606054408146,0.1012346967659918,0.0988898714618153,GPR
0.072857,1.3929,16.6667,15,FCC,0.516431,0.737968,0.2586631025509222,0.1150417828998232,0.1112028391470513,GPR
0.083571,1.3929,16.6667,15,FCC,0.501899,0.43863,0.2943956970696346,0.1295571782350305,0.123867149400178,GPR
0.094286,1.3929,16.6667,15,FCC,0.494106,0.33274,0.3328996620684367,0.1448598699314488,0.1369224581143723,GPR
0.105,1.3929,16.6667,15,FCC,0.481455,0.342616,0.3745849046816351,0.1610305599164179,0.1504175003481171,GPR
0.115714,1.3929,16.6667,15,FCC,0.470308,0.460502,0.4199627859869457,0.1781871535626104,0.1644203397994739,GPR
0.126429,1.3929,16.6667,15,FCC,0.457555,0.660783,0.4696410663089002,0.1965188270301765,0.1790168005881504,GPR
0.137143,1.3929,16.6667,15,FCC,0.444326,0.670801,0.5243039847391655,0.2163199951475159,0.1943066440931763,GPR
0.147857,1.3929,16.6667,15,FCC,0.429867,0.490686,0.5847260058382591,0.2380301332969348,0.2104105791649196,GPR
0.158571,1.3929,16.6667,15,FCC,0.414352,0.366996,0.6517299791754321,0.2622353623203156,0.2274619707900609,GPR
0.169286,1.3929,16.6667,15,FCC,0.397638,0.321978,0.7261657566529944,0.2896509851261112,0.2456052424974568,GPR
0.18,1.3929,16.6667,15,FCC,0.380462,0.33703,0.808840368709163,0.3210547697601771,0.2649826641710379,GPR
0.03,1.5714,16.6667,15,FCC,0.529427,0.718154,0.1374801134742816,0.0632812463452137,0.0637868067677611,GPR
0.040714,1.5714,16.6667,15,FCC,0.552388,0.380101,0.1649879445678289,0.0754201784422323,0.0752047928127203,GPR
0.051429,1.5714,16.6667,15,FCC,0.533386,0.285394,0.1942135868811069,0.0880541207830709,0.0868989325644335,GPR
0.062143,1.5714,16.6667,15,FCC,0.530244,0.306858,0.2253606054408146,0.1012346967659918,0.0988898714618153,GPR
0.072857,1.5714,16.6667,15,FCC,0.523241,0.461472,0.2586631025509222,0.1150417828998232,0.1112028391470513,GPR
0.083571,1.5714,16.6667,15,FCC,0.508517,0.807024,0.2943956970696346,0.1295571782350305,0.123867149400178,GPR
0.094286,1.5714,16.6667,15,FCC,0.508183,0.877564,0.3328996620684367,0.1448598699314488,0.1369224581143723,GPR
0.105,1.5714,16.6667,15,FCC,0.500694,0.566253,0.3745849046816351,0.1610305599164179,0.1504175003481171,GPR
0.115714,1.5714,16.6667,15,FCC,0.490407,0.379924,0.4199627859869457,0.1781871535626104,0.1644203397994739,GPR
0.126429,1.5714,16.6667,15,FCC,0.486704,0.309211,0.4696410663089002,0.1965188270301765,0.1790168005881504,GPR
0.137143,1.5714,16.6667,15,FCC,0.477738,0.307385,0.5243039847391655,0.2163199951475159,0.1943066440931763,GPR
0.147857,1.5714,16.6667,15,FCC,0.468534,0.369493,0.5847260058382591,0.2380301332969348,0.2104105791649196,GPR
0.158571,1.5714,16.6667,15,FCC,0.461393,0.51294,0.6517299791754321,0.2622353623203156,0.2274619707900609,GPR
0.169286,1.5714,16.6667,15,FCC,0.451262,0.698868,0.7261657566529944,0.2896509851261112,0.2456052424974568,GPR
0.18,1.5714,16.6667,15,FCC,0.441725,0.716686,0.808840368709163,0.3210547697601771,0.2649826641710379,GPR
0.03,1.75,16.6667,15,FCC,0.498285,0.858968,0.1374801134742816,0.0632812463452137,0.0637868067677611,GPR
0.040714,1.75,16.6667,15,FCC,0.505736,0.78454,0.1649879445678289,0.0754201784422323,0.0752047928127203,GPR
0.051429,1.75,16.6667,15,FCC,0.535316,0.440227,0.1942135868811069,0.0880541207830709,0.0868989325644335,GPR
0.062143,1.75,16.6667,15,FCC,0.529125,0.300382,0.2253606054408146,0.1012346967659918,0.0988898714618153,GPR
0.072857,1.75,16.6667,15,FCC,0.513666,0.262063,0.2586631025509222,0.1150417828998232,0.1112028391470513,GPR
0.083571,1.75,16.6667,15,FCC,0.516277,0.288979,0.2943956970696346,0.1295571782350305,0.123867149400178,GPR
0.094286,1.75,16.6667,15,FCC,0.512667,0.400028,0.3328996620684367,0.1448598699314488,0.1369224581143723,GPR
0.105,1.75,16.6667,15,FCC,0.499974,0.652497,0.3745849046816351,0.1610305599164179,0.1504175003481171,GPR
0.115714,1.75,16.6667,15,FCC,0.494927,0.938277,0.4199627859869457,0.1781871535626104,0.1644203397994739,GPR
0.126429,1.75,16.6667,15,FCC,0.497533,0.812361,0.4696410663089002,0.1965188270301765,0.1790168005881504,GPR
0.137143,1.75,16.6667,15,FCC,0.490461,0.539228,0.5243039847391655,0.2163199951475159,0.1943066440931763,GPR
0.147857,1.75,16.6667,15,FCC,0.482147,0.378874,0.5847260058382591,0.2380301332969348,0.2104105791649196,GPR
0.158571,1.75,16.6667,15,FCC,0.479863,0.304189,0.6517299791754321,0.2622353623203156,0.2274619707900609,GPR
0.169286,1.75,16.6667,15,FCC,0.476058,0.280085,0.7261657566529944,0.2896509851261112,0.2456052424974568,GPR
0.18,1.75,16.6667,15,FCC,0.468017,0.294769,0.808840368709163,0.3210547697601771,0.2649826641710379,GPR
0.03,1.9286,16.6667,15,FCC,0.470253,0.400736,0.1374801134742816,0.0632812463452137,0.0637868067677611,GPR
0.040714,1.9286,16.6667,15,FCC,0.480947,0.78914,0.1649879445678289,0.0754201784422323,0.0752047928127203,GPR
0.051429,1.9286,16.6667,15,FCC,0.483949,0.880002,0.1942135868811069,0.0880541207830709,0.0868989325644335,GPR
0.062143,1.9286,16.6667,15,FCC,0.506295,0.548874,0.2253606054408146,0.1012346967659918,0.0988898714618153,GPR
0.072857,1.9286,16.6667,15,FCC,0.52055,0.353975,0.2586631025509222,0.1150417828998232,0.1112028391470513,GPR
0.083571,1.9286,16.6667,15,FCC,0.510699,0.271041,0.2943956970696346,0.1295571782350305,0.123867149400178,GPR
0.094286,1.9286,16.6667,15,FCC,0.498495,0.245277,0.3328996620684367,0.1448598699314488,0.1369224581143723,GPR
0.105,1.9286,16.6667,15,FCC,0.500364,0.260608,0.3745849046816351,0.1610305599164179,0.1504175003481171,GPR
0.115714,1.9286,16.6667,15,FCC,0.503352,0.324957,0.4199627859869457,0.1781871535626104,0.1644203397994739,GPR
0.126429,1.9286,16.6667,15,FCC,0.494286,0.469775,0.4696410663089002,0.1965188270301765,0.1790168005881504,GPR
0.137143,1.9286,16.6667,15,FCC,0.485019,0.72983,0.5243039847391655,0.2163199951475159,0.1943066440931763,GPR
0.147857,1.9286,16.6667,15,FCC,0.483657,0.960145,0.5847260058382591,0.2380301332969348,0.2104105791649196,GPR
0.158571,1.9286,16.6667,15,FCC,0.487585,0.845632,0.6517299791754321,0.2622353623203156,0.2274619707900609,GPR
0.169286,1.9286,16.6667,15,FCC,0.483273,0.59295,0.7261657566529944,0.2896509851261112,0.2456052424974568,GPR
0.18,1.9286,16.6667,15,FCC,0.475974,0.42047,0.808840368709163,0.3210547697601771,0.2649826641710379,GPR
0.03,2.1071,16.6667,15,FCC,0.408429,0.229805,0.1374801134742816,0.0632812463452137,0.0637868067677611,GPR
0.040714,2.1071,16.6667,15,FCC,0.453159,0.369487,0.1649879445678289,0.0754201784422323,0.0752047928127203,GPR
0.051429,2.1071,16.6667,15,FCC,0.463973,0.671148,0.1942135868811069,0.0880541207830709,0.0868989325644335,GPR
0.062143,2.1071,16.6667,15,FCC,0.465604,0.922874,0.2253606054408146,0.1012346967659918,0.0988898714618153,GPR
0.072857,2.1071,16.6667,15,FCC,0.473514,0.708957,0.2586631025509222,0.1150417828998232,0.1112028391470513,GPR
0.083571,2.1071,16.6667,15,FCC,0.498545,0.457307,0.2943956970696346,0.1295571782350305,0.123867149400178,GPR
0.094286,2.1071,16.6667,15,FCC,0.504792,0.322563,0.3328996620684367,0.1448598699314488,0.1369224581143723,GPR
0.105,2.1071,16.6667,15,FCC,0.496425,0.257965,0.3745849046816351,0.1610305599164179,0.1504175003481171,GPR
0.115714,2.1071,16.6667,15,FCC,0.485862,0.232362,0.4199627859869457,0.1781871535626104,0.1644203397994739,GPR
0.126429,2.1071,16.6667,15,FCC,0.483071,0.234553,0.4696410663089002,0.1965188270301765,0.1790168005881504,GPR
0.137143,2.1071,16.6667,15,FCC,0.490951,0.265333,0.5243039847391655,0.2163199951475159,0.1943066440931763,GPR
0.147857,2.1071,16.6667,15,FCC,0.48892,0.336455,0.5847260058382591,0.2380301332969348,0.2104105791649196,GPR
0.158571,2.1071,16.6667,15,FCC,0.480837,0.473127,0.6517299791754321,0.2622353623203156,0.2274619707900609,GPR
0.169286,2.1071,16.6667,15,FCC,0.473406,0.700417,0.7261657566529944,0.2896509851261112,0.2456052424974568,GPR
0.18,2.1071,16.6667,15,FCC,0.47149,0.939056,0.808840368709163,0.3210547697601771,0.2649826641710379,GPR
0.03,2.2857,16.6667,15,FCC,0.36314,0.174199,0.1374801134742816,0.0632812463452137,0.0637868067677611,GPR
0.040714,2.2857,16.6667,15,FCC,0.393746,0.218456,0.1649879445678289,0.0754201784422323,0.0752047928127203,GPR
0.051429,2.2857,16.6667,15,FCC,0.433944,0.322373,0.1942135868811069,0.0880541207830709,0.0868989325644335,GPR
0.062143,2.2857,16.6667,15,FCC,0.447055,0.536691,0.2253606054408146,0.1012346967659918,0.0988898714618153,GPR
0.072857,2.2857,16.6667,15,FCC,0.449418,0.834904,0.2586631025509222,0.1150417828998232,0.1112028391470513,GPR
0.083571,2.2857,16.6667,15,FCC,0.451171,0.865156,0.2943956970696346,0.1295571782350305,0.123867149400178,GPR
0.094286,2.2857,16.6667,15,FCC,0.462424,0.623028,0.3328996620684367,0.1448598699314488,0.1369224581143723,GPR
0.105,2.2857,16.6667,15,FCC,0.484908,0.426129,0.3745849046816351,0.1610305599164179,0.1504175003481171,GPR
0.115714,2.2857,16.6667,15,FCC,0.490434,0.314464,0.4199627859869457,0.1781871535626104,0.1644203397994739,GPR
0.126429,2.2857,16.6667,15,FCC,0.484563,0.254729,0.4696410663089002,0.1965188270301765,0.1790168005881504,GPR
0.137143,2.2857,16.6667,15,FCC,0.475608,0.225394,0.5243039847391655,0.2163199951475159,0.1943066440931763,GPR
0.147857,2.2857,16.6667,15,FCC,0.468999,0.216854,0.5847260058382591,0.2380301332969348,0.2104105791649196,GPR
0.158571,2.2857,16.6667,15,FCC,0.471967,0.22659,0.6517299791754321,0.2622353623203156,0.2274619707900609,GPR
0.169286,2.2857,16.6667,15,FCC,0.479134,0.257414,0.7261657566529944,0.2896509851261112,0.2456052424974568,GPR
0.18,2.2857,16.6667,15,FCC,0.476949,0.31815,0.808840368709163,0.3210547697601771,0.2649826641710379,GPR
0.03,2.4643,16.6667,15,FCC,0.337738,0.156693,0.1374801134742816,0.0632812463452137,0.0637868067677611,GPR
0.040714,2.4643,16.6667,15,FCC,0.351478,0.167311,0.1649879445678289,0.0754201784422323,0.0752047928127203,GPR
0.051429,2.4643,16.6667,15,FCC,0.375384,0.20155,0.1942135868811069,0.0880541207830709,0.0868989325644335,GPR
0.062143,2.4643,16.6667,15,FCC,0.412319,0.274609,0.2253606054408146,0.1012346967659918,0.0988898714618153,GPR
0.072857,2.4643,16.6667,15,FCC,0.429528,0.416828,0.2586631025509222,0.1150417828998232,0.1112028391470513,GPR
0.083571,2.4643,16.6667,15,FCC,0.434003,0.655356,0.2943956970696346,0.1295571782350305,0.123867149400178,GPR
0.094286,2.4643,16.6667,15,FCC,0.434892,0.874191,0.3328996620684367,0.1448598699314488,0.1369224581143723,GPR
0.105,2.4643,16.6667,15,FCC,0.437182,0.813728,0.3745849046816351,0.1610305599164179,0.1504175003481171,GPR
0.115714,2.4643,16.6667,15,FCC,0.448162,0.597091,0.4199627859869457,0.1781871535626104,0.1644203397994739,GPR
0.126429,2.4643,16.6667,15,FCC,0.468664,0.426148,0.4696410663089002,0.1965188270301765,0.1790168005881504,GPR
0.137143,2.4643,16.6667,15,FCC,0.476581,0.321638,0.5243039847391655,0.2163199951475159,0.1943066440931763,GPR
0.147857,2.4643,16.6667,15,FCC,0.473757,0.260538,0.5847260058382591,0.2380301332969348,0.2104105791649196,GPR
0.158571,2.4643,16.6667,15,FCC,0.466942,0.225914,0.6517299791754321,0.2622353623203156,0.2274619707900609,GPR
0.169286,2.4643,16.6667,15,FCC,0.459607,0.208832,0.7261657566529944,0.2896509851261112,0.2456052424974568,GPR
0.18,2.4643,16.6667,15,FCC,0.455448,0.205338,0.808840368709163,0.3210547697601771,0.2649826641710379,GPR
0.03,2.6429,16.6667,15,FCC,0.315668,0.155561,0.1374801134742816,0.0632812463452137,0.0637868067677611,GPR
0.040714,2.6429,16.6667,15,FCC,0.327769,0.150516,0.1649879445678289,0.0754201784422323,0.0752047928127203,GPR
0.051429,2.6429,16.6667,15,FCC,0.33872,0.158814,0.1942135868811069,0.0880541207830709,0.0868989325644335,GPR
0.062143,2.6429,16.6667,15,FCC,0.35624,0.183604,0.2253606054408146,0.1012346967659918,0.0988898714618153,GPR
0.072857,2.6429,16.6667,15,FCC,0.387797,0.233242,0.2586631025509222,0.1150417828998232,0.1112028391470513,GPR
0.083571,2.6429,16.6667,15,FCC,0.410368,0.324294,0.2943956970696346,0.1295571782350305,0.123867149400178,GPR
0.094286,2.6429,16.6667,15,FCC,0.418291,0.481615,0.3328996620684367,0.1448598699314488,0.1369224581143723,GPR
0.105,2.6429,16.6667,15,FCC,0.420435,0.705776,0.3745849046816351,0.1610305599164179,0.1504175003481171,GPR
0.115714,2.6429,16.6667,15,FCC,0.421027,0.867287,0.4199627859869457,0.1781871535626104,0.1644203397994739,GPR
0.126429,2.6429,16.6667,15,FCC,0.423126,0.79764,0.4696410663089002,0.1965188270301765,0.1790168005881504,GPR
0.137143,2.6429,16.6667,15,FCC,0.431689,0.608425,0.5243039847391655,0.2163199951475159,0.1943066440931763,GPR
0.147857,2.6429,16.6667,15,FCC,0.449895,0.448413,0.5847260058382591,0.2380301332969348,0.2104105791649196,GPR
0.158571,2.6429,16.6667,15,FCC,0.461801,0.342602,0.6517299791754321,0.2622353623203156,0.2274619707900609,GPR
0.169286,2.6429,16.6667,15,FCC,0.462779,0.276178,0.7261657566529944,0.2896509851261112,0.2456052424974568,GPR
0.18,2.6429,16.6667,15,FCC,0.458651,0.234979,0.808840368709163,0.3210547697601771,0.2649826641710379,GPR
0.03,0.5,20.0,15,FCC,0.133096,0.188548,0.1374801134742816,0.0632812463452137,0.0637868067677611,GPR
0.040714,0.5,20.0,15,FCC,0.100765,0.120533,0.1649879445678289,0.0754201784422323,0.0752047928127203,GPR
0.051429,0.5,20.0,15,FCC,0.079743,0.082937,0.1942135868811069,0.0880541207830709,0.0868989325644335,GPR
0.062143,0.5,20.0,15,FCC,0.065137,0.063048,0.2253606054408146,0.1012346967659918,0.0988898714618153,GPR
0.072857,0.5,20.0,15,FCC,0.054502,0.051078,0.2586631025509222,0.1150417828998232,0.1112028391470513,GPR
0.083571,0.5,20.0,15,FCC,0.046487,0.043063,0.2943956970696346,0.1295571782350305,0.123867149400178,GPR
0.094286,0.5,20.0,15,FCC,0.040283,0.037293,0.3328996620684367,0.1448598699314488,0.1369224581143723,GPR
0.105,0.5,20.0,15,FCC,0.03538,0.032925,0.3745849046816351,0.1610305599164179,0.1504175003481171,GPR
0.115714,0.5,20.0,15,FCC,0.031437,0.029496,0.4199627859869457,0.1781871535626104,0.1644203397994739,GPR
0.126429,0.5,20.0,15,FCC,0.028219,0.026727,0.4696410663089002,0.1965188270301765,0.1790168005881504,GPR
0.137143,0.5,20.0,15,FCC,0.02556,0.024443,0.5243039847391655,0.2163199951475159,0.1943066440931763,GPR
0.147857,0.5,20.0,15,FCC,0.023336,0.022523,0.5847260058382591,0.2380301332969348,0.2104105791649196,GPR
0.158571,0.5,20.0,15,FCC,0.021457,0.020887,0.6517299791754321,0.2622353623203156,0.2274619707900609,GPR
0.169286,0.5,20.0,15,FCC,0.019852,0.019476,0.7261657566529944,0.2896509851261112,0.2456052424974568,GPR
0.18,0.5,20.0,15,FCC,0.018468,0.018244,0.808840368709163,0.3210547697601771,0.2649826641710379,GPR
0.03,0.6786,20.0,15,FCC,0.237608,0.350137,0.1374801134742816,0.0632812463452137,0.0637868067677611,GPR
0.040714,0.6786,20.0,15,FCC,0.187212,0.290422,0.1649879445678289,0.0754201784422323,0.0752047928127203,GPR
0.051429,0.6786,20.0,15,FCC,0.152697,0.237601,0.1942135868811069,0.0880541207830709,0.0868989325644335,GPR
0.062143,0.6786,20.0,15,FCC,0.127386,0.188219,0.2253606054408146,0.1012346967659918,0.0988898714618153,GPR
0.072857,0.6786,20.0,15,FCC,0.108346,0.142107,0.2586631025509222,0.1150417828998232,0.1112028391470513,GPR
0.083571,0.6786,20.0,15,FCC,0.093486,0.104386,0.2943956970696346,0.1295571782350305,0.123867149400178,GPR
0.094286,0.6786,20.0,15,FCC,0.0816,0.079298,0.3328996620684367,0.1448598699314488,0.1369224581143723,GPR
0.105,0.6786,20.0,15,FCC,0.071938,0.063671,0.3745849046816351,0.1610305599164179,0.1504175003481171,GPR
0.115714,0.6786,20.0,15,FCC,0.063948,0.053393,0.4199627859869457,0.1781871535626104,0.1644203397994739,GPR
0.126429,0.6786,20.0,15,FCC,0.05725,0.046145,0.4696410663089002,0.1965188270301765,0.1790168005881504,GPR
0.137143,0.6786,20.0,15,FCC,0.051576,0.040741,0.5243039847391655,0.2163199951475159,0.1943066440931763,GPR
0.147857,0.6786,20.0,15,FCC,0.046723,0.03654,0.5847260058382591,0.2380301332969348,0.2104105791649196,GPR
0.158571,0.6786,20.0,15,FCC,0.042538,0.033169,0.6517299791754321,0.2622353623203156,0.2274619707900609,GPR
0.169286,0.6786,20.0,15,FCC,0.038903,0.030397,0.7261657566529944,0.2896509851261112,0.2456052424974568,GPR
0.18,0.6786,20.0,15,FCC,0.035727,0.028072,0.808840368709163,0.3210547697601771,0.2649826641710379,GPR
0.03,0.8571,20.0,15,FCC,0.353072,0.424067,0.1374801134742816,0.0632812463452137,0.0637868067677611,GPR
0.040714,0.8571,20.0,15,FCC,0.291175,0.420094,0.1649879445678289,0.0754201784422323,0.0752047928127203,GPR
0.051429,0.8571,20.0,15,FCC,0.243654,0.357146,0.1942135868811069,0.0880541207830709,0.0868989325644335,GPR
0.062143,0.8571,20.0,15,FCC,0.207234,0.318419,0.2253606054408146,0.1012346967659918,0.0988898714618153,GPR
0.072857,0.8571,20.0,15,FCC,0.179935,0.289259,0.2586631025509222,0.1150417828998232,0.1112028391470513,GPR
0.083571,0.8571,20.0,15,FCC,0.158221,0.254345,0.2943956970696346,0.1295571782350305,0.123867149400178,GPR
0.094286,0.8571,20.0,15,FCC,0.140091,0.222928,0.3328996620684367,0.1448598699314488,0.1369224581143723,GPR
0.105,0.8571,20.0,15,FCC,0.124949,0.191958,0.3745849046816351,0.1610305599164179,0.1504175003481171,GPR
0.115714,0.8571,20.0,15,FCC,0.112404,0.16085,0.4199627859869457,0.1781871535626104,0.1644203397994739,GPR
0.126429,0.8571,20.0,15,FCC,0.101825,0.130487,0.4696410663089002,0.1965188270301765,0.1790168005881504,GPR
0.137143,0.8571,20.0,15,FCC,0.092675,0.103265,0.5243039847391655,0.2163199951475159,0.1943066440931763,GPR
0.147857,0.8571,20.0,15,FCC,0.084664,0.082197,0.5847260058382591,0.2380301332969348,0.2104105791649196,GPR
0.158571,0.8571,20.0,15,FCC,0.077653,0.067483,0.6517299791754321,0.2622353623203156,0.2274619707900609,GPR
0.169286,0.8571,20.0,15,FCC,0.071512,0.05728,0.7261657566529944,0.2896509851261112,0.2456052424974568,GPR
0.18,0.8571,20.0,15,FCC,0.066092,0.049928,0.808840368709163,0.3210547697601771,0.2649826641710379,GPR
0.03,1.0357,20.0,15,FCC,0.461978,0.413455,0.1374801134742816,0.0632812463452137,0.0637868067677611,GPR
0.040714,1.0357,20.0,15,FCC,0.394364,0.564127,0.1649879445678289,0.0754201784422323,0.0752047928127203,GPR
0.051429,1.0357,20.0,15,FCC,0.341033,0.389942,0.1942135868811069,0.0880541207830709,0.0868989325644335,GPR
0.062143,1.0357,20.0,15,FCC,0.29965,0.446259,0.2253606054408146,0.1012346967659918,0.0988898714618153,GPR
0.072857,1.0357,20.0,15,FCC,0.26502,0.361893,0.2586631025509222,0.1150417828998232,0.1112028391470513,GPR
0.083571,1.0357,20.0,15,FCC,0.234871,0.361944,0.2943956970696346,0.1295571782350305,0.123867149400178,GPR
0.094286,1.0357,20.0,15,FCC,0.209757,0.328011,0.3328996620684367,0.1448598699314488,0.1369224581143723,GPR
0.105,1.0357,20.0,15,FCC,0.189613,0.303043,0.3745849046816351,0.1610305599164179,0.1504175003481171,GPR
0.115714,1.0357,20.0,15,FCC,0.172993,0.285567,0.4199627859869457,0.1781871535626104,0.1644203397994739,GPR
0.126429,1.0357,20.0,15,FCC,0.158635,0.25835,0.4696410663089002,0.1965188270301765,0.1790168005881504,GPR
0.137143,1.0357,20.0,15,FCC,0.145782,0.240484,0.5243039847391655,0.2163199951475159,0.1943066440931763,GPR
0.147857,1.0357,20.0,15,FCC,0.134168,0.217026,0.5847260058382591,0.2380301332969348,0.2104105791649196,GPR
0.158571,1.0357,20.0,15,FCC,0.123865,0.19665,0.6517299791754321,0.2622353623203156,0.2274619707900609,GPR
0.169286,1.0357,20.0,15,FCC,0.114893,0.174666,0.7261657566529944,0.2896509851261112,0.2456052424974568,GPR
0.18,1.0357,20.0,15,FCC,0.107062,0.152879,0.808840368709163,0.3210547697601771,0.2649826641710379,GPR
0.03,1.2143,20.0,15,FCC,0.524455,0.647201,0.1374801134742816,0.0632812463452137,0.0637868067677611,GPR
0.040714,1.2143,20.0,15,FCC,0.484639,0.504156,0.1649879445678289,0.0754201784422323,0.0752047928127203,GPR
0.051429,1.2143,20.0,15,FCC,0.435937,0.404628,0.1942135868811069,0.0880541207830709,0.0868989325644335,GPR
0.062143,1.2143,20.0,15,FCC,0.38803,0.594077,0.2253606054408146,0.1012346967659918,0.0988898714618153,GPR
0.072857,1.2143,20.0,15,FCC,0.349074,0.400152,0.2586631025509222,0.1150417828998232,0.1112028391470513,GPR
0.083571,1.2143,20.0,15,FCC,0.317262,0.391722,0.2943956970696346,0.1295571782350305,0.123867149400178,GPR
0.094286,1.2143,20.0,15,FCC,0.290055,0.463576,0.3328996620684367,0.1448598699314488,0.1369224581143723,GPR
0.105,1.2143,20.0,15,FCC,0.265723,0.359669,0.3745849046816351,0.1610305599164179,0.1504175003481171,GPR
0.115714,1.2143,20.0,15,FCC,0.243254,0.344437,0.4199627859869457,0.1781871535626104,0.1644203397994739,GPR
0.126429,1.2143,20.0,15,FCC,0.222875,0.373728,0.4696410663089002,0.1965188270301765,0.1790168005881504,GPR
0.137143,1.2143,20.0,15,FCC,0.205419,0.321613,0.5243039847391655,0.2163199951475159,0.1943066440931763,GPR
0.147857,1.2143,20.0,15,FCC,0.190795,0.298802,0.5847260058382591,0.2380301332969348,0.2104105791649196,GPR
0.158571,1.2143,20.0,15,FCC,0.178299,0.305253,0.6517299791754321,0.2622353623203156,0.2274619707900609,GPR
0.169286,1.2143,20.0,15,FCC,0.167287,0.278158,0.7261657566529944,0.2896509851261112,0.2456052424974568,GPR
0.18,1.2143,20.0,15,FCC,0.157292,0.257016,0.808840368709163,0.3210547697601771,0.2649826641710379,GPR
0.03,1.3929,20.0,15,FCC,0.544373,0.366762,0.1374801134742816,0.0632812463452137,0.0637868067677611,GPR
0.040714,1.3929,20.0,15,FCC,0.525497,0.476516,0.1649879445678289,0.0754201784422323,0.0752047928127203,GPR
0.051429,1.3929,20.0,15,FCC,0.501167,0.77239,0.1942135868811069,0.0880541207830709,0.0868989325644335,GPR
0.062143,1.3929,20.0,15,FCC,0.470196,0.409037,0.2253606054408146,0.1012346967659918,0.0988898714618153,GPR
0.072857,1.3929,20.0,15,FCC,0.433042,0.380073,0.2586631025509222,0.1150417828998232,0.1112028391470513,GPR
0.083571,1.3929,20.0,15,FCC,0.395999,0.592944,0.2943956970696346,0.1295571782350305,0.123867149400178,GPR
0.094286,1.3929,20.0,15,FCC,0.364267,0.511403,0.3328996620684367,0.1448598699314488,0.1369224581143723,GPR
0.105,1.3929,20.0,15,FCC,0.337646,0.355158,0.3745849046816351,0.1610305599164179,0.1504175003481171,GPR
0.115714,1.3929,20.0,15,FCC,0.314662,0.37816,0.4199627859869457,0.1781871535626104,0.1644203397994739,GPR
0.126429,1.3929,20.0,15,FCC,0.29425,0.48485,0.4696410663089002,0.1965188270301765,0.1790168005881504,GPR
0.137143,1.3929,20.0,15,FCC,0.275614,0.420072,0.5243039847391655,0.2163199951475159,0.1943066440931763,GPR
0.147857,1.3929,20.0,15,FCC,0.258109,0.330175,0.5847260058382591,0.2380301332969348,0.2104105791649196,GPR
0.158571,1.3929,20.0,15,FCC,0.241345,0.33576,0.6517299791754321,0.2622353623203156,0.2274619707900609,GPR
0.169286,1.3929,20.0,15,FCC,0.225518,0.38533,0.7261657566529944,0.2896509851261112,0.2456052424974568,GPR
0.18,1.3929,20.0,15,FCC,0.211293,0.359092,0.808840368709163,0.3210547697601771,0.2649826641710379,GPR
0.03,1.5714,20.0,15,FCC,0.545791,0.869859,0.1374801134742816,0.0632812463452137,0.0637868067677611,GPR
0.040714,1.5714,20.0,15,FCC,0.533821,0.376805,0.1649879445678289,0.0754201784422323,0.0752047928127203,GPR
0.051429,1.5714,20.0,15,FCC,0.524261,0.348378,0.1942135868811069,0.0880541207830709,0.0868989325644335,GPR
0.062143,1.5714,20.0,15,FCC,0.510738,0.659015,0.2253606054408146,0.1012346967659918,0.0988898714618153,GPR
0.072857,1.5714,20.0,15,FCC,0.491524,0.723569,0.2586631025509222,0.1150417828998232,0.1112028391470513,GPR
0.083571,1.5714,20.0,15,FCC,0.467897,0.400597,0.2943956970696346,0.1295571782350305,0.123867149400178,GPR
0.094286,1.5714,20.0,15,FCC,0.43986,0.336399,0.3328996620684367,0.1448598699314488,0.1369224581143723,GPR
0.105,1.5714,20.0,15,FCC,0.410144,0.459113,0.3745849046816351,0.1610305599164179,0.1504175003481171,GPR
0.115714,1.5714,20.0,15,FCC,0.382682,0.653923,0.4199627859869457,0.1781871535626104,0.1644203397994739,GPR
0.126429,1.5714,20.0,15,FCC,0.359008,0.49975,0.4696410663089002,0.1965188270301765,0.1790168005881504,GPR
0.137143,1.5714,20.0,15,FCC,0.338445,0.350095,0.5243039847391655,0.2163199951475159,0.1943066440931763,GPR
0.147857,1.5714,20.0,15,FCC,0.320208,0.332514,0.5847260058382591,0.2380301332969348,0.2104105791649196,GPR
0.158571,1.5714,20.0,15,FCC,0.303732,0.42001,0.6517299791754321,0.2622353623203156,0.2274619707900609,GPR
0.169286,1.5714,20.0,15,FCC,0.288591,0.511774,0.7261657566529944,0.2896509851261112,0.2456052424974568,GPR
0.18,1.5714,20.0,15,FCC,0.274427,0.432773,0.808840368709163,0.3210547697601771,0.2649826641710379,GPR
0.03,1.75,20.0,15,FCC,0.528639,0.561275,0.1374801134742816,0.0632812463452137,0.0637868067677611,GPR
0.040714,1.75,20.0,15,FCC,0.532687,0.933928,0.1649879445678289,0.0754201784422323,0.0752047928127203,GPR
0.051429,1.75,20.0,15,FCC,0.524625,0.434165,0.1942135868811069,0.0880541207830709,0.0868989325644335,GPR
0.062143,1.75,20.0,15,FCC,0.523926,0.305125,0.2253606054408146,0.1012346967659918,0.0988898714618153,GPR
0.072857,1.75,20.0,15,FCC,0.511204,0.379181,0.2586631025509222,0.1150417828998232,0.1112028391470513,GPR
0.083571,1.75,20.0,15,FCC,0.501562,0.70914,0.2943956970696346,0.1295571782350305,0.123867149400178,GPR
0.094286,1.75,20.0,15,FCC,0.487525,0.776483,0.3328996620684367,0.1448598699314488,0.1369224581143723,GPR
0.105,1.75,20.0,15,FCC,0.470042,0.448543,0.3745849046816351,0.1610305599164179,0.1504175003481171,GPR
0.115714,1.75,20.0,15,FCC,0.449789,0.322988,0.4199627859869457,0.1781871535626104,0.1644203397994739,GPR
0.126429,1.75,20.0,15,FCC,0.426568,0.333776,0.4696410663089002,0.1965188270301765,0.1790168005881504,GPR
0.137143,1.75,20.0,15,FCC,0.402887,0.473297,0.5243039847391655,0.2163199951475159,0.1943066440931763,GPR
0.147857,1.75,20.0,15,FCC,0.381016,0.673422,0.5847260058382591,0.2380301332969348,0.2104105791649196,GPR
0.158571,1.75,20.0,15,FCC,0.361754,0.576508,0.6517299791754321,0.2622353623203156,0.2274619707900609,GPR
0.169286,1.75,20.0,15,FCC,0.344694,0.393067,0.7261657566529944,0.2896509851261112,0.2456052424974568,GPR
0.18,1.75,20.0,15,FCC,0.329346,0.314585,0.808840368709163,0.3210547697601771,0.2649826641710379,GPR
0.03,1.9286,20.0,15,FCC,0.512197,0.270379,0.1374801134742816,0.0632812463452137,0.0637868067677611,GPR
0.040714,1.9286,20.0,15,FCC,0.515675,0.520404,0.1649879445678289,0.0754201784422323,0.0752047928127203,GPR
0.051429,1.9286,20.0,15,FCC,0.515422,0.998556,0.1942135868811069,0.0880541207830709,0.0868989325644335,GPR
0.062143,1.9286,20.0,15,FCC,0.518868,0.566275,0.2253606054408146,0.1012346967659918,0.0988898714618153,GPR
0.072857,1.9286,20.0,15,FCC,0.512608,0.32974,0.2586631025509222,0.1150417828998232,0.1112028391470513,GPR
0.083571,1.9286,20.0,15,FCC,0.511877,0.287102,0.2943956970696346,0.1295571782350305,0.123867149400178,GPR
0.094286,1.9286,20.0,15,FCC,0.502316,0.370329,0.3328996620684367,0.1448598699314488,0.1369224581143723,GPR
0.105,1.9286,20.0,15,FCC,0.49623,0.648501,0.3745849046816351,0.1610305599164179,0.1504175003481171,GPR
0.115714,1.9286,20.0,15,FCC,0.484799,0.874579,0.4199627859869457,0.1781871535626104,0.1644203397994739,GPR
0.126429,1.9286,20.0,15,FCC,0.473319,0.580124,0.4696410663089002,0.1965188270301765,0.1790168005881504,GPR
0.137143,1.9286,20.0,15,FCC,0.45896,0.369484,0.5243039847391655,0.2163199951475159,0.1943066440931763,GPR
0.147857,1.9286,20.0,15,FCC,0.441901,0.298831,0.5847260058382591,0.2380301332969348,0.2104105791649196,GPR
0.158571,1.9286,20.0,15,FCC,0.42301,0.313176,0.6517299791754321,0.2622353623203156,0.2274619707900609,GPR
0.169286,1.9286,20.0,15,FCC,0.403587,0.416864,0.7261657566529944,0.2896509851261112,0.2456052424974568,GPR
0.18,1.9286,20.0,15,FCC,0.385165,0.617821,0.808840368709163,0.3210547697601771,0.2649826641710379,GPR
0.03,2.1071,20.0,15,FCC,0.487273,0.243499,0.1374801134742816,0.0632812463452137,0.0637868067677611,GPR
0.040714,2.1071,20.0,15,FCC,0.498853,0.258171,0.1649879445678289,0.0754201784422323,0.0752047928127203,GPR
0.051429,2.1071,20.0,15,FCC,0.504467,0.436856,0.1942135868811069,0.0880541207830709,0.0868989325644335,GPR
0.062143,2.1071,20.0,15,FCC,0.497641,0.911573,0.2253606054408146,0.1012346967659918,0.0988898714618153,GPR
0.072857,2.1071,20.0,15,FCC,0.511017,0.796219,0.2586631025509222,0.1150417828998232,0.1112028391470513,GPR
0.083571,2.1071,20.0,15,FCC,0.503657,0.429887,0.2943956970696346,0.1295571782350305,0.123867149400178,GPR
0.094286,2.1071,20.0,15,FCC,0.503919,0.295114,0.3328996620684367,0.1448598699314488,0.1369224581143723,GPR
0.105,2.1071,20.0,15,FCC,0.502509,0.270972,0.3745849046816351,0.1610305599164179,0.1504175003481171,GPR
0.115714,2.1071,20.0,15,FCC,0.494216,0.330076,0.4199627859869457,0.1781871535626104,0.1644203397994739,GPR
0.126429,2.1071,20.0,15,FCC,0.492039,0.519738,0.4696410663089002,0.1965188270301765,0.1790168005881504,GPR
0.137143,2.1071,20.0,15,FCC,0.48249,0.843646,0.5243039847391655,0.2163199951475159,0.1943066440931763,GPR
0.147857,2.1071,20.0,15,FCC,0.475354,0.807985,0.5847260058382591,0.2380301332969348,0.2104105791649196,GPR
0.158571,2.1071,20.0,15,FCC,0.464801,0.515119,0.6517299791754321,0.2622353623203156,0.2274619707900609,GPR
0.169286,2.1071,20.0,15,FCC,0.453548,0.350772,0.7261657566529944,0.2896509851261112,0.2456052424974568,GPR
0.18,2.1071,20.0,15,FCC,0.439811,0.286809,0.808840368709163,0.3210547697601771,0.2649826641710379,GPR
0.03,2.2857,20.0,15,FCC,0.475377,0.311123,0.1374801134742816,0.0632812463452137,0.0637868067677611,GPR
0.040714,2.2857,20.0,15,FCC,0.473093,0.229782,0.1649879445678289,0.0754201784422323,0.0752047928127203,GPR
0.051429,2.2857,20.0,15,FCC,0.482004,0.239336,0.1942135868811069,0.0880541207830709,0.0868989325644335,GPR
0.062143,2.2857,20.0,15,FCC,0.493877,0.351923,0.2253606054408146,0.1012346967659918,0.0988898714618153,GPR
0.072857,2.2857,20.0,15,FCC,0.485554,0.683224,0.2586631025509222,0.1150417828998232,0.1112028391470513,GPR
0.083571,2.2857,20.0,15,FCC,0.492467,0.994867,0.2943956970696346,0.1295571782350305,0.123867149400178,GPR
0.094286,2.2857,20.0,15,FCC,0.499014,0.645475,0.3328996620684367,0.1448598699314488,0.1369224581143723,GPR
0.105,2.2857,20.0,15,FCC,0.491774,0.383959,0.3745849046816351,0.1610305599164179,0.1504175003481171,GPR
0.115714,2.2857,20.0,15,FCC,0.493889,0.280994,0.4199627859869457,0.1781871535626104,0.1644203397994739,GPR
0.126429,2.2857,20.0,15,FCC,0.494859,0.254822,0.4696410663089002,0.1965188270301765,0.1790168005881504,GPR
0.137143,2.2857,20.0,15,FCC,0.487254,0.284551,0.5243039847391655,0.2163199951475159,0.1943066440931763,GPR
0.147857,2.2857,20.0,15,FCC,0.485664,0.390279,0.5847260058382591,0.2380301332969348,0.2104105791649196,GPR
0.158571,2.2857,20.0,15,FCC,0.481489,0.624803,0.6517299791754321,0.2622353623203156,0.2274619707900609,GPR
0.169286,2.2857,20.0,15,FCC,0.473482,0.901747,0.7261657566529944,0.2896509851261112,0.2456052424974568,GPR
0.18,2.2857,20.0,15,FCC,0.468569,0.797188,0.808840368709163,0.3210547697601771,0.2649826641710379,GPR
0.03,2.4643,20.0,15,FCC,0.433228,0.477436,0.1374801134742816,0.0632812463452137,0.0637868067677611,GPR
0.040714,2.4643,20.0,15,FCC,0.463122,0.28519,0.1649879445678289,0.0754201784422323,0.0752047928127203,GPR
0.051429,2.4643,20.0,15,FCC,0.46013,0.220676,0.1942135868811069,0.0880541207830709,0.0868989325644335,GPR
0.062143,2.4643,20.0,15,FCC,0.463542,0.220444,0.2253606054408146,0.1012346967659918,0.0988898714618153,GPR
0.072857,2.4643,20.0,15,FCC,0.4821,0.284685,0.2586631025509222,0.1150417828998232,0.1112028391470513,GPR
0.083571,2.4643,20.0,15,FCC,0.477041,0.472184,0.2943956970696346,0.1295571782350305,0.123867149400178,GPR
0.094286,2.4643,20.0,15,FCC,0.472594,0.854409,0.3328996620684367,0.1448598699314488,0.1369224581143723,GPR
0.105,2.4643,20.0,15,FCC,0.485622,0.940593,0.3745849046816351,0.1610305599164179,0.1504175003481171,GPR
0.115714,2.4643,20.0,15,FCC,0.48773,0.593773,0.4199627859869457,0.1781871535626104,0.1644203397994739,GPR
0.126429,2.4643,20.0,15,FCC,0.48153,0.375408,0.4696410663089002,0.1965188270301765,0.1790168005881504,GPR
0.137143,2.4643,20.0,15,FCC,0.482325,0.278898,0.5243039847391655,0.2163199951475159,0.1943066440931763,GPR
0.147857,2.4643,20.0,15,FCC,0.48735,0.243969,0.5847260058382591,0.2380301332969348,0.2104105791649196,GPR
0.158571,2.4643,20.0,15,FCC,0.481944,0.249565,0.6517299791754321,0.2622353623203156,0.2274619707900609,GPR
0.169286,2.4643,20.0,15,FCC,0.47698,0.298686,0.7261657566529944,0.2896509851261112,0.2456052424974568,GPR
0.18,2.4643,20.0,15,FCC,0.477919,0.4167,0.808840368709163,0.3210547697601771,0.2649826641710379,GPR
0.03,2.6429,20.0,15,FCC,0.39154,0.697425,0.1374801134742816,0.0632812463452137,0.0637868067677611,GPR
0.040714,2.6429,20.0,15,FCC,0.428349,0.426532,0.1649879445678289,0.0754201784422323,0.0752047928127203,GPR
0.051429,2.6429,20.0,15,FCC,0.450505,0.274122,0.1942135868811069,0.0880541207830709,0.0868989325644335,GPR
0.062143,2.6429,20.0,15,FCC,0.448211,0.21524,0.2253606054408146,0.1012346967659918,0.0988898714618153,GPR
0.072857,2.6429,20.0,15,FCC,0.446834,0.205307,0.2586631025509222,0.1150417828998232,0.1112028391470513,GPR
0.083571,2.6429,20.0,15,FCC,0.465987,0.237639,0.2943956970696346,0.1295571782350305,0.123867149400178,GPR
0.094286,2.6429,20.0,15,FCC,0.468969,0.335535,0.3328996620684367,0.1448598699314488,0.1369224581143723,GPR
0.105,2.6429,20.0,15,FCC,0.46279,0.562806,0.3745849046816351,0.1610305599164179,0.1504175003481171,GPR
0.115714,2.6429,20.0,15,FCC,0.46199,0.916907,0.4199627859869457,0.1781871535626104,0.1644203397994739,GPR
0.126429,2.6429,20.0,15,FCC,0.475767,0.9155,0.4696410663089002,0.1965188270301765,0.1790168005881504,GPR
0.137143,2.6429,20.0,15,FCC,0.477671,0.600234,0.5243039847391655,0.2163199951475159,0.1943066440931763,GPR
0.147857,2.6429,20.0,15,FCC,0.472432,0.39176,0.5847260058382591,0.2380301332969348,0.2104105791649196,GPR
0.158571,2.6429,20.0,15,FCC,0.470455,0.289028,0.6517299791754321,0.2622353623203156,0.2274619707900609,GPR
0.169286,2.6429,20.0,15,FCC,0.477501,0.242488,0.7261657566529944,0.2896509851261112,0.2456052424974568,GPR
0.18,2.6429,20.0,15,FCC,0.477041,0.229678,0.808840368709163,0.3210547697601771,0.2649826641710379,GPR
0.03,2.8214,20.0,15,FCC,0.369944,0.659623,0.1374801134742816,0.0632812463452137,0.0637868067677611,GPR
0.040714,2.8214,20.0,15,FCC,0.383908,0.642427,0.1649879445678289,0.0754201784422323,0.0752047928127203,GPR
0.051429,2.8214,20.0,15,FCC,0.418148,0.405215,0.1942135868811069,0.0880541207830709,0.0868989325644335,GPR
0.062143,2.8214,20.0,15,FCC,0.43796,0.272181,0.2253606054408146,0.1012346967659918,0.0988898714618153,GPR
0.072857,2.8214,20.0,15,FCC,0.437113,0.213718,0.2586631025509222,0.1150417828998232,0.1112028391470513,GPR
0.083571,2.8214,20.0,15,FCC,0.433562,0.195337,0.2943956970696346,0.1295571782350305,0.123867149400178,GPR
0.094286,2.8214,20.0,15,FCC,0.443635,0.207102,0.3328996620684367,0.1448598699314488,0.1369224581143723,GPR
0.105,2.8214,20.0,15,FCC,0.458288,0.255778,0.3745849046816351,0.1610305599164179,0.1504175003481171,GPR
0.115714,2.8214,20.0,15,FCC,0.455875,0.368616,0.4199627859869457,0.1781871535626104,0.1644203397994739,GPR
0.126429,2.8214,20.0,15,FCC,0.450667,0.598981,0.4696410663089002,0.1965188270301765,0.1790168005881504,GPR
0.137143,2.8214,20.0,15,FCC,0.45113,0.917228,0.5243039847391655,0.2163199951475159,0.1943066440931763,GPR
0.147857,2.8214,20.0,15,FCC,0.46432,0.93182,0.5847260058382591,0.2380301332969348,0.2104105791649196,GPR
0.158571,2.8214,20.0,15,FCC,0.468262,0.649932,0.6517299791754321,0.2622353623203156,0.2274619707900609,GPR
0.169286,2.8214,20.0,15,FCC,0.46432,0.432841,0.7261657566529944,0.2896509851261112,0.2456052424974568,GPR
0.18,2.8214,20.0,15,FCC,0.460538,0.314405,0.808840368709163,0.3210547697601771,0.2649826641710379,GPR
0.03,3.0,20.0,15,FCC,0.350547,0.429767,0.1374801134742816,0.0632812463452137,0.0637868067677611,GPR
0.040714,3.0,20.0,15,FCC,0.362161,0.68311,0.1649879445678289,0.0754201784422323,0.0752047928127203,GPR
0.051429,3.0,20.0,15,FCC,0.374555,0.610764,0.1942135868811069,0.0880541207830709,0.0868989325644335,GPR
0.062143,3.0,20.0,15,FCC,0.404845,0.401809,0.2253606054408146,0.1012346967659918,0.0988898714618153,GPR
0.072857,3.0,20.0,15,FCC,0.425273,0.277422,0.2586631025509222,0.1150417828998232,0.1112028391470513,GPR
0.083571,3.0,20.0,15,FCC,0.426485,0.216507,0.2943956970696346,0.1295571782350305,0.123867149400178,GPR
0.094286,3.0,20.0,15,FCC,0.422877,0.190757,0.3328996620684367,0.1448598699314488,0.1369224581143723,GPR
0.105,3.0,20.0,15,FCC,0.423685,0.18884,0.3745849046816351,0.1610305599164179,0.1504175003481171,GPR
0.115714,3.0,20.0,15,FCC,0.440144,0.210275,0.4199627859869457,0.1781871535626104,0.1644203397994739,GPR
0.126429,3.0,20.0,15,FCC,0.447486,0.264499,0.4696410663089002,0.1965188270301765,0.1790168005881504,GPR
0.137143,3.0,20.0,15,FCC,0.444207,0.375711,0.5243039847391655,0.2163199951475159,0.1943066440931763,GPR
0.147857,3.0,20.0,15,FCC,0.4398,0.585207,0.5847260058382591,0.2380301332969348,0.2104105791649196,GPR
0.158571,3.0,20.0,15,FCC,0.439752,0.876683,0.6517299791754321,0.2622353623203156,0.2274619707900609,GPR
0.169286,3.0,20.0,15,FCC,0.451059,0.964705,0.7261657566529944,0.2896509851261112,0.2456052424974568,GPR
0.18,3.0,20.0,15,FCC,0.458625,0.737578,0.808840368709163,0.3210547697601771,0.2649826641710379,GPR
0.03,0.5,23.3333,15,FCC,0.075162,0.071889,0.1374801134742816,0.0632812463452137,0.0637868067677611,GPR
0.040714,0.5,23.3333,15,FCC,0.054892,0.050334,0.1649879445678289,0.0754201784422323,0.0752047928127203,GPR
0.051429,0.5,23.3333,15,FCC,0.042405,0.03905,0.1942135868811069,0.0880541207830709,0.0868989325644335,GPR
0.062143,0.5,23.3333,15,FCC,0.034157,0.032009,0.2253606054408146,0.1012346967659918,0.0988898714618153,GPR
0.072857,0.5,23.3333,15,FCC,0.028428,0.027163,0.2586631025509222,0.1150417828998232,0.1112028391470513,GPR
0.083571,0.5,23.3333,15,FCC,0.024287,0.023611,0.2943956970696346,0.1295571782350305,0.123867149400178,GPR
0.094286,0.5,23.3333,15,FCC,0.021186,0.020891,0.3328996620684367,0.1448598699314488,0.1369224581143723,GPR
0.105,0.5,23.3333,15,FCC,0.018789,0.018739,0.3745849046816351,0.1610305599164179,0.1504175003481171,GPR
0.115714,0.5,23.3333,15,FCC,0.016885,0.016992,0.4199627859869457,0.1781871535626104,0.1644203397994739,GPR
0.126429,0.5,23.3333,15,FCC,0.015336,0.015545,0.4696410663089002,0.1965188270301765,0.1790168005881504,GPR
0.137143,0.5,23.3333,15,FCC,0.014052,0.014326,0.5243039847391655,0.2163199951475159,0.1943066440931763,GPR
0.147857,0.5,23.3333,15,FCC,0.012969,0.013286,0.5847260058382591,0.2380301332969348,0.2104105791649196,GPR
0.158571,0.5,23.3333,15,FCC,0.012043,0.012387,0.6517299791754321,0.2622353623203156,0.2274619707900609,GPR
0.169286,0.5,23.3333,15,FCC,0.011242,0.011602,0.7261657566529944,0.2896509851261112,0.2456052424974568,GPR
0.18,0.5,23.3333,15,FCC,0.010542,0.010911,0.808840368709163,0.3210547697601771,0.2649826641710379,GPR
0.03,0.6786,23.3333,15,FCC,0.140394,0.206144,0.1374801134742816,0.0632812463452137,0.0637868067677611,GPR
0.040714,0.6786,23.3333,15,FCC,0.106125,0.117665,0.1649879445678289,0.0754201784422323,0.0752047928127203,GPR
0.051429,0.6786,23.3333,15,FCC,0.083416,0.073772,0.1942135868811069,0.0880541207830709,0.0868989325644335,GPR
0.062143,0.6786,23.3333,15,FCC,0.06748,0.054285,0.2253606054408146,0.1012346967659918,0.0988898714618153,GPR
0.072857,0.6786,23.3333,15,FCC,0.055795,0.043412,0.2586631025509222,0.1150417828998232,0.1112028391470513,GPR
0.083571,0.6786,23.3333,15,FCC,0.046952,0.036372,0.2943956970696346,0.1295571782350305,0.123867149400178,GPR
0.094286,0.6786,23.3333,15,FCC,0.040098,0.031393,0.3328996620684367,0.1448598699314488,0.1369224581143723,GPR
0.105,0.6786,23.3333,15,FCC,0.034685,0.027661,0.3745849046816351,0.1610305599164179,0.1504175003481171,GPR
0.115714,0.6786,23.3333,15,FCC,0.030347,0.024749,0.4199627859869457,0.1781871535626104,0.1644203397994739,GPR
0.126429,0.6786,23.3333,15,FCC,0.02683,0.022408,0.4696410663089002,0.1965188270301765,0.1790168005881504,GPR
0.137143,0.6786,23.3333,15,FCC,0.023952,0.020482,0.5243039847391655,0.2163199951475159,0.1943066440931763,GPR
0.147857,0.6786,23.3333,15,FCC,0.021576,0.018866,0.5847260058382591,0.2380301332969348,0.2104105791649196,GPR
0.158571,0.6786,23.3333,15,FCC,0.019602,0.017492,0.6517299791754321,0.2622353623203156,0.2274619707900609,GPR
0.169286,0.6786,23.3333,15,FCC,0.017947,0.016307,0.7261657566529944,0.2896509851261112,0.2456052424974568,GPR
0.18,0.6786,23.3333,15,FCC,0.016549,0.015274,0.808840368709163,0.3210547697601771,0.2649826641710379,GPR
0.03,0.8571,23.3333,15,FCC,0.220026,0.345893,0.1374801134742816,0.0632812463452137,0.0637868067677611,GPR
0.040714,0.8571,23.3333,15,FCC,0.173533,0.281709,0.1649879445678289,0.0754201784422323,0.0752047928127203,GPR
0.051429,0.8571,23.3333,15,FCC,0.140201,0.215914,0.1942135868811069,0.0880541207830709,0.0868989325644335,GPR
0.062143,0.8571,23.3333,15,FCC,0.116376,0.150687,0.2253606054408146,0.1012346967659918,0.0988898714618153,GPR
0.072857,0.8571,23.3333,15,FCC,0.098223,0.097383,0.2586631025509222,0.1150417828998232,0.1112028391470513,GPR
0.083571,0.8571,23.3333,15,FCC,0.083983,0.06848,0.2943956970696346,0.1295571782350305,0.123867149400178,GPR
0.094286,0.8571,23.3333,15,FCC,0.072715,0.053307,0.3328996620684367,0.1448598699314488,0.1369224581143723,GPR
0.105,0.8571,23.3333,15,FCC,0.063518,0.044073,0.3745849046816351,0.1610305599164179,0.1504175003481171,GPR
0.115714,0.8571,23.3333,15,FCC,0.055921,0.037793,0.4199627859869457,0.1781871535626104,0.1644203397994739,GPR
0.126429,0.8571,23.3333,15,FCC,0.049592,0.0332,0.4696410663089002,0.1965188270301765,0.1790168005881504,GPR
0.137143,0.8571,23.3333,15,FCC,0.044241,0.029672,0.5243039847391655,0.2163199951475159,0.1943066440931763,GPR
0.147857,0.8571,23.3333,15,FCC,0.039681,0.026862,0.5847260058382591,0.2380301332969348,0.2104105791649196,GPR
0.158571,0.8571,23.3333,15,FCC,0.035771,0.024564,0.6517299791754321,0.2622353623203156,0.2274619707900609,GPR
0.169286,0.8571,23.3333,15,FCC,0.032394,0.022645,0.7261657566529944,0.2896509851261112,0.2456052424974568,GPR
0.18,0.8571,23.3333,15,FCC,0.029461,0.021015,0.808840368709163,0.3210547697601771,0.2649826641710379,GPR
0.03,1.0357,23.3333,15,FCC,0.309888,0.441685,0.1374801134742816,0.0632812463452137,0.0637868067677611,GPR
0.040714,1.0357,23.3333,15,FCC,0.249326,0.405222,0.1649879445678289,0.0754201784422323,0.0752047928127203,GPR
0.051429,1.0357,23.3333,15,FCC,0.207126,0.343738,0.1942135868811069,0.0880541207830709,0.0868989325644335,GPR
0.062143,1.0357,23.3333,15,FCC,0.176629,0.290884,0.2253606054408146,0.1012346967659918,0.0988898714618153,GPR
0.072857,1.0357,23.3333,15,FCC,0.15164,0.246695,0.2586631025509222,0.1150417828998232,0.1112028391470513,GPR
0.083571,1.0357,23.3333,15,FCC,0.131557,0.202515,0.2943956970696346,0.1295571782350305,0.123867149400178,GPR
0.094286,1.0357,23.3333,15,FCC,0.115892,0.156166,0.3328996620684367,0.1448598699314488,0.1369224581143723,GPR
0.105,1.0357,23.3333,15,FCC,0.102916,0.111536,0.3745849046816351,0.1610305599164179,0.1504175003481171,GPR
0.115714,1.0357,23.3333,15,FCC,0.091717,0.079464,0.4199627859869457,0.1781871535626104,0.1644203397994739,GPR
0.126429,1.0357,23.3333,15,FCC,0.082221,0.061048,0.4696410663089002,0.1965188270301765,0.1790168005881504,GPR
0.137143,1.0357,23.3333,15,FCC,0.074242,0.050018,0.5243039847391655,0.2163199951475159,0.1943066440931763,GPR
0.147857,1.0357,23.3333,15,FCC,0.067358,0.042704,0.5847260058382591,0.2380301332969348,0.2104105791649196,GPR
0.158571,1.0357,23.3333,15,FCC,0.06128,0.037455,0.6517299791754321,0.2622353623203156,0.2274619707900609,GPR
0.169286,1.0357,23.3333,15,FCC,0.055923,0.033473,0.7261657566529944,0.2896509851261112,0.2456052424974568,GPR
0.18,1.0357,23.3333,15,FCC,0.051231,0.030329,0.808840368709163,0.3210547697601771,0.2649826641710379,GPR
0.03,1.2143,23.3333,15,FCC,0.391713,0.44687,0.1374801134742816,0.0632812463452137,0.0637868067677611,GPR
0.040714,1.2143,23.3333,15,FCC,0.3315,0.532897,0.1649879445678289,0.0754201784422323,0.0752047928127203,GPR
0.051429,1.2143,23.3333,15,FCC,0.282959,0.373959,0.1942135868811069,0.0880541207830709,0.0868989325644335,GPR
0.062143,1.2143,23.3333,15,FCC,0.24163,0.401212,0.2253606054408146,0.1012346967659918,0.0988898714618153,GPR
0.072857,1.2143,23.3333,15,FCC,0.210933,0.343061,0.2586631025509222,0.1150417828998232,0.1112028391470513,GPR
0.083571,1.2143,23.3333,15,FCC,0.187542,0.309481,0.2943956970696346,0.1295571782350305,0.123867149400178,GPR
0.094286,1.2143,23.3333,15,FCC,0.167793,0.286152,0.3328996620684367,0.1448598699314488,0.1369224581143723,GPR
0.105,1.2143,23.3333,15,FCC,0.150067,0.247144,0.3745849046816351,0.1610305599164179,0.1504175003481171,GPR
0.115714,1.2143,23.3333,15,FCC,0.134752,0.217363,0.4199627859869457,0.1781871535626104,0.1644203397994739,GPR
0.126429,1.2143,23.3333,15,FCC,0.122257,0.183619,0.4696410663089002,0.1965188270301765,0.1790168005881504,GPR
0.137143,1.2143,23.3333,15,FCC,0.111832,0.148281,0.5243039847391655,0.2163199951475159,0.1943066440931763,GPR
0.147857,1.2143,23.3333,15,FCC,0.102649,0.113239,0.5847260058382591,0.2380301332969348,0.2104105791649196,GPR
0.158571,1.2143,23.3333,15,FCC,0.094256,0.084387,0.6517299791754321,0.2622353623203156,0.2274619707900609,GPR
0.169286,1.2143,23.3333,15,FCC,0.086634,0.065522,0.7261657566529944,0.2896509851261112,0.2456052424974568,GPR
0.18,1.2143,23.3333,15,FCC,0.079938,0.053753,0.808840368709163,0.3210547697601771,0.2649826641710379,GPR
0.03,1.3929,23.3333,15,FCC,0.470154,0.445031,0.1374801134742816,0.0632812463452137,0.0637868067677611,GPR
0.040714,1.3929,23.3333,15,FCC,0.403807,0.550425,0.1649879445678289,0.0754201784422323,0.0752047928127203,GPR
0.051429,1.3929,23.3333,15,FCC,0.354324,0.408944,0.1942135868811069,0.0880541207830709,0.0868989325644335,GPR
0.062143,1.3929,23.3333,15,FCC,0.314481,0.508277,0.2253606054408146,0.1012346967659918,0.0988898714618153,GPR
0.072857,1.3929,23.3333,15,FCC,0.279205,0.36027,0.2586631025509222,0.1150417828998232,0.1112028391470513,GPR
0.083571,1.3929,23.3333,15,FCC,0.247006,0.440079,0.2943956970696346,0.1295571782350305,0.123867149400178,GPR
0.094286,1.3929,23.3333,15,FCC,0.221159,0.330667,0.3328996620684367,0.1448598699314488,0.1369224581143723,GPR
0.105,1.3929,23.3333,15,FCC,0.201127,0.357075,0.3745849046816351,0.1610305599164179,0.1504175003481171,GPR
0.115714,1.3929,23.3333,15,FCC,0.184529,0.303444,0.4199627859869457,0.1781871535626104,0.1644203397994739,GPR
0.126429,1.3929,23.3333,15,FCC,0.169826,0.291198,0.4696410663089002,0.1965188270301765,0.1790168005881504,GPR
0.137143,1.3929,23.3333,15,FCC,0.156103,0.263838,0.5243039847391655,0.2163199951475159,0.1943066440931763,GPR
0.147857,1.3929,23.3333,15,FCC,0.143245,0.239848,0.5847260058382591,0.2380301332969348,0.2104105791649196,GPR
0.158571,1.3929,23.3333,15,FCC,0.131933,0.215505,0.6517299791754321,0.2622353623203156,0.2274619707900609,GPR
0.169286,1.3929,23.3333,15,FCC,0.122422,0.189989,0.7261657566529944,0.2896509851261112,0.2456052424974568,GPR
0.18,1.3929,23.3333,15,FCC,0.114303,0.163078,0.808840368709163,0.3210547697601771,0.2649826641710379,GPR
0.03,1.5714,23.3333,15,FCC,0.523596,0.565057,0.1374801134742816,0.0632812463452137,0.0637868067677611,GPR
0.040714,1.5714,23.3333,15,FCC,0.474462,0.384223,0.1649879445678289,0.0754201784422323,0.0752047928127203,GPR
0.051429,1.5714,23.3333,15,FCC,0.420076,0.731117,0.1942135868811069,0.0880541207830709,0.0868989325644335,GPR
0.062143,1.5714,23.3333,15,FCC,0.376943,0.379855,0.2253606054408146,0.1012346967659918,0.0988898714618153,GPR
0.072857,1.5714,23.3333,15,FCC,0.34212,0.453214,0.2586631025509222,0.1150417828998232,0.1112028391470513,GPR
0.083571,1.5714,23.3333,15,FCC,0.312251,0.52446,0.2943956970696346,0.1295571782350305,0.123867149400178,GPR
0.094286,1.5714,23.3333,15,FCC,0.28497,0.344592,0.3328996620684367,0.1448598699314488,0.1369224581143723,GPR
0.105,1.5714,23.3333,15,FCC,0.258785,0.422646,0.3745849046816351,0.1610305599164179,0.1504175003481171,GPR
0.115714,1.5714,23.3333,15,FCC,0.235283,0.409883,0.4199627859869457,0.1781871535626104,0.1644203397994739,GPR
0.126429,1.5714,23.3333,15,FCC,0.216356,0.316761,0.4696410663089002,0.1965188270301765,0.1790168005881504,GPR
0.137143,1.5714,23.3333,15,FCC,0.200994,0.35964,0.5243039847391655,0.2163199951475159,0.1943066440931763,GPR
0.147857,1.5714,23.3333,15,FCC,0.187876,0.330087,0.5847260058382591,0.2380301332969348,0.2104105791649196,GPR
0.158571,1.5714,23.3333,15,FCC,0.176146,0.282668,0.6517299791754321,0.2622353623203156,0.2274619707900609,GPR
0.169286,1.5714,23.3333,15,FCC,0.165212,0.295526,0.7261657566529944,0.2896509851261112,0.2456052424974568,GPR
0.18,1.5714,23.3333,15,FCC,0.154659,0.263489,0.808840368709163,0.3210547697601771,0.2649826641710379,GPR
0.03,1.75,23.3333,15,FCC,0.541829,0.655436,0.1374801134742816,0.0632812463452137,0.0637868067677611,GPR
0.040714,1.75,23.3333,15,FCC,0.518962,0.588223,0.1649879445678289,0.0754201784422323,0.0752047928127203,GPR
0.051429,1.75,23.3333,15,FCC,0.482929,0.336706,0.1942135868811069,0.0880541207830709,0.0868989325644335,GPR
0.062143,1.75,23.3333,15,FCC,0.438381,0.602674,0.2253606054408146,0.1012346967659918,0.0988898714618153,GPR
0.072857,1.75,23.3333,15,FCC,0.399173,0.596944,0.2586631025509222,0.1150417828998232,0.1112028391470513,GPR
0.083571,1.75,23.3333,15,FCC,0.367316,0.344372,0.2943956970696346,0.1295571782350305,0.123867149400178,GPR
0.094286,1.75,23.3333,15,FCC,0.340282,0.430845,0.3328996620684367,0.1448598699314488,0.1369224581143723,GPR
0.105,1.75,23.3333,15,FCC,0.316436,0.596481,0.3745849046816351,0.1610305599164179,0.1504175003481171,GPR
0.115714,1.75,23.3333,15,FCC,0.294535,0.381105,0.4199627859869457,0.1781871535626104,0.1644203397994739,GPR
0.126429,1.75,23.3333,15,FCC,0.273424,0.333797,0.4696410663089002,0.1965188270301765,0.1790168005881504,GPR
0.137143,1.75,23.3333,15,FCC,0.252673,0.451387,0.5243039847391655,0.2163199951475159,0.1943066440931763,GPR
0.147857,1.75,23.3333,15,FCC,0.233833,0.423888,0.5847260058382591,0.2380301332969348,0.2104105791649196,GPR
0.158571,1.75,23.3333,15,FCC,0.218212,0.314033,0.6517299791754321,0.2622353623203156,0.2274619707900609,GPR
0.169286,1.75,23.3333,15,FCC,0.20526,0.327234,0.7261657566529944,0.2896509851261112,0.2456052424974568,GPR
0.18,1.75,23.3333,15,FCC,0.194109,0.378375,0.808840368709163,0.3210547697601771,0.2649826641710379,GPR
0.03,1.9286,23.3333,15,FCC,0.53884,0.298168,0.1374801134742816,0.0632812463452137,0.0637868067677611,GPR
0.040714,1.9286,23.3333,15,FCC,0.532995,0.655577,0.1649879445678289,0.0754201784422323,0.0752047928127203,GPR
0.051429,1.9286,23.3333,15,FCC,0.516996,0.702472,0.1942135868811069,0.0880541207830709,0.0868989325644335,GPR
0.062143,1.9286,23.3333,15,FCC,0.491351,0.337726,0.2253606054408146,0.1012346967659918,0.0988898714618153,GPR
0.072857,1.9286,23.3333,15,FCC,0.456846,0.378133,0.2586631025509222,0.1150417828998232,0.1112028391470513,GPR
0.083571,1.9286,23.3333,15,FCC,0.421257,0.746998,0.2943956970696346,0.1295571782350305,0.123867149400178,GPR
0.094286,1.9286,23.3333,15,FCC,0.391044,0.546597,0.3328996620684367,0.1448598699314488,0.1369224581143723,GPR
0.105,1.9286,23.3333,15,FCC,0.365569,0.332788,0.3745849046816351,0.1610305599164179,0.1504175003481171,GPR
0.115714,1.9286,23.3333,15,FCC,0.343362,0.364935,0.4199627859869457,0.1781871535626104,0.1644203397994739,GPR
0.126429,1.9286,23.3333,15,FCC,0.323485,0.587495,0.4696410663089002,0.1965188270301765,0.1790168005881504,GPR
0.137143,1.9286,23.3333,15,FCC,0.305234,0.526364,0.5243039847391655,0.2163199951475159,0.1943066440931763,GPR
0.147857,1.9286,23.3333,15,FCC,0.287947,0.341576,0.5847260058382591,0.2380301332969348,0.2104105791649196,GPR
0.158571,1.9286,23.3333,15,FCC,0.270945,0.320889,0.6517299791754321,0.2622353623203156,0.2274619707900609,GPR
0.169286,1.9286,23.3333,15,FCC,0.253913,0.431746,0.7261657566529944,0.2896509851261112,0.2456052424974568,GPR
0.18,1.9286,23.3333,15,FCC,0.23776,0.482499,0.808840368709163,0.3210547697601771,0.2649826641710379,GPR
0.03,2.1071,23.3333,15,FCC,0.518077,0.36919,0.1374801134742816,0.0632812463452137,0.0637868067677611,GPR
0.040714,2.1071,23.3333,15,FCC,0.527785,0.287718,0.1649879445678289,0.0754201784422323,0.0752047928127203,GPR
0.051429,2.1071,23.3333,15,FCC,0.525581,0.568424,0.1942135868811069,0.0880541207830709,0.0868989325644335,GPR
0.062143,2.1071,23.3333,15,FCC,0.513773,0.886232,0.2253606054408146,0.1012346967659918,0.0988898714618153,GPR
0.072857,2.1071,23.3333,15,FCC,0.496708,0.406755,0.2586631025509222,0.1150417828998232,0.1112028391470513,GPR
0.083571,2.1071,23.3333,15,FCC,0.472592,0.301282,0.2943956970696346,0.1295571782350305,0.123867149400178,GPR
0.094286,2.1071,23.3333,15,FCC,0.442996,0.421242,0.3328996620684367,0.1448598699314488,0.1369224581143723,GPR
0.105,2.1071,23.3333,15,FCC,0.414089,0.783562,0.3745849046816351,0.1610305599164179,0.1504175003481171,GPR
0.115714,2.1071,23.3333,15,FCC,0.389281,0.58424,0.4199627859869457,0.1781871535626104,0.1644203397994739,GPR
0.126429,2.1071,23.3333,15,FCC,0.367874,0.344944,0.4696410663089002,0.1965188270301765,0.1790168005881504,GPR
0.137143,2.1071,23.3333,15,FCC,0.348916,0.309702,0.5243039847391655,0.2163199951475159,0.1943066440931763,GPR
0.147857,2.1071,23.3333,15,FCC,0.331787,0.429329,0.5847260058382591,0.2380301332969348,0.2104105791649196,GPR
0.158571,2.1071,23.3333,15,FCC,0.316044,0.643626,0.6517299791754321,0.2622353623203156,0.2274619707900609,GPR
0.169286,2.1071,23.3333,15,FCC,0.301307,0.513722,0.7261657566529944,0.2896509851261112,0.2456052424974568,GPR
0.18,2.1071,23.3333,15,FCC,0.28719,0.340057,0.808840368709163,0.3210547697601771,0.2649826641710379,GPR
0.03,2.2857,23.3333,15,FCC,0.508369,0.771517,0.1374801134742816,0.0632812463452137,0.0637868067677611,GPR
0.040714,2.2857,23.3333,15,FCC,0.507796,0.327543,0.1649879445678289,0.0754201784422323,0.0752047928127203,GPR
0.051429,2.2857,23.3333,15,FCC,0.51832,0.271367,0.1942135868811069,0.0880541207830709,0.0868989325644335,GPR
0.062143,2.2857,23.3333,15,FCC,0.516874,0.451469,0.2253606054408146,0.1012346967659918,0.0988898714618153,GPR
0.072857,2.2857,23.3333,15,FCC,0.508133,0.958423,0.2586631025509222,0.1150417828998232,0.1112028391470513,GPR
0.083571,2.2857,23.3333,15,FCC,0.499205,0.584748,0.2943956970696346,0.1295571782350305,0.123867149400178,GPR
0.094286,2.2857,23.3333,15,FCC,0.48351,0.325699,0.3328996620684367,0.1448598699314488,0.1369224581143723,GPR
0.105,2.2857,23.3333,15,FCC,0.461672,0.290752,0.3745849046816351,0.1610305599164179,0.1504175003481171,GPR
0.115714,2.2857,23.3333,15,FCC,0.436658,0.415326,0.4199627859869457,0.1781871535626104,0.1644203397994739,GPR
0.126429,2.2857,23.3333,15,FCC,0.412334,0.758393,0.4696410663089002,0.1965188270301765,0.1790168005881504,GPR
0.137143,2.2857,23.3333,15,FCC,0.39104,0.6972,0.5243039847391655,0.2163199951475159,0.1943066440931763,GPR
0.147857,2.2857,23.3333,15,FCC,0.372402,0.401865,0.5847260058382591,0.2380301332969348,0.2104105791649196,GPR
0.158571,2.2857,23.3333,15,FCC,0.35574,0.29697,0.6517299791754321,0.2622353623203156,0.2274619707900609,GPR
0.169286,2.2857,23.3333,15,FCC,0.340591,0.310497,0.7261657566529944,0.2896509851261112,0.2456052424974568,GPR
0.18,2.2857,23.3333,15,FCC,0.326633,0.445221,0.808840368709163,0.3210547697601771,0.2649826641710379,GPR
0.03,2.4643,23.3333,15,FCC,0.470629,0.813005,0.1374801134742816,0.0632812463452137,0.0637868067677611,GPR
0.040714,2.4643,23.3333,15,FCC,0.49861,0.649662,0.1649879445678289,0.0754201784422323,0.0752047928127203,GPR
0.051429,2.4643,23.3333,15,FCC,0.496947,0.312794,0.1942135868811069,0.0880541207830709,0.0868989325644335,GPR
0.062143,2.4643,23.3333,15,FCC,0.509652,0.254691,0.2253606054408146,0.1012346967659918,0.0988898714618153,GPR
0.072857,2.4643,23.3333,15,FCC,0.50502,0.351199,0.2586631025509222,0.1150417828998232,0.1112028391470513,GPR
0.083571,2.4643,23.3333,15,FCC,0.504795,0.744344,0.2943956970696346,0.1295571782350305,0.123867149400178,GPR
0.094286,2.4643,23.3333,15,FCC,0.498358,0.884667,0.3328996620684367,0.1448598699314488,0.1369224581143723,GPR
0.105,2.4643,23.3333,15,FCC,0.487402,0.457227,0.3745849046816351,0.1610305599164179,0.1504175003481171,GPR
0.115714,2.4643,23.3333,15,FCC,0.474314,0.296472,0.4199627859869457,0.1781871535626104,0.1644203397994739,GPR
0.126429,2.4643,23.3333,15,FCC,0.455882,0.276989,0.4696410663089002,0.1965188270301765,0.1790168005881504,GPR
0.137143,2.4643,23.3333,15,FCC,0.434785,0.370866,0.5243039847391655,0.2163199951475159,0.1943066440931763,GPR
0.147857,2.4643,23.3333,15,FCC,0.413783,0.650673,0.5847260058382591,0.2380301332969348,0.2104105791649196,GPR
0.158571,2.4643,23.3333,15,FCC,0.394902,0.836462,0.6517299791754321,0.2622353623203156,0.2274619707900609,GPR
0.169286,2.4643,23.3333,15,FCC,0.378214,0.537976,0.7261657566529944,0.2896509851261112,0.2456052424974568,GPR
0.18,2.4643,23.3333,15,FCC,0.363218,0.342141,0.808840368709163,0.3210547697601771,0.2649826641710379,GPR
0.03,2.6429,23.3333,15,FCC,0.458326,0.376331,0.1374801134742816,0.0632812463452137,0.0637868067677611,GPR
0.040714,2.6429,23.3333,15,FCC,0.463235,0.908743,0.1649879445678289,0.0754201784422323,0.0752047928127203,GPR
0.051429,2.6429,23.3333,15,FCC,0.487932,0.605848,0.1942135868811069,0.0880541207830709,0.0868989325644335,GPR
0.062143,2.6429,23.3333,15,FCC,0.48556,0.313207,0.2253606054408146,0.1012346967659918,0.0988898714618153,GPR
0.072857,2.6429,23.3333,15,FCC,0.50055,0.243324,0.2586631025509222,0.1150417828998232,0.1112028391470513,GPR
0.083571,2.6429,23.3333,15,FCC,0.495051,0.282624,0.2943956970696346,0.1295571782350305,0.123867149400178,GPR
0.094286,2.6429,23.3333,15,FCC,0.499931,0.488213,0.3328996620684367,0.1448598699314488,0.1369224581143723,GPR
0.105,2.6429,23.3333,15,FCC,0.492513,0.937026,0.3745849046816351,0.1610305599164179,0.1504175003481171,GPR
0.115714,2.6429,23.3333,15,FCC,0.489599,0.757306,0.4199627859869457,0.1781871535626104,0.1644203397994739,GPR
0.126429,2.6429,23.3333,15,FCC,0.479119,0.412898,0.4696410663089002,0.1965188270301765,0.1790168005881504,GPR
0.137143,2.6429,23.3333,15,FCC,0.46846,0.284794,0.5243039847391655,0.2163199951475159,0.1943066440931763,GPR
0.147857,2.6429,23.3333,15,FCC,0.453211,0.260729,0.5847260058382591,0.2380301332969348,0.2104105791649196,GPR
0.158571,2.6429,23.3333,15,FCC,0.435489,0.315596,0.6517299791754321,0.2622353623203156,0.2274619707900609,GPR
0.169286,2.6429,23.3333,15,FCC,0.417242,0.49578,0.7261657566529944,0.2896509851261112,0.2456052424974568,GPR
0.18,2.6429,23.3333,15,FCC,0.400123,0.81216,0.808840368709163,0.3210547697601771,0.2649826641710379,GPR
0.03,2.8214,23.3333,15,FCC,0.437776,0.227589,0.1374801134742816,0.0632812463452137,0.0637868067677611,GPR
0.040714,2.8214,23.3333,15,FCC,0.447418,0.446453,0.1649879445678289,0.0754201784422323,0.0752047928127203,GPR
0.051429,2.8214,23.3333,15,FCC,0.454888,0.924575,0.1942135868811069,0.0880541207830709,0.0868989325644335,GPR
0.062143,2.8214,23.3333,15,FCC,0.477448,0.609894,0.2253606054408146,0.1012346967659918,0.0988898714618153,GPR
0.072857,2.8214,23.3333,15,FCC,0.474756,0.326958,0.2586631025509222,0.1150417828998232,0.1112028391470513,GPR
0.083571,2.8214,23.3333,15,FCC,0.488669,0.240458,0.2943956970696346,0.1295571782350305,0.123867149400178,GPR
0.094286,2.8214,23.3333,15,FCC,0.488267,0.242053,0.3328996620684367,0.1448598699314488,0.1369224581143723,GPR
0.105,2.8214,23.3333,15,FCC,0.487253,0.333841,0.3745849046816351,0.1610305599164179,0.1504175003481171,GPR
0.115714,2.8214,23.3333,15,FCC,0.49009,0.611794,0.4199627859869457,0.1781871535626104,0.1644203397994739,GPR
0.126429,2.8214,23.3333,15,FCC,0.483336,0.987748,0.4696410663089002,0.1965188270301765,0.1790168005881504,GPR
0.137143,2.8214,23.3333,15,FCC,0.481743,0.709866,0.5243039847391655,0.2163199951475159,0.1943066440931763,GPR
0.147857,2.8214,23.3333,15,FCC,0.472646,0.407951,0.5847260058382591,0.2380301332969348,0.2104105791649196,GPR
0.158571,2.8214,23.3333,15,FCC,0.46461,0.284581,0.6517299791754321,0.2622353623203156,0.2274619707900609,GPR
0.169286,2.8214,23.3333,15,FCC,0.451946,0.248359,0.7261657566529944,0.2896509851261112,0.2456052424974568,GPR
0.18,2.8214,23.3333,15,FCC,0.437491,0.269661,0.808840368709163,0.3210547697601771,0.2649826641710379,GPR
0.03,3.0,23.3333,15,FCC,0.399199,0.184837,0.1374801134742816,0.0632812463452137,0.0637868067677611,GPR
0.040714,3.0,23.3333,15,FCC,0.434103,0.247107,0.1649879445678289,0.0754201784422323,0.0752047928127203,GPR
0.051429,3.0,23.3333,15,FCC,0.436814,0.482834,0.1942135868811069,0.0880541207830709,0.0868989325644335,GPR
0.062143,3.0,23.3333,15,FCC,0.444396,0.91371,0.2253606054408146,0.1012346967659918,0.0988898714618153,GPR
0.072857,3.0,23.3333,15,FCC,0.46698,0.648644,0.2586631025509222,0.1150417828998232,0.1112028391470513,GPR
0.083571,3.0,23.3333,15,FCC,0.465082,0.35577,0.2943956970696346,0.1295571782350305,0.123867149400178,GPR
0.094286,3.0,23.3333,15,FCC,0.471856,0.248005,0.3328996620684367,0.1448598699314488,0.1369224581143723,GPR
0.105,3.0,23.3333,15,FCC,0.481582,0.222523,0.3745849046816351,0.1610305599164179,0.1504175003481171,GPR
0.115714,3.0,23.3333,15,FCC,0.476852,0.255132,0.4199627859869457,0.1781871535626104,0.1644203397994739,GPR
0.126429,3.0,23.3333,15,FCC,0.481776,0.376307,0.4696410663089002,0.1965188270301765,0.1790168005881504,GPR
0.137143,3.0,23.3333,15,FCC,0.480737,0.677334,0.5243039847391655,0.2163199951475159,0.1943066440931763,GPR
0.147857,3.0,23.3333,15,FCC,0.475407,0.995085,0.5847260058382591,0.2380301332969348,0.2104105791649196,GPR
0.158571,3.0,23.3333,15,FCC,0.475031,0.726011,0.6517299791754321,0.2622353623203156,0.2274619707900609,GPR
0.169286,3.0,23.3333,15,FCC,0.467292,0.431903,0.7261657566529944,0.2896509851261112,0.2456052424974568,GPR
0.18,3.0,23.3333,15,FCC,0.461405,0.297149,0.808840368709163,0.3210547697601771,0.2649826641710379,GPR
0.03,0.5,26.6667,15,FCC,0.043558,0.039904,0.1374801134742816,0.0632812463452137,0.0637868067677611,GPR
0.040714,0.5,26.6667,15,FCC,0.031449,0.029911,0.1649879445678289,0.0754201784422323,0.0752047928127203,GPR
0.051429,0.5,26.6667,15,FCC,0.024475,0.023982,0.1942135868811069,0.0880541207830709,0.0868989325644335,GPR
0.062143,0.5,26.6667,15,FCC,0.020041,0.020035,0.2253606054408146,0.1012346967659918,0.0988898714618153,GPR
0.072857,0.5,26.6667,15,FCC,0.016988,0.017213,0.2586631025509222,0.1150417828998232,0.1112028391470513,GPR
0.083571,0.5,26.6667,15,FCC,0.014755,0.015091,0.2943956970696346,0.1295571782350305,0.123867149400178,GPR
0.094286,0.5,26.6667,15,FCC,0.013049,0.013437,0.3328996620684367,0.1448598699314488,0.1369224581143723,GPR
0.105,0.5,26.6667,15,FCC,0.011701,0.012111,0.3745849046816351,0.1610305599164179,0.1504175003481171,GPR
0.115714,0.5,26.6667,15,FCC,0.010608,0.011024,0.4199627859869457,0.1781871535626104,0.1644203397994739,GPR
0.126429,0.5,26.6667,15,FCC,0.009704,0.010117,0.4696410663089002,0.1965188270301765,0.1790168005881504,GPR
0.137143,0.5,26.6667,15,FCC,0.008942,0.009347,0.5243039847391655,0.2163199951475159,0.1943066440931763,GPR
0.147857,0.5,26.6667,15,FCC,0.008293,0.008687,0.5847260058382591,0.2380301332969348,0.2104105791649196,GPR
0.158571,0.5,26.6667,15,FCC,0.007731,0.008114,0.6517299791754321,0.2622353623203156,0.2274619707900609,GPR
0.169286,0.5,26.6667,15,FCC,0.007242,0.007612,0.7261657566529944,0.2896509851261112,0.2456052424974568,GPR
0.18,0.5,26.6667,15,FCC,0.00681,0.007169,0.808840368709163,0.3210547697601771,0.2649826641710379,GPR
0.03,0.6786,26.6667,15,FCC,0.082862,0.067705,0.1374801134742816,0.0632812463452137,0.0637868067677611,GPR
0.040714,0.6786,26.6667,15,FCC,0.05983,0.045804,0.1649879445678289,0.0754201784422323,0.0752047928127203,GPR
0.051429,0.6786,26.6667,15,FCC,0.045346,0.035138,0.1942135868811069,0.0880541207830709,0.0868989325644335,GPR
0.062143,0.6786,26.6667,15,FCC,0.035668,0.028662,0.2253606054408146,0.1012346967659918,0.0988898714618153,GPR
0.072857,0.6786,26.6667,15,FCC,0.02894,0.024264,0.2586631025509222,0.1150417828998232,0.1112028391470513,GPR
0.083571,0.6786,26.6667,15,FCC,0.024132,0.021063,0.2943956970696346,0.1295571782350305,0.123867149400178,GPR
0.094286,0.6786,26.6667,15,FCC,0.020619,0.018622,0.3328996620684367,0.1448598699314488,0.1369224581143723,GPR
0.105,0.6786,26.6667,15,FCC,0.017992,0.016696,0.3745849046816351,0.1610305599164179,0.1504175003481171,GPR
0.115714,0.6786,26.6667,15,FCC,0.015976,0.015135,0.4199627859869457,0.1781871535626104,0.1644203397994739,GPR
0.126429,0.6786,26.6667,15,FCC,0.014384,0.013844,0.4696410663089002,0.1965188270301765,0.1790168005881504,GPR
0.137143,0.6786,26.6667,15,FCC,0.013094,0.012757,0.5243039847391655,0.2163199951475159,0.1943066440931763,GPR
0.147857,0.6786,26.6667,15,FCC,0.012026,0.01183,0.5847260058382591,0.2380301332969348,0.2104105791649196,GPR
0.158571,0.6786,26.6667,15,FCC,0.011126,0.011029,0.6517299791754321,0.2622353623203156,0.2274619707900609,GPR
0.169286,0.6786,26.6667,15,FCC,0.010355,0.010331,0.7261657566529944,0.2896509851261112,0.2456052424974568,GPR
0.18,0.6786,26.6667,15,FCC,0.009687,0.009716,0.808840368709163,0.3210547697601771,0.2649826641710379,GPR
0.03,0.8571,26.6667,15,FCC,0.136411,0.190152,0.1374801134742816,0.0632812463452137,0.0637868067677611,GPR
0.040714,0.8571,26.6667,15,FCC,0.10264,0.091673,0.1649879445678289,0.0754201784422323,0.0752047928127203,GPR
0.051429,0.8571,26.6667,15,FCC,0.080091,0.057501,0.1942135868811069,0.0880541207830709,0.0868989325644335,GPR
0.062143,0.8571,26.6667,15,FCC,0.064123,0.043032,0.2253606054408146,0.1012346967659918,0.0988898714618153,GPR
0.072857,0.8571,26.6667,15,FCC,0.05242,0.034794,0.2586631025509222,0.1150417828998232,0.1112028391470513,GPR
0.083571,0.8571,26.6667,15,FCC,0.04355,0.029367,0.2943956970696346,0.1295571782350305,0.123867149400178,GPR
0.094286,0.8571,26.6667,15,FCC,0.036694,0.025478,0.3328996620684367,0.1448598699314488,0.1369224581143723,GPR
0.105,0.8571,26.6667,15,FCC,0.0313,0.022536,0.3745849046816351,0.1610305599164179,0.1504175003481171,GPR
0.115714,0.8571,26.6667,15,FCC,0.027006,0.020225,0.4199627859869457,0.1781871535626104,0.1644203397994739,GPR
0.126429,0.8571,26.6667,15,FCC,0.023557,0.018355,0.4696410663089002,0.1965188270301765,0.1790168005881504,GPR
0.137143,0.8571,26.6667,15,FCC,0.020769,0.01681,0.5243039847391655,0.2163199951475159,0.1943066440931763,GPR
0.147857,0.8571,26.6667,15,FCC,0.018506,0.01551,0.5847260058382591,0.2380301332969348,0.2104105791649196,GPR
0.158571,0.8571,26.6667,15,FCC,0.016661,0.0144,0.6517299791754321,0.2622353623203156,0.2274619707900609,GPR
0.169286,0.8571,26.6667,15,FCC,0.015149,0.01344,0.7261657566529944,0.2896509851261112,0.2456052424974568,GPR
0.18,0.8571,26.6667,15,FCC,0.0139,0.012602,0.808840368709163,0.3210547697601771,0.2649826641710379,GPR
0.03,1.0357,26.6667,15,FCC,0.199352,0.327718,0.1374801134742816,0.0632812463452137,0.0637868067677611,GPR
0.040714,1.0357,26.6667,15,FCC,0.15483,0.248955,0.1649879445678289,0.0754201784422323,0.0752047928127203,GPR
0.051429,1.0357,26.6667,15,FCC,0.124819,0.160047,0.1942135868811069,0.0880541207830709,0.0868989325644335,GPR
0.062143,1.0357,26.6667,15,FCC,0.102584,0.088369,0.2253606054408146,0.1012346967659918,0.0988898714618153,GPR
0.072857,1.0357,26.6667,15,FCC,0.085667,0.058625,0.2586631025509222,0.1150417828998232,0.1112028391470513,GPR
0.083571,1.0357,26.6667,15,FCC,0.072696,0.044932,0.2943956970696346,0.1295571782350305,0.123867149400178,GPR
0.094286,1.0357,26.6667,15,FCC,0.062191,0.036907,0.3328996620684367,0.1448598699314488,0.1369224581143723,GPR
0.105,1.0357,26.6667,15,FCC,0.05377,0.031527,0.3745849046816351,0.1610305599164179,0.1504175003481171,GPR
0.115714,1.0357,26.6667,15,FCC,0.04684,0.027621,0.4199627859869457,0.1781871535626104,0.1644203397994739,GPR
0.126429,1.0357,26.6667,15,FCC,0.041057,0.024633,0.4696410663089002,0.1965188270301765,0.1790168005881504,GPR
0.137143,1.0357,26.6667,15,FCC,0.036223,0.022261,0.5243039847391655,0.2163199951475159,0.1943066440931763,GPR
0.147857,1.0357,26.6667,15,FCC,0.032128,0.020326,0.5847260058382591,0.2380301332969348,0.2104105791649196,GPR
0.158571,1.0357,26.6667,15,FCC,0.028641,0.018713,0.6517299791754321,0.2622353623203156,0.2274619707900609,GPR
0.169286,1.0357,26.6667,15,FCC,0.025661,0.017347,0.7261657566529944,0.2896509851261112,0.2456052424974568,GPR
0.18,1.0357,26.6667,15,FCC,0.0231,0.016172,0.808840368709163,0.3210547697601771,0.2649826641710379,GPR
0.03,1.2143,26.6667,15,FCC,0.263855,0.43385,0.1374801134742816,0.0632812463452137,0.0637868067677611,GPR
0.040714,1.2143,26.6667,15,FCC,0.21327,0.363873,0.1649879445678289,0.0754201784422323,0.0752047928127203,GPR
0.051429,1.2143,26.6667,15,FCC,0.176951,0.299155,0.1942135868811069,0.0880541207830709,0.0868989325644335,GPR
0.062143,1.2143,26.6667,15,FCC,0.147406,0.236968,0.2253606054408146,0.1012346967659918,0.0988898714618153,GPR
0.072857,1.2143,26.6667,15,FCC,0.126128,0.171715,0.2586631025509222,0.1150417828998232,0.1112028391470513,GPR
0.083571,1.2143,26.6667,15,FCC,0.109205,0.106485,0.2943956970696346,0.1295571782350305,0.123867149400178,GPR
0.094286,1.2143,26.6667,15,FCC,0.094716,0.068554,0.3328996620684367,0.1448598699314488,0.1369224581143723,GPR
0.105,1.2143,26.6667,15,FCC,0.083128,0.051221,0.3745849046816351,0.1610305599164179,0.1504175003481171,GPR
0.115714,1.2143,26.6667,15,FCC,0.073686,0.041597,0.4199627859869457,0.1781871535626104,0.1644203397994739,GPR
0.126429,1.2143,26.6667,15,FCC,0.065468,0.035361,0.4696410663089002,0.1965188270301765,0.1790168005881504,GPR
0.137143,1.2143,26.6667,15,FCC,0.058385,0.030925,0.5243039847391655,0.2163199951475159,0.1943066440931763,GPR
0.147857,1.2143,26.6667,15,FCC,0.052427,0.027573,0.5847260058382591,0.2380301332969348,0.2104105791649196,GPR
0.158571,1.2143,26.6667,15,FCC,0.047272,0.024932,0.6517299791754321,0.2622353623203156,0.2274619707900609,GPR
0.169286,1.2143,26.6667,15,FCC,0.042704,0.022788,0.7261657566529944,0.2896509851261112,0.2456052424974568,GPR
0.18,1.2143,26.6667,15,FCC,0.038701,0.021006,0.808840368709163,0.3210547697601771,0.2649826641710379,GPR
0.03,1.3929,26.6667,15,FCC,0.334941,0.475947,0.1374801134742816,0.0632812463452137,0.0637868067677611,GPR
0.040714,1.3929,26.6667,15,FCC,0.273752,0.496937,0.1649879445678289,0.0754201784422323,0.0752047928127203,GPR
0.051429,1.3929,26.6667,15,FCC,0.229549,0.383569,0.1942135868811069,0.0880541207830709,0.0868989325644335,GPR
0.062143,1.3929,26.6667,15,FCC,0.198721,0.321306,0.2253606054408146,0.1012346967659918,0.0988898714618153,GPR
0.072857,1.3929,26.6667,15,FCC,0.172679,0.2917,0.2586631025509222,0.1150417828998232,0.1112028391470513,GPR
0.083571,1.3929,26.6667,15,FCC,0.149703,0.25035,0.2943956970696346,0.1295571782350305,0.123867149400178,GPR
0.094286,1.3929,26.6667,15,FCC,0.132164,0.200399,0.3328996620684367,0.1448598699314488,0.1369224581143723,GPR
0.105,1.3929,26.6667,15,FCC,0.118342,0.146692,0.3745849046816351,0.1610305599164179,0.1504175003481171,GPR
0.115714,1.3929,26.6667,15,FCC,0.106152,0.096162,0.4199627859869457,0.1781871535626104,0.1644203397994739,GPR
0.126429,1.3929,26.6667,15,FCC,0.09502,0.066085,0.4696410663089002,0.1965188270301765,0.1790168005881504,GPR
0.137143,1.3929,26.6667,15,FCC,0.085617,0.050912,0.5243039847391655,0.2163199951475159,0.1943066440931763,GPR
0.147857,1.3929,26.6667,15,FCC,0.077886,0.042046,0.5847260058382591,0.2380301332969348,0.2104105791649196,GPR
0.158571,1.3929,26.6667,15,FCC,0.071149,0.036153,0.6517299791754321,0.2622353623203156,0.2274619707900609,GPR
0.169286,1.3929,26.6667,15,FCC,0.064961,0.031895,0.7261657566529944,0.2896509851261112,0.2456052424974568,GPR
0.18,1.3929,26.6667,15,FCC,0.05933,0.028641,0.808840368709163,0.3210547697601771,0.2649826641710379,GPR
0.03,1.5714,26.6667,15,FCC,0.392985,0.384095,0.1374801134742816,0.0632812463452137,0.0637868067677611,GPR
0.040714,1.5714,26.6667,15,FCC,0.337842,0.52852,0.1649879445678289,0.0754201784422323,0.0752047928127203,GPR
0.051429,1.5714,26.6667,15,FCC,0.289208,0.446719,0.1942135868811069,0.0880541207830709,0.0868989325644335,GPR
0.062143,1.5714,26.6667,15,FCC,0.247766,0.371159,0.2253606054408146,0.1012346967659918,0.0988898714618153,GPR
0.072857,1.5714,26.6667,15,FCC,0.218747,0.413247,0.2586631025509222,0.1150417828998232,0.1112028391470513,GPR
0.083571,1.5714,26.6667,15,FCC,0.196081,0.313731,0.2943956970696346,0.1295571782350305,0.123867149400178,GPR
0.094286,1.5714,26.6667,15,FCC,0.175952,0.312103,0.3328996620684367,0.1448598699314488,0.1369224581143723,GPR
0.105,1.5714,26.6667,15,FCC,0.156866,0.26953,0.3745849046816351,0.1610305599164179,0.1504175003481171,GPR
0.115714,1.5714,26.6667,15,FCC,0.140759,0.228431,0.4199627859869457,0.1781871535626104,0.1644203397994739,GPR
0.126429,1.5714,26.6667,15,FCC,0.128203,0.19236,0.4696410663089002,0.1965188270301765,0.1790168005881504,GPR
0.137143,1.5714,26.6667,15,FCC,0.117746,0.149364,0.5243039847391655,0.2163199951475159,0.1943066440931763,GPR
0.147857,1.5714,26.6667,15,FCC,0.108264,0.105434,0.5847260058382591,0.2380301332969348,0.2104105791649196,GPR
0.158571,1.5714,26.6667,15,FCC,0.099194,0.073302,0.6517299791754321,0.2622353623203156,0.2274619707900609,GPR
0.169286,1.5714,26.6667,15,FCC,0.090816,0.055714,0.7261657566529944,0.2896509851261112,0.2456052424974568,GPR
0.18,1.5714,26.6667,15,FCC,0.083683,0.045589,0.808840368709163,0.3210547697601771,0.2649826641710379,GPR
0.03,1.75,26.6667,15,FCC,0.445938,0.804985,0.1374801134742816,0.0632812463452137,0.0637868067677611,GPR
0.040714,1.75,26.6667,15,FCC,0.389607,0.364065,0.1649879445678289,0.0754201784422323,0.0752047928127203,GPR
0.051429,1.75,26.6667,15,FCC,0.345367,0.653418,0.1942135868811069,0.0880541207830709,0.0868989325644335,GPR
0.062143,1.75,26.6667,15,FCC,0.306369,0.354104,0.2253606054408146,0.1012346967659918,0.0988898714618153,GPR
0.072857,1.75,26.6667,15,FCC,0.268818,0.534845,0.2586631025509222,0.1150417828998232,0.1112028391470513,GPR
0.083571,1.75,26.6667,15,FCC,0.238872,0.337506,0.2943956970696346,0.1295571782350305,0.123867149400178,GPR
0.094286,1.75,26.6667,15,FCC,0.216735,0.424734,0.3328996620684367,0.1448598699314488,0.1369224581143723,GPR
0.105,1.75,26.6667,15,FCC,0.198638,0.314475,0.3745849046816351,0.1610305599164179,0.1504175003481171,GPR
0.115714,1.75,26.6667,15,FCC,0.182473,0.338458,0.4199627859869457,0.1781871535626104,0.1644203397994739,GPR
0.126429,1.75,26.6667,15,FCC,0.166855,0.276742,0.4696410663089002,0.1965188270301765,0.1790168005881504,GPR
0.137143,1.75,26.6667,15,FCC,0.15181,0.269587,0.5243039847391655,0.2163199951475159,0.1943066440931763,GPR
0.147857,1.75,26.6667,15,FCC,0.13911,0.2269,0.5847260058382591,0.2380301332969348,0.2104105791649196,GPR
0.158571,1.75,26.6667,15,FCC,0.128934,0.201977,0.6517299791754321,0.2622353623203156,0.2274619707900609,GPR
0.169286,1.75,26.6667,15,FCC,0.120353,0.166138,0.7261657566529944,0.2896509851261112,0.2456052424974568,GPR
0.18,1.75,26.6667,15,FCC,0.112635,0.129384,0.808840368709163,0.3210547697601771,0.2649826641710379,GPR
0.03,1.9286,26.6667,15,FCC,0.495631,0.370018,0.1374801134742816,0.0632812463452137,0.0637868067677611,GPR
0.040714,1.9286,26.6667,15,FCC,0.437363,0.782605,0.1649879445678289,0.0754201784422323,0.0752047928127203,GPR
0.051429,1.9286,26.6667,15,FCC,0.391713,0.342285,0.1942135868811069,0.0880541207830709,0.0868989325644335,GPR
0.062143,1.9286,26.6667,15,FCC,0.354703,0.642291,0.2253606054408146,0.1012346967659918,0.0988898714618153,GPR
0.072857,1.9286,26.6667,15,FCC,0.322387,0.416403,0.2586631025509222,0.1150417828998232,0.1112028391470513,GPR
0.083571,1.9286,26.6667,15,FCC,0.291399,0.382478,0.2943956970696346,0.1295571782350305,0.123867149400178,GPR
0.094286,1.9286,26.6667,15,FCC,0.261286,0.530877,0.3328996620684367,0.1448598699314488,0.1369224581143723,GPR
0.105,1.9286,26.6667,15,FCC,0.237322,0.327503,0.3745849046816351,0.1610305599164179,0.1504175003481171,GPR
0.115714,1.9286,26.6667,15,FCC,0.21893,0.409389,0.4199627859869457,0.1781871535626104,0.1644203397994739,GPR
0.126429,1.9286,26.6667,15,FCC,0.203655,0.362822,0.4696410663089002,0.1965188270301765,0.1790168005881504,GPR
0.137143,1.9286,26.6667,15,FCC,0.190116,0.302381,0.5243039847391655,0.2163199951475159,0.1943066440931763,GPR
0.147857,1.9286,26.6667,15,FCC,0.177383,0.343066,0.5847260058382591,0.2380301332969348,0.2104105791649196,GPR
0.158571,1.9286,26.6667,15,FCC,0.164705,0.26944,0.6517299791754321,0.2622353623203156,0.2274619707900609,GPR
0.169286,1.9286,26.6667,15,FCC,0.15218,0.273553,0.7261657566529944,0.2896509851261112,0.2456052424974568,GPR
0.18,1.9286,26.6667,15,FCC,0.141161,0.237999,0.808840368709163,0.3210547697601771,0.2649826641710379,GPR
0.03,2.1071,26.6667,15,FCC,0.524038,0.401234,0.1374801134742816,0.0632812463452137,0.0637868067677611,GPR
0.040714,2.1071,26.6667,15,FCC,0.483332,0.390335,0.1649879445678289,0.0754201784422323,0.0752047928127203,GPR
0.051429,2.1071,26.6667,15,FCC,0.435263,0.83713,0.1942135868811069,0.0880541207830709,0.0868989325644335,GPR
0.062143,2.1071,26.6667,15,FCC,0.3966,0.349072,0.2253606054408146,0.1012346967659918,0.0988898714618153,GPR
0.072857,2.1071,26.6667,15,FCC,0.364635,0.439326,0.2586631025509222,0.1150417828998232,0.1112028391470513,GPR
0.083571,2.1071,26.6667,15,FCC,0.336793,0.669825,0.2943956970696346,0.1295571782350305,0.123867149400178,GPR
0.094286,2.1071,26.6667,15,FCC,0.311143,0.343794,0.3328996620684367,0.1448598699314488,0.1369224581143723,GPR
0.105,2.1071,26.6667,15,FCC,0.285626,0.396464,0.3745849046816351,0.1610305599164179,0.1504175003481171,GPR
0.115714,2.1071,26.6667,15,FCC,0.260449,0.559578,0.4199627859869457,0.1781871535626104,0.1644203397994739,GPR
0.126429,2.1071,26.6667,15,FCC,0.239701,0.339168,0.4696410663089002,0.1965188270301765,0.1790168005881504,GPR
0.137143,2.1071,26.6667,15,FCC,0.223457,0.343206,0.5243039847391655,0.2163199951475159,0.1943066440931763,GPR
0.147857,2.1071,26.6667,15,FCC,0.209944,0.45083,0.5847260058382591,0.2380301332969348,0.2104105791649196,GPR
0.158571,2.1071,26.6667,15,FCC,0.19808,0.319711,0.6517299791754321,0.2622353623203156,0.2274619707900609,GPR
0.169286,2.1071,26.6667,15,FCC,0.187211,0.301926,0.7261657566529944,0.2896509851261112,0.2456052424974568,GPR
0.18,2.1071,26.6667,15,FCC,0.176814,0.35387,0.808840368709163,0.3210547697601771,0.2649826641710379,GPR
0.03,2.2857,26.6667,15,FCC,0.527747,0.969475,0.1374801134742816,0.0632812463452137,0.0637868067677611,GPR
0.040714,2.2857,26.6667,15,FCC,0.513005,0.339824,0.1649879445678289,0.0754201784422323,0.0752047928127203,GPR
0.051429,2.2857,26.6667,15,FCC,0.477406,0.373398,0.1942135868811069,0.0880541207830709,0.0868989325644335,GPR
0.062143,2.2857,26.6667,15,FCC,0.436759,0.895311,0.2253606054408146,0.1012346967659918,0.0988898714618153,GPR
0.072857,2.2857,26.6667,15,FCC,0.402936,0.412476,0.2586631025509222,0.1150417828998232,0.1112028391470513,GPR
0.083571,2.2857,26.6667,15,FCC,0.374626,0.321234,0.2943956970696346,0.1295571782350305,0.123867149400178,GPR
0.094286,2.2857,26.6667,15,FCC,0.34992,0.610935,0.3328996620684367,0.1448598699314488,0.1369224581143723,GPR
0.105,2.2857,26.6667,15,FCC,0.327591,0.574547,0.3745849046816351,0.1610305599164179,0.1504175003481171,GPR
0.115714,2.2857,26.6667,15,FCC,0.306478,0.322513,0.4199627859869457,0.1781871535626104,0.1644203397994739,GPR
0.126429,2.2857,26.6667,15,FCC,0.285217,0.368454,0.4696410663089002,0.1965188270301765,0.1790168005881504,GPR
0.137143,2.2857,26.6667,15,FCC,0.263612,0.590355,0.5243039847391655,0.2163199951475159,0.1943066440931763,GPR
0.147857,2.2857,26.6667,15,FCC,0.244651,0.4048,0.5847260058382591,0.2380301332969348,0.2104105791649196,GPR
0.158571,2.2857,26.6667,15,FCC,0.22952,0.29918,0.6517299791754321,0.2622353623203156,0.2274619707900609,GPR
0.169286,2.2857,26.6667,15,FCC,0.217029,0.384774,0.7261657566529944,0.2896509851261112,0.2456052424974568,GPR
0.18,2.2857,26.6667,15,FCC,0.206188,0.452589,0.808840368709163,0.3210547697601771,0.2649826641710379,GPR
0.03,2.4643,26.6667,15,FCC,0.52289,0.503686,0.1374801134742816,0.0632812463452137,0.0637868067677611,GPR
0.040714,2.4643,26.6667,15,FCC,0.520293,0.808468,0.1649879445678289,0.0754201784422323,0.0752047928127203,GPR
0.051429,2.4643,26.6667,15,FCC,0.50473,0.317615,0.1942135868811069,0.0880541207830709,0.0868989325644335,GPR
0.062143,2.4643,26.6667,15,FCC,0.475138,0.334004,0.2253606054408146,0.1012346967659918,0.0988898714618153,GPR
0.072857,2.4643,26.6667,15,FCC,0.44039,0.810524,0.2586631025509222,0.1150417828998232,0.1112028391470513,GPR
0.083571,2.4643,26.6667,15,FCC,0.410038,0.573902,0.2943956970696346,0.1295571782350305,0.123867149400178,GPR
0.094286,2.4643,26.6667,15,FCC,0.384438,0.309075,0.3328996620684367,0.1448598699314488,0.1369224581143723,GPR
0.105,2.4643,26.6667,15,FCC,0.362044,0.355445,0.3745849046816351,0.1610305599164179,0.1504175003481171,GPR
0.115714,2.4643,26.6667,15,FCC,0.341918,0.700588,0.4199627859869457,0.1781871535626104,0.1644203397994739,GPR
0.126429,2.4643,26.6667,15,FCC,0.323359,0.555291,0.4696410663089002,0.1965188270301765,0.1790168005881504,GPR
0.137143,2.4643,26.6667,15,FCC,0.305639,0.319322,0.5243039847391655,0.2163199951475159,0.1943066440931763,GPR
0.147857,2.4643,26.6667,15,FCC,0.287844,0.32136,0.5847260058382591,0.2380301332969348,0.2104105791649196,GPR
0.158571,2.4643,26.6667,15,FCC,0.269351,0.523977,0.6517299791754321,0.2622353623203156,0.2274619707900609,GPR
0.169286,2.4643,26.6667,15,FCC,0.251669,0.548338,0.7261657566529944,0.2896509851261112,0.2456052424974568,GPR
0.18,2.4643,26.6667,15,FCC,0.236899,0.336438,0.808840368709163,0.3210547697601771,0.2649826641710379,GPR
0.03,2.6429,26.6667,15,FCC,0.503473,0.261858,0.1374801134742816,0.0632812463452137,0.0637868067677611,GPR
0.040714,2.6429,26.6667,15,FCC,0.514322,0.673792,0.1649879445678289,0.0754201784422323,0.0752047928127203,GPR
0.051429,2.6429,26.6667,15,FCC,0.511793,0.7219,0.1942135868811069,0.0880541207830709,0.0868989325644335,GPR
0.062143,2.6429,26.6667,15,FCC,0.49872,0.312061,0.2253606054408146,0.1012346967659918,0.0988898714618153,GPR
0.072857,2.6429,26.6667,15,FCC,0.474855,0.29376,0.2586631025509222,0.1150417828998232,0.1112028391470513,GPR
0.083571,2.6429,26.6667,15,FCC,0.445309,0.595325,0.2943956970696346,0.1295571782350305,0.123867149400178,GPR
0.094286,2.6429,26.6667,15,FCC,0.417569,0.843541,0.3328996620684367,0.1448598699314488,0.1369224581143723,GPR
0.105,2.6429,26.6667,15,FCC,0.393982,0.393749,0.3745849046816351,0.1610305599164179,0.1504175003481171,GPR
0.115714,2.6429,26.6667,15,FCC,0.373339,0.284395,0.4199627859869457,0.1781871535626104,0.1644203397994739,GPR
0.126429,2.6429,26.6667,15,FCC,0.354816,0.375543,0.4696410663089002,0.1965188270301765,0.1790168005881504,GPR
0.137143,2.6429,26.6667,15,FCC,0.337876,0.717967,0.5243039847391655,0.2163199951475159,0.1943066440931763,GPR
0.147857,2.6429,26.6667,15,FCC,0.322082,0.602772,0.5847260058382591,0.2380301332969348,0.2104105791649196,GPR
0.158571,2.6429,26.6667,15,FCC,0.306977,0.338553,0.6517299791754321,0.2622353623203156,0.2274619707900609,GPR
0.169286,2.6429,26.6667,15,FCC,0.291979,0.28632,0.7261657566529944,0.2896509851261112,0.2456052424974568,GPR
0.18,2.6429,26.6667,15,FCC,0.276428,0.387105,0.808840368709163,0.3210547697601771,0.2649826641710379,GPR
0.03,2.8214,26.6667,15,FCC,0.486127,0.242891,0.1374801134742816,0.0632812463452137,0.0637868067677611,GPR
0.040714,2.8214,26.6667,15,FCC,0.493919,0.291081,0.1649879445678289,0.0754201784422323,0.0752047928127203,GPR
0.051429,2.8214,26.6667,15,FCC,0.504517,0.772199,0.1942135868811069,0.0880541207830709,0.0868989325644335,GPR
0.062143,2.8214,26.6667,15,FCC,0.503932,0.7108,0.2253606054408146,0.1012346967659918,0.0988898714618153,GPR
0.072857,2.8214,26.6667,15,FCC,0.493531,0.320394,0.2586631025509222,0.1150417828998232,0.1112028391470513,GPR
0.083571,2.8214,26.6667,15,FCC,0.475271,0.265179,0.2943956970696346,0.1295571782350305,0.123867149400178,GPR
0.094286,2.8214,26.6667,15,FCC,0.450718,0.411131,0.3328996620684367,0.1448598699314488,0.1369224581143723,GPR
0.105,2.8214,26.6667,15,FCC,0.425379,0.889276,0.3745849046816351,0.1610305599164179,0.1504175003481171,GPR
0.115714,2.8214,26.6667,15,FCC,0.403263,0.6294,0.4199627859869457,0.1781871535626104,0.1644203397994739,GPR
0.126429,2.8214,26.6667,15,FCC,0.383941,0.330861,0.4696410663089002,0.1965188270301765,0.1790168005881504,GPR
0.137143,2.8214,26.6667,15,FCC,0.366636,0.273119,0.5243039847391655,0.2163199951475159,0.1943066440931763,GPR
0.147857,2.8214,26.6667,15,FCC,0.350857,0.363478,0.5847260058382591,0.2380301332969348,0.2104105791649196,GPR
0.158571,2.8214,26.6667,15,FCC,0.336265,0.676105,0.6517299791754321,0.2622353623203156,0.2274619707900609,GPR
0.169286,2.8214,26.6667,15,FCC,0.322575,0.706829,0.7261657566529944,0.2896509851261112,0.2456052424974568,GPR
0.18,2.8214,26.6667,15,FCC,0.309498,0.396913,0.808840368709163,0.3210547697601771,0.2649826641710379,GPR
0.03,3.0,26.6667,15,FCC,0.457437,0.325045,0.1374801134742816,0.0632812463452137,0.0637868067677611,GPR
0.040714,3.0,26.6667,15,FCC,0.484777,0.225367,0.1649879445678289,0.0754201784422323,0.0752047928127203,GPR
0.051429,3.0,26.6667,15,FCC,0.486479,0.314456,0.1942135868811069,0.0880541207830709,0.0868989325644335,GPR
0.062143,3.0,26.6667,15,FCC,0.495627,0.794706,0.2253606054408146,0.1012346967659918,0.0988898714618153,GPR
0.072857,3.0,26.6667,15,FCC,0.496482,0.754287,0.2586631025509222,0.1150417828998232,0.1112028391470513,GPR
0.083571,3.0,26.6667,15,FCC,0.487691,0.345719,0.2943956970696346,0.1295571782350305,0.123867149400178,GPR
0.094286,3.0,26.6667,15,FCC,0.47473,0.252547,0.3328996620684367,0.1448598699314488,0.1369224581143723,GPR
0.105,3.0,26.6667,15,FCC,0.455584,0.303772,0.3745849046816351,0.1610305599164179,0.1504175003481171,GPR
0.115714,3.0,26.6667,15,FCC,0.433347,0.586911,0.4199627859869457,0.1781871535626104,0.1644203397994739,GPR
0.126429,3.0,26.6667,15,FCC,0.412358,0.939086,0.4696410663089002,0.1965188270301765,0.1790168005881504,GPR
0.137143,3.0,26.6667,15,FCC,0.393987,0.522459,0.5243039847391655,0.2163199951475159,0.1943066440931763,GPR
0.147857,3.0,26.6667,15,FCC,0.377601,0.306361,0.5847260058382591,0.2380301332969348,0.2104105791649196,GPR
0.158571,3.0,26.6667,15,FCC,0.362704,0.261947,0.6517299791754321,0.2622353623203156,0.2274619707900609,GPR
0.169286,3.0,26.6667,15,FCC,0.348973,0.328605,0.7261657566529944,0.2896509851261112,0.2456052424974568,GPR
0.18,3.0,26.6667,15,FCC,0.336178,0.573475,0.808840368709163,0.3210547697601771,0.2649826641710379,GPR
0.03,0.5,30.0,15,FCC,0.027037,0.02635,0.1374801134742816,0.0632812463452137,0.0637868067677611,GPR
0.040714,0.5,30.0,15,FCC,0.020034,0.020148,0.1649879445678289,0.0754201784422323,0.0752047928127203,GPR
0.051429,0.5,30.0,15,FCC,0.015962,0.016323,0.1942135868811069,0.0880541207830709,0.0868989325644335,GPR
0.062143,0.5,30.0,15,FCC,0.013287,0.013723,0.2253606054408146,0.1012346967659918,0.0988898714618153,GPR
0.072857,0.5,30.0,15,FCC,0.011388,0.01184,0.2586631025509222,0.1150417828998232,0.1112028391470513,GPR
0.083571,0.5,30.0,15,FCC,0.009968,0.010412,0.2943956970696346,0.1295571782350305,0.123867149400178,GPR
0.094286,0.5,30.0,15,FCC,0.008865,0.009292,0.3328996620684367,0.1448598699314488,0.1369224581143723,GPR
0.105,0.5,30.0,15,FCC,0.007983,0.00839,0.3745849046816351,0.1610305599164179,0.1504175003481171,GPR
0.115714,0.5,30.0,15,FCC,0.007262,0.007647,0.4199627859869457,0.1781871535626104,0.1644203397994739,GPR
0.126429,0.5,30.0,15,FCC,0.00666,0.007026,0.4696410663089002,0.1965188270301765,0.1790168005881504,GPR
0.137143,0.5,30.0,15,FCC,0.006151,0.006498,0.5243039847391655,0.2163199951475159,0.1943066440931763,GPR
0.147857,0.5,30.0,15,FCC,0.005714,0.006044,0.5847260058382591,0.2380301332969348,0.2104105791649196,GPR
0.158571,0.5,30.0,15,FCC,0.005335,0.005649,0.6517299791754321,0.2622353623203156,0.2274619707900609,GPR
0.169286,0.5,30.0,15,FCC,0.005004,0.005303,0.7261657566529944,0.2896509851261112,0.2456052424974568,GPR
0.18,0.5,30.0,15,FCC,0.004711,0.004996,0.808840368709163,0.3210547697601771,0.2649826641710379,GPR
0.03,0.6786,30.0,15,FCC,0.04858,0.03725,0.1374801134742816,0.0632812463452137,0.0637868067677611,GPR
0.040714,0.6786,30.0,15,FCC,0.033829,0.027794,0.1649879445678289,0.0754201784422323,0.0752047928127203,GPR
0.051429,0.6786,30.0,15,FCC,0.025324,0.022262,0.1942135868811069,0.0880541207830709,0.0868989325644335,GPR
0.062143,0.6786,30.0,15,FCC,0.020129,0.018598,0.2253606054408146,0.1012346967659918,0.0988898714618153,GPR
0.072857,0.6786,30.0,15,FCC,0.016746,0.015983,0.2586631025509222,0.1150417828998232,0.1112028391470513,GPR
0.083571,0.6786,30.0,15,FCC,0.014382,0.014018,0.2943956970696346,0.1295571782350305,0.123867149400178,GPR
0.094286,0.6786,30.0,15,FCC,0.012628,0.012487,0.3328996620684367,0.1448598699314488,0.1369224581143723,GPR
0.105,0.6786,30.0,15,FCC,0.01127,0.011259,0.3745849046816351,0.1610305599164179,0.1504175003481171,GPR
0.115714,0.6786,30.0,15,FCC,0.010183,0.010252,0.4199627859869457,0.1781871535626104,0.1644203397994739,GPR
0.126429,0.6786,30.0,15,FCC,0.009292,0.009411,0.4696410663089002,0.1965188270301765,0.1790168005881504,GPR
0.137143,0.6786,30.0,15,FCC,0.008548,0.008698,0.5243039847391655,0.2163199951475159,0.1943066440931763,GPR
0.147857,0.6786,30.0,15,FCC,0.007915,0.008086,0.5847260058382591,0.2380301332969348,0.2104105791649196,GPR
0.158571,0.6786,30.0,15,FCC,0.007371,0.007555,0.6517299791754321,0.2622353623203156,0.2274619707900609,GPR
0.169286,0.6786,30.0,15,FCC,0.006898,0.007089,0.7261657566529944,0.2896509851261112,0.2456052424974568,GPR
0.18,0.6786,30.0,15,FCC,0.006482,0.006677,0.808840368709163,0.3210547697601771,0.2649826641710379,GPR
0.03,0.8571,30.0,15,FCC,0.083491,0.057426,0.1374801134742816,0.0632812463452137,0.0637868067677611,GPR
0.040714,0.8571,30.0,15,FCC,0.059718,0.039077,0.1649879445678289,0.0754201784422323,0.0752047928127203,GPR
0.051429,0.8571,30.0,15,FCC,0.0446,0.030124,0.1942135868811069,0.0880541207830709,0.0868989325644335,GPR
0.062143,0.8571,30.0,15,FCC,0.034443,0.024658,0.2253606054408146,0.1012346967659918,0.0988898714618153,GPR
0.072857,0.8571,30.0,15,FCC,0.02738,0.020929,0.2586631025509222,0.1150417828998232,0.1112028391470513,GPR
0.083571,0.8571,30.0,15,FCC,0.02237,0.018205,0.2943956970696346,0.1295571782350305,0.123867149400178,GPR
0.094286,0.8571,30.0,15,FCC,0.018776,0.016121,0.3328996620684367,0.1448598699314488,0.1369224581143723,GPR
0.105,0.8571,30.0,15,FCC,0.016167,0.014472,0.3745849046816351,0.1610305599164179,0.1504175003481171,GPR
0.115714,0.8571,30.0,15,FCC,0.01423,0.013134,0.4199627859869457,0.1781871535626104,0.1644203397994739,GPR
0.126429,0.8571,30.0,15,FCC,0.012743,0.012024,0.4696410663089002,0.1965188270301765,0.1790168005881504,GPR
0.137143,0.8571,30.0,15,FCC,0.011562,0.011089,0.5243039847391655,0.2163199951475159,0.1943066440931763,GPR
0.147857,0.8571,30.0,15,FCC,0.010596,0.01029,0.5847260058382591,0.2380301332969348,0.2104105791649196,GPR
0.158571,0.8571,30.0,15,FCC,0.009789,0.0096,0.6517299791754321,0.2622353623203156,0.2274619707900609,GPR
0.169286,0.8571,30.0,15,FCC,0.009102,0.008996,0.7261657566529944,0.2896509851261112,0.2456052424974568,GPR
0.18,0.8571,30.0,15,FCC,0.00851,0.008465,0.808840368709163,0.3210547697601771,0.2649826641710379,GPR
0.03,1.0357,30.0,15,FCC,0.127437,0.141238,0.1374801134742816,0.0632812463452137,0.0637868067677611,GPR
0.040714,1.0357,30.0,15,FCC,0.094859,0.064289,0.1649879445678289,0.0754201784422323,0.0752047928127203,GPR
0.051429,1.0357,30.0,15,FCC,0.073353,0.043534,0.1942135868811069,0.0880541207830709,0.0868989325644335,GPR
0.062143,1.0357,30.0,15,FCC,0.058066,0.033696,0.2253606054408146,0.1012346967659918,0.0988898714618153,GPR
0.072857,1.0357,30.0,15,FCC,0.046834,0.02774,0.2586631025509222,0.1150417828998232,0.1112028391470513,GPR
0.083571,1.0357,30.0,15,FCC,0.038386,0.023674,0.2943956970696346,0.1295571782350305,0.123867149400178,GPR
0.094286,1.0357,30.0,15,FCC,0.031877,0.020696,0.3328996620684367,0.1448598699314488,0.1369224581143723,GPR
0.105,1.0357,30.0,15,FCC,0.026808,0.018408,0.3745849046816351,0.1610305599164179,0.1504175003481171,GPR
0.115714,1.0357,30.0,15,FCC,0.022819,0.01659,0.4199627859869457,0.1781871535626104,0.1644203397994739,GPR
0.126429,1.0357,30.0,15,FCC,0.019667,0.015107,0.4696410663089002,0.1965188270301765,0.1790168005881504,GPR
0.137143,1.0357,30.0,15,FCC,0.017174,0.013873,0.5243039847391655,0.2163199951475159,0.1943066440931763,GPR
0.147857,1.0357,30.0,15,FCC,0.015205,0.012828,0.5847260058382591,0.2380301332969348,0.2104105791649196,GPR
0.158571,1.0357,30.0,15,FCC,0.013647,0.011933,0.6517299791754321,0.2622353623203156,0.2274619707900609,GPR
0.169286,1.0357,30.0,15,FCC,0.012404,0.011155,0.7261657566529944,0.2896509851261112,0.2456052424974568,GPR
0.18,1.0357,30.0,15,FCC,0.011395,0.010474,0.808840368709163,0.3210547697601771,0.2649826641710379,GPR
0.03,1.2143,30.0,15,FCC,0.17628,0.296781,0.1374801134742816,0.0632812463452137,0.0637868067677611,GPR
0.040714,1.2143,30.0,15,FCC,0.136477,0.182682,0.1649879445678289,0.0754201784422323,0.0752047928127203,GPR
0.051429,1.2143,30.0,15,FCC,0.108724,0.083804,0.1942135868811069,0.0880541207830709,0.0868989325644335,GPR
0.062143,1.2143,30.0,15,FCC,0.088364,0.052151,0.2253606054408146,0.1012346967659918,0.0988898714618153,GPR
0.072857,1.2143,30.0,15,FCC,0.073177,0.039265,0.2586631025509222,0.1150417828998232,0.1112028391470513,GPR
0.083571,1.2143,30.0,15,FCC,0.06114,0.031974,0.2943956970696346,0.1295571782350305,0.123867149400178,GPR
0.094286,1.2143,30.0,15,FCC,0.051811,0.027162,0.3328996620684367,0.1448598699314488,0.1369224581143723,GPR
0.105,1.2143,30.0,15,FCC,0.044156,0.0237,0.3745849046816351,0.1610305599164179,0.1504175003481171,GPR
0.115714,1.2143,30.0,15,FCC,0.037978,0.021068,0.4199627859869457,0.1781871535626104,0.1644203397994739,GPR
0.126429,1.2143,30.0,15,FCC,0.032862,0.01899,0.4696410663089002,0.1965188270301765,0.1790168005881504,GPR
0.137143,1.2143,30.0,15,FCC,0.028608,0.017301,0.5243039847391655,0.2163199951475159,0.1943066440931763,GPR
0.147857,1.2143,30.0,15,FCC,0.025058,0.015898,0.5847260058382591,0.2380301332969348,0.2104105791649196,GPR
0.158571,1.2143,30.0,15,FCC,0.022072,0.014712,0.6517299791754321,0.2622353623203156,0.2274619707900609,GPR
0.169286,1.2143,30.0,15,FCC,0.019563,0.013696,0.7261657566529944,0.2896509851261112,0.2456052424974568,GPR
0.18,1.2143,30.0,15,FCC,0.01745,0.012814,0.808840368709163,0.3210547697601771,0.2649826641710379,GPR
0.03,1.3929,30.0,15,FCC,0.227821,0.38994,0.1374801134742816,0.0632812463452137,0.0637868067677611,GPR
0.040714,1.3929,30.0,15,FCC,0.182621,0.304474,0.1649879445678289,0.0754201784422323,0.0752047928127203,GPR
0.051429,1.3929,30.0,15,FCC,0.147785,0.231638,0.1942135868811069,0.0880541207830709,0.0868989325644335,GPR
0.062143,1.3929,30.0,15,FCC,0.124196,0.136076,0.2253606054408146,0.1012346967659918,0.0988898714618153,GPR
0.072857,1.3929,30.0,15,FCC,0.104271,0.071472,0.2586631025509222,0.1150417828998232,0.1112028391470513,GPR
0.083571,1.3929,30.0,15,FCC,0.088868,0.049045,0.2943956970696346,0.1295571782350305,0.123867149400178,GPR
0.094286,1.3929,30.0,15,FCC,0.076955,0.038418,0.3328996620684367,0.1448598699314488,0.1369224581143723,GPR
0.105,1.3929,30.0,15,FCC,0.066583,0.032003,0.3745849046816351,0.1610305599164179,0.1504175003481171,GPR
0.115714,1.3929,30.0,15,FCC,0.058115,0.027615,0.4199627859869457,0.1781871535626104,0.1644203397994739,GPR
0.126429,1.3929,30.0,15,FCC,0.051194,0.024382,0.4696410663089002,0.1965188270301765,0.1790168005881504,GPR
0.137143,1.3929,30.0,15,FCC,0.045132,0.02188,0.5243039847391655,0.2163199951475159,0.1943066440931763,GPR
0.147857,1.3929,30.0,15,FCC,0.039961,0.019875,0.5847260058382591,0.2380301332969348,0.2104105791649196,GPR
0.158571,1.3929,30.0,15,FCC,0.035597,0.018227,0.6517299791754321,0.2622353623203156,0.2274619707900609,GPR
0.169286,1.3929,30.0,15,FCC,0.031773,0.016845,0.7261657566529944,0.2896509851261112,0.2456052424974568,GPR
0.18,1.3929,30.0,15,FCC,0.028437,0.015666,0.808840368709163,0.3210547697601771,0.2649826641710379,GPR
0.03,1.5714,30.0,15,FCC,0.277308,0.456083,0.1374801134742816,0.0632812463452137,0.0637868067677611,GPR
0.040714,1.5714,30.0,15,FCC,0.22858,0.413782,0.1649879445678289,0.0754201784422323,0.0752047928127203,GPR
0.051429,1.5714,30.0,15,FCC,0.192992,0.34721,0.1942135868811069,0.0880541207830709,0.0868989325644335,GPR
0.062143,1.5714,30.0,15,FCC,0.161241,0.275979,0.2253606054408146,0.1012346967659918,0.0988898714618153,GPR
0.072857,1.5714,30.0,15,FCC,0.138702,0.204855,0.2586631025509222,0.1150417828998232,0.1112028391470513,GPR
0.083571,1.5714,30.0,15,FCC,0.121463,0.127142,0.2943956970696346,0.1295571782350305,0.123867149400178,GPR
0.094286,1.5714,30.0,15,FCC,0.105717,0.071777,0.3328996620684367,0.1448598699314488,0.1369224581143723,GPR
0.105,1.5714,30.0,15,FCC,0.092497,0.050224,0.3745849046816351,0.1610305599164179,0.1504175003481171,GPR
0.115714,1.5714,30.0,15,FCC,0.082362,0.039706,0.4199627859869457,0.1781871535626104,0.1644203397994739,GPR
0.126429,1.5714,30.0,15,FCC,0.073626,0.033301,0.4696410663089002,0.1965188270301765,0.1790168005881504,GPR
0.137143,1.5714,30.0,15,FCC,0.065546,0.028896,0.5243039847391655,0.2163199951475159,0.1943066440931763,GPR
0.147857,1.5714,30.0,15,FCC,0.058671,0.025637,0.5847260058382591,0.2380301332969348,0.2104105791649196,GPR
0.158571,1.5714,30.0,15,FCC,0.053007,0.023105,0.6517299791754321,0.2622353623203156,0.2274619707900609,GPR
0.169286,1.5714,30.0,15,FCC,0.047982,0.021068,0.7261657566529944,0.2896509851261112,0.2456052424974568,GPR
0.18,1.5714,30.0,15,FCC,0.043354,0.019387,0.808840368709163,0.3210547697601771,0.2649826641710379,GPR
0.03,1.75,30.0,15,FCC,0.333759,0.373635,0.1374801134742816,0.0632812463452137,0.0637868067677611,GPR
0.040714,1.75,30.0,15,FCC,0.273342,0.443585,0.1649879445678289,0.0754201784422323,0.0752047928127203,GPR
0.051429,1.75,30.0,15,FCC,0.233576,0.47175,0.1942135868811069,0.0880541207830709,0.0868989325644335,GPR
0.062143,1.75,30.0,15,FCC,0.204256,0.359543,0.2253606054408146,0.1012346967659918,0.0988898714618153,GPR
0.072857,1.75,30.0,15,FCC,0.177337,0.29427,0.2586631025509222,0.1150417828998232,0.1112028391470513,GPR
0.083571,1.75,30.0,15,FCC,0.153641,0.25356,0.2943956970696346,0.1295571782350305,0.123867149400178,GPR
0.094286,1.75,30.0,15,FCC,0.136666,0.202391,0.3328996620684367,0.1448598699314488,0.1369224581143723,GPR
0.105,1.75,30.0,15,FCC,0.123019,0.138896,0.3745849046816351,0.1610305599164179,0.1504175003481171,GPR
0.115714,1.75,30.0,15,FCC,0.11027,0.081858,0.4199627859869457,0.1781871535626104,0.1644203397994739,GPR
0.126429,1.75,30.0,15,FCC,0.098246,0.055498,0.4696410663089002,0.1965188270301765,0.1790168005881504,GPR
0.137143,1.75,30.0,15,FCC,0.088581,0.043167,0.5243039847391655,0.2163199951475159,0.1943066440931763,GPR
0.147857,1.75,30.0,15,FCC,0.080839,0.035939,0.5847260058382591,0.2380301332969348,0.2104105791649196,GPR
0.158571,1.75,30.0,15,FCC,0.073935,0.031082,0.6517299791754321,0.2622353623203156,0.2274619707900609,GPR
0.169286,1.75,30.0,15,FCC,0.067291,0.027539,0.7261657566529944,0.2896509851261112,0.2456052424974568,GPR
0.18,1.75,30.0,15,FCC,0.061179,0.024811,0.808840368709163,0.3210547697601771,0.2649826641710379,GPR
0.03,1.9286,30.0,15,FCC,0.377817,0.73898,0.1374801134742816,0.0632812463452137,0.0637868067677611,GPR
0.040714,1.9286,30.0,15,FCC,0.325655,0.362317,0.1649879445678289,0.0754201784422323,0.0752047928127203,GPR
0.051429,1.9286,30.0,15,FCC,0.275647,0.499438,0.1942135868811069,0.0880541207830709,0.0868989325644335,GPR
0.062143,1.9286,30.0,15,FCC,0.240746,0.428527,0.2253606054408146,0.1012346967659918,0.0988898714618153,GPR
0.072857,1.9286,30.0,15,FCC,0.215239,0.334344,0.2586631025509222,0.1150417828998232,0.1112028391470513,GPR
0.083571,1.9286,30.0,15,FCC,0.193134,0.377414,0.2943956970696346,0.1295571782350305,0.123867149400178,GPR
0.094286,1.9286,30.0,15,FCC,0.171238,0.296139,0.3328996620684367,0.1448598699314488,0.1369224581143723,GPR
0.105,1.9286,30.0,15,FCC,0.152104,0.251578,0.3745849046816351,0.1610305599164179,0.1504175003481171,GPR
0.115714,1.9286,30.0,15,FCC,0.137991,0.215092,0.4199627859869457,0.1781871535626104,0.1644203397994739,GPR
0.126429,1.9286,30.0,15,FCC,0.126581,0.163126,0.4696410663089002,0.1965188270301765,0.1790168005881504,GPR
0.137143,1.9286,30.0,15,FCC,0.116182,0.106406,0.5243039847391655,0.2163199951475159,0.1943066440931763,GPR
0.147857,1.9286,30.0,15,FCC,0.105825,0.067793,0.5847260058382591,0.2380301332969348,0.2104105791649196,GPR
0.158571,1.9286,30.0,15,FCC,0.096075,0.05002,0.6517299791754321,0.2622353623203156,0.2274619707900609,GPR
0.169286,1.9286,30.0,15,FCC,0.088155,0.040537,0.7261657566529944,0.2896509851261112,0.2456052424974568,GPR
0.18,1.9286,30.0,15,FCC,0.081718,0.034543,0.808840368709163,0.3210547697601771,0.2649826641710379,GPR
0.03,2.1071,30.0,15,FCC,0.414676,0.33897,0.1374801134742816,0.0632812463452137,0.0637868067677611,GPR
0.040714,2.1071,30.0,15,FCC,0.366676,0.780161,0.1649879445678289,0.0754201784422323,0.0752047928127203,GPR
0.051429,2.1071,30.0,15,FCC,0.32429,0.344728,0.1942135868811069,0.0880541207830709,0.0868989325644335,GPR
0.062143,2.1071,30.0,15,FCC,0.281781,0.611571,0.2253606054408146,0.1012346967659918,0.0988898714618153,GPR
0.072857,2.1071,30.0,15,FCC,0.249315,0.337785,0.2586631025509222,0.1150417828998232,0.1112028391470513,GPR
0.083571,2.1071,30.0,15,FCC,0.225952,0.478007,0.2943956970696346,0.1295571782350305,0.123867149400178,GPR
0.094286,2.1071,30.0,15,FCC,0.206629,0.31962,0.3328996620684367,0.1448598699314488,0.1369224581143723,GPR
0.105,2.1071,30.0,15,FCC,0.188755,0.363133,0.3745849046816351,0.1610305599164179,0.1504175003481171,GPR
0.115714,2.1071,30.0,15,FCC,0.170499,0.292504,0.4199627859869457,0.1781871535626104,0.1644203397994739,GPR
0.126429,2.1071,30.0,15,FCC,0.153864,0.264909,0.4696410663089002,0.1965188270301765,0.1790168005881504,GPR
0.137143,2.1071,30.0,15,FCC,0.14122,0.237629,0.5243039847391655,0.2163199951475159,0.1943066440931763,GPR
0.147857,2.1071,30.0,15,FCC,0.131129,0.189364,0.5847260058382591,0.2380301332969348,0.2104105791649196,GPR
0.158571,2.1071,30.0,15,FCC,0.122275,0.144168,0.6517299791754321,0.2622353623203156,0.2274619707900609,GPR
0.169286,2.1071,30.0,15,FCC,0.113817,0.096142,0.7261657566529944,0.2896509851261112,0.2456052424974568,GPR
0.18,2.1071,30.0,15,FCC,0.105188,0.064498,0.808840368709163,0.3210547697601771,0.2649826641710379,GPR
0.03,2.2857,30.0,15,FCC,0.448213,0.763381,0.1374801134742816,0.0632812463452137,0.0637868067677611,GPR
0.040714,2.2857,30.0,15,FCC,0.400654,0.334539,0.1649879445678289,0.0754201784422323,0.0752047928127203,GPR
0.051429,2.2857,30.0,15,FCC,0.361665,0.789541,0.1942135868811069,0.0880541207830709,0.0868989325644335,GPR
0.062143,2.2857,30.0,15,FCC,0.326525,0.331321,0.2253606054408146,0.1012346967659918,0.0988898714618153,GPR
0.072857,2.2857,30.0,15,FCC,0.290532,0.613631,0.2586631025509222,0.1150417828998232,0.1112028391470513,GPR
0.083571,2.2857,30.0,15,FCC,0.259177,0.365513,0.2943956970696346,0.1295571782350305,0.123867149400178,GPR
0.094286,2.2857,30.0,15,FCC,0.236656,0.416073,0.3328996620684367,0.1448598699314488,0.1369224581143723,GPR
0.105,2.2857,30.0,15,FCC,0.218722,0.404823,0.3745849046816351,0.1610305599164179,0.1504175003481171,GPR
0.115714,2.2857,30.0,15,FCC,0.203069,0.322176,0.4199627859869457,0.1781871535626104,0.1644203397994739,GPR
0.126429,2.2857,30.0,15,FCC,0.188251,0.377879,0.4696410663089002,0.1965188270301765,0.1790168005881504,GPR
0.137143,2.2857,30.0,15,FCC,0.172943,0.278778,0.5243039847391655,0.2163199951475159,0.1943066440931763,GPR
0.147857,2.2857,30.0,15,FCC,0.157908,0.302839,0.5847260058382591,0.2380301332969348,0.2104105791649196,GPR
0.158571,2.2857,30.0,15,FCC,0.145816,0.239432,0.6517299791754321,0.2622353623203156,0.2274619707900609,GPR
0.169286,2.2857,30.0,15,FCC,0.136328,0.221962,0.7261657566529944,0.2896509851261112,0.2456052424974568,GPR
0.18,2.2857,30.0,15,FCC,0.128305,0.182966,0.808840368709163,0.3210547697601771,0.2649826641710379,GPR
0.03,2.4643,30.0,15,FCC,0.479828,0.541645,0.1374801134742816,0.0632812463452137,0.0637868067677611,GPR
0.040714,2.4643,30.0,15,FCC,0.431412,0.525473,0.1649879445678289,0.0754201784422323,0.0752047928127203,GPR
0.051429,2.4643,30.0,15,FCC,0.392854,0.334237,0.1942135868811069,0.0880541207830709,0.0868989325644335,GPR
0.062143,2.4643,30.0,15,FCC,0.360157,0.822956,0.2253606054408146,0.1012346967659918,0.0988898714618153,GPR
0.072857,2.4643,30.0,15,FCC,0.330503,0.346562,0.2586631025509222,0.1150417828998232,0.1112028391470513,GPR
0.083571,2.4643,30.0,15,FCC,0.300535,0.437338,0.2943956970696346,0.1295571782350305,0.123867149400178,GPR
0.094286,2.4643,30.0,15,FCC,0.270636,0.563161,0.3328996620684367,0.1448598699314488,0.1369224581143723,GPR
0.105,2.4643,30.0,15,FCC,0.247741,0.310743,0.3745849046816351,0.1610305599164179,0.1504175003481171,GPR
0.115714,2.4643,30.0,15,FCC,0.230234,0.48506,0.4199627859869457,0.1781871535626104,0.1644203397994739,GPR
0.126429,2.4643,30.0,15,FCC,0.215541,0.381841,0.4696410663089002,0.1965188270301765,0.1790168005881504,GPR
0.137143,2.4643,30.0,15,FCC,0.202402,0.30767,0.5243039847391655,0.2163199951475159,0.1943066440931763,GPR
0.147857,2.4643,30.0,15,FCC,0.189931,0.412307,0.5847260058382591,0.2380301332969348,0.2104105791649196,GPR
0.158571,2.4643,30.0,15,FCC,0.177178,0.280586,0.6517299791754321,0.2622353623203156,0.2274619707900609,GPR
0.169286,2.4643,30.0,15,FCC,0.163806,0.30963,0.7261657566529944,0.2896509851261112,0.2456052424974568,GPR
0.18,2.4643,30.0,15,FCC,0.151761,0.268403,0.808840368709163,0.3210547697601771,0.2649826641710379,GPR
0.03,2.6429,30.0,15,FCC,0.501628,0.279394,0.1374801134742816,0.0632812463452137,0.0637868067677611,GPR
0.040714,2.6429,30.0,15,FCC,0.460615,0.813281,0.1649879445678289,0.0754201784422323,0.0752047928127203,GPR
0.051429,2.6429,30.0,15,FCC,0.421143,0.437997,0.1942135868811069,0.0880541207830709,0.0868989325644335,GPR
0.062143,2.6429,30.0,15,FCC,0.388743,0.318854,0.2253606054408146,0.1012346967659918,0.0988898714618153,GPR
0.072857,2.6429,30.0,15,FCC,0.360684,0.802921,0.2586631025509222,0.1150417828998232,0.1112028391470513,GPR
0.083571,2.6429,30.0,15,FCC,0.335193,0.417444,0.2943956970696346,0.1295571782350305,0.123867149400178,GPR
0.094286,2.6429,30.0,15,FCC,0.310206,0.319077,0.3328996620684367,0.1448598699314488,0.1369224581143723,GPR
0.105,2.6429,30.0,15,FCC,0.283709,0.649758,0.3745849046816351,0.1610305599164179,0.1504175003481171,GPR
0.115714,2.6429,30.0,15,FCC,0.259849,0.422066,0.4199627859869457,0.1781871535626104,0.1644203397994739,GPR
0.126429,2.6429,30.0,15,FCC,0.241771,0.30385,0.4696410663089002,0.1965188270301765,0.1790168005881504,GPR
0.137143,2.6429,30.0,15,FCC,0.227257,0.505641,0.5243039847391655,0.2163199951475159,0.1943066440931763,GPR
0.147857,2.6429,30.0,15,FCC,0.214744,0.401735,0.5847260058382591,0.2380301332969348,0.2104105791649196,GPR
0.158571,2.6429,30.0,15,FCC,0.203435,0.287304,0.6517299791754321,0.2622353623203156,0.2274619707900609,GPR
0.169286,2.6429,30.0,15,FCC,0.192759,0.404474,0.7261657566529944,0.2896509851261112,0.2456052424974568,GPR
0.18,2.6429,30.0,15,FCC,0.182108,0.338678,0.808840368709163,0.3210547697601771,0.2649826641710379,GPR
0.03,2.8214,30.0,15,FCC,0.506849,0.34679,0.1374801134742816,0.0632812463452137,0.0637868067677611,GPR
0.040714,2.8214,30.0,15,FCC,0.484995,0.30858,0.1649879445678289,0.0754201784422323,0.0752047928127203,GPR
0.051429,2.8214,30.0,15,FCC,0.447984,0.947107,0.1942135868811069,0.0880541207830709,0.0868989325644335,GPR
0.062143,2.8214,30.0,15,FCC,0.414824,0.411576,0.2253606054408146,0.1012346967659918,0.0988898714618153,GPR
0.072857,2.8214,30.0,15,FCC,0.386909,0.295676,0.2586631025509222,0.1150417828998232,0.1112028391470513,GPR
0.083571,2.8214,30.0,15,FCC,0.362387,0.661178,0.2943956970696346,0.1295571782350305,0.123867149400178,GPR
0.094286,2.8214,30.0,15,FCC,0.340085,0.584245,0.3328996620684367,0.1448598699314488,0.1369224581143723,GPR
0.105,2.8214,30.0,15,FCC,0.318782,0.298935,0.3745849046816351,0.1610305599164179,0.1504175003481171,GPR
0.115714,2.8214,30.0,15,FCC,0.296736,0.394094,0.4199627859869457,0.1781871535626104,0.1644203397994739,GPR
0.126429,2.8214,30.0,15,FCC,0.273674,0.702016,0.4696410663089002,0.1965188270301765,0.1790168005881504,GPR
0.137143,2.8214,30.0,15,FCC,0.254092,0.369028,0.5243039847391655,0.2163199951475159,0.1943066440931763,GPR
0.147857,2.8214,30.0,15,FCC,0.238909,0.295276,0.5847260058382591,0.2380301332969348,0.2104105791649196,GPR
0.158571,2.8214,30.0,15,FCC,0.226376,0.484259,0.6517299791754321,0.2622353623203156,0.2274619707900609,GPR
0.169286,2.8214,30.0,15,FCC,0.215421,0.466111,0.7261657566529944,0.2896509851261112,0.2456052424974568,GPR
0.18,2.8214,30.0,15,FCC,0.205476,0.286837,0.808840368709163,0.3210547697601771,0.2649826641710379,GPR
0.03,3.0,30.0,15,FCC,0.503297,0.725794,0.1374801134742816,0.0632812463452137,0.0637868067677611,GPR
0.040714,3.0,30.0,15,FCC,0.496879,0.272537,0.1649879445678289,0.0754201784422323,0.0752047928127203,GPR
0.051429,3.0,30.0,15,FCC,0.472217,0.350167,0.1942135868811069,0.0880541207830709,0.0868989325644335,GPR
0.062143,3.0,30.0,15,FCC,0.439625,0.977716,0.2253606054408146,0.1012346967659918,0.0988898714618153,GPR
0.072857,3.0,30.0,15,FCC,0.41102,0.418404,0.2586631025509222,0.1150417828998232,0.1112028391470513,GPR
0.083571,3.0,30.0,15,FCC,0.386508,0.276231,0.2943956970696346,0.1295571782350305,0.123867149400178,GPR
0.094286,3.0,30.0,15,FCC,0.364756,0.479057,0.3328996620684367,0.1448598699314488,0.1369224581143723,GPR
0.105,3.0,30.0,15,FCC,0.344936,0.829003,0.3745849046816351,0.1610305599164179,0.1504175003481171,GPR
0.115714,3.0,30.0,15,FCC,0.326296,0.370009,0.4199627859869457,0.1781871535626104,0.1644203397994739,GPR
0.126429,3.0,30.0,15,FCC,0.307828,0.284593,0.4696410663089002,0.1965188270301765,0.1790168005881504,GPR
0.137143,3.0,30.0,15,FCC,0.288198,0.473278,0.5243039847391655,0.2163199951475159,0.1943066440931763,GPR
0.147857,3.0,30.0,15,FCC,0.268141,0.689911,0.5847260058382591,0.2380301332969348,0.2104105791649196,GPR
0.158571,3.0,30.0,15,FCC,0.251323,0.357874,0.6517299791754321,0.2622353623203156,0.2274619707900609,GPR
0.169286,3.0,30.0,15,FCC,0.238003,0.280743,0.7261657566529944,0.2896509851261112,0.2456052424974568,GPR
0.18,3.0,30.0,15,FCC,0.226852,0.419194,0.808840368709163,0.3210547697601771,0.2649826641710379,GPR
0.03,0.5,33.3333,15,FCC,0.018509,0.018806,0.1374801134742816,0.0632812463452137,0.0637868067677611,GPR
0.040714,0.5,33.3333,15,FCC,0.014011,0.014476,0.1649879445678289,0.0754201784422323,0.0752047928127203,GPR
0.051429,0.5,33.3333,15,FCC,0.011291,0.01177,0.1942135868811069,0.0880541207830709,0.0868989325644335,GPR
0.062143,0.5,33.3333,15,FCC,0.009461,0.009917,0.2253606054408146,0.1012346967659918,0.0988898714618153,GPR
0.072857,0.5,33.3333,15,FCC,0.008145,0.008569,0.2586631025509222,0.1150417828998232,0.1112028391470513,GPR
0.083571,0.5,33.3333,15,FCC,0.007151,0.007543,0.2943956970696346,0.1295571782350305,0.123867149400178,GPR
0.094286,0.5,33.3333,15,FCC,0.006374,0.006737,0.3328996620684367,0.1448598699314488,0.1369224581143723,GPR
0.105,0.5,33.3333,15,FCC,0.005749,0.006087,0.3745849046816351,0.1610305599164179,0.1504175003481171,GPR
0.115714,0.5,33.3333,15,FCC,0.005237,0.005551,0.4199627859869457,0.1781871535626104,0.1644203397994739,GPR
0.126429,0.5,33.3333,15,FCC,0.004808,0.005102,0.4696410663089002,0.1965188270301765,0.1790168005881504,GPR
0.137143,0.5,33.3333,15,FCC,0.004444,0.00472,0.5243039847391655,0.2163199951475159,0.1943066440931763,GPR
0.147857,0.5,33.3333,15,FCC,0.004132,0.004391,0.5847260058382591,0.2380301332969348,0.2104105791649196,GPR
0.158571,0.5,33.3333,15,FCC,0.00386,0.004106,0.6517299791754321,0.2622353623203156,0.2274619707900609,GPR
0.169286,0.5,33.3333,15,FCC,0.003622,0.003855,0.7261657566529944,0.2896509851261112,0.2456052424974568,GPR
0.18,0.5,33.3333,15,FCC,0.003412,0.003633,0.808840368709163,0.3210547697601771,0.2649826641710379,GPR
0.03,0.6786,33.3333,15,FCC,0.02902,0.025025,0.1374801134742816,0.0632812463452137,0.0637868067677611,GPR
0.040714,0.6786,33.3333,15,FCC,0.020576,0.019192,0.1649879445678289,0.0754201784422323,0.0752047928127203,GPR
0.051429,0.6786,33.3333,15,FCC,0.016055,0.015588,0.1942135868811069,0.0880541207830709,0.0868989325644335,GPR
0.062143,0.6786,33.3333,15,FCC,0.013234,0.013132,0.2253606054408146,0.1012346967659918,0.0988898714618153,GPR
0.072857,0.6786,33.3333,15,FCC,0.011285,0.011348,0.2586631025509222,0.1150417828998232,0.1112028391470513,GPR
0.083571,0.6786,33.3333,15,FCC,0.009848,0.009993,0.2943956970696346,0.1295571782350305,0.123867149400178,GPR
0.094286,0.6786,33.3333,15,FCC,0.008742,0.008927,0.3328996620684367,0.1448598699314488,0.1369224581143723,GPR
0.105,0.6786,33.3333,15,FCC,0.007863,0.008068,0.3745849046816351,0.1610305599164179,0.1504175003481171,GPR
0.115714,0.6786,33.3333,15,FCC,0.007146,0.007359,0.4199627859869457,0.1781871535626104,0.1644203397994739,GPR
0.126429,0.6786,33.3333,15,FCC,0.00655,0.006766,0.4696410663089002,0.1965188270301765,0.1790168005881504,GPR
0.137143,0.6786,33.3333,15,FCC,0.006046,0.006261,0.5243039847391655,0.2163199951475159,0.1943066440931763,GPR
0.147857,0.6786,33.3333,15,FCC,0.005615,0.005826,0.5847260058382591,0.2380301332969348,0.2104105791649196,GPR
0.158571,0.6786,33.3333,15,FCC,0.005242,0.005448,0.6517299791754321,0.2622353623203156,0.2274619707900609,GPR
0.169286,0.6786,33.3333,15,FCC,0.004915,0.005115,0.7261657566529944,0.2896509851261112,0.2456052424974568,GPR
0.18,0.6786,33.3333,15,FCC,0.004627,0.004822,0.808840368709163,0.3210547697601771,0.2649826641710379,GPR
0.03,0.8571,33.3333,15,FCC,0.049979,0.03309,0.1374801134742816,0.0632812463452137,0.0637868067677611,GPR
0.040714,0.8571,33.3333,15,FCC,0.034004,0.024793,0.1649879445678289,0.0754201784422323,0.0752047928127203,GPR
0.051429,0.8571,33.3333,15,FCC,0.024686,0.019921,0.1942135868811069,0.0880541207830709,0.0868989325644335,GPR
0.062143,0.8571,33.3333,15,FCC,0.019073,0.016683,0.2253606054408146,0.1012346967659918,0.0988898714618153,GPR
0.072857,0.8571,33.3333,15,FCC,0.015584,0.014364,0.2586631025509222,0.1150417828998232,0.1112028391470513,GPR
0.083571,0.8571,33.3333,15,FCC,0.013259,0.012617,0.2943956970696346,0.1295571782350305,0.123867149400178,GPR
0.094286,0.8571,33.3333,15,FCC,0.011586,0.011253,0.3328996620684367,0.1448598699314488,0.1369224581143723,GPR
0.105,0.8571,33.3333,15,FCC,0.010311,0.010156,0.3745849046816351,0.1610305599164179,0.1504175003481171,GPR
0.115714,0.8571,33.3333,15,FCC,0.009302,0.009256,0.4199627859869457,0.1781871535626104,0.1644203397994739,GPR
0.126429,0.8571,33.3333,15,FCC,0.008479,0.008503,0.4696410663089002,0.1965188270301765,0.1790168005881504,GPR
0.137143,0.8571,33.3333,15,FCC,0.007794,0.007863,0.5243039847391655,0.2163199951475159,0.1943066440931763,GPR
0.147857,0.8571,33.3333,15,FCC,0.007214,0.007314,0.5847260058382591,0.2380301332969348,0.2104105791649196,GPR
0.158571,0.8571,33.3333,15,FCC,0.006716,0.006836,0.6517299791754321,0.2622353623203156,0.2274619707900609,GPR
0.169286,0.8571,33.3333,15,FCC,0.006284,0.006417,0.7261657566529944,0.2896509851261112,0.2456052424974568,GPR
0.18,0.8571,33.3333,15,FCC,0.005904,0.006047,0.808840368709163,0.3210547697601771,0.2649826641710379,GPR
0.03,1.0357,33.3333,15,FCC,0.079891,0.04652,0.1374801134742816,0.0632812463452137,0.0637868067677611,GPR
0.040714,1.0357,33.3333,15,FCC,0.056542,0.032587,0.1649879445678289,0.0754201784422323,0.0752047928127203,GPR
0.051429,1.0357,33.3333,15,FCC,0.041599,0.025454,0.1942135868811069,0.0880541207830709,0.0868989325644335,GPR
0.062143,1.0357,33.3333,15,FCC,0.031565,0.020996,0.2253606054408146,0.1012346967659918,0.0988898714618153,GPR
0.072857,1.0357,33.3333,15,FCC,0.024634,0.017912,0.2586631025509222,0.1150417828998232,0.1112028391470513,GPR
0.083571,1.0357,33.3333,15,FCC,0.019787,0.015638,0.2943956970696346,0.1295571782350305,0.123867149400178,GPR
0.094286,1.0357,33.3333,15,FCC,0.016399,0.013886,0.3328996620684367,0.1448598699314488,0.1369224581143723,GPR
0.105,1.0357,33.3333,15,FCC,0.014026,0.012493,0.3745849046816351,0.1610305599164179,0.1504175003481171,GPR
0.115714,1.0357,33.3333,15,FCC,0.012319,0.011358,0.4199627859869457,0.1781871535626104,0.1644203397994739,GPR
0.126429,1.0357,33.3333,15,FCC,0.011031,0.010414,0.4696410663089002,0.1965188270301765,0.1790168005881504,GPR
0.137143,1.0357,33.3333,15,FCC,0.010014,0.009616,0.5243039847391655,0.2163199951475159,0.1943066440931763,GPR
0.147857,1.0357,33.3333,15,FCC,0.009185,0.008932,0.5847260058382591,0.2380301332969348,0.2104105791649196,GPR
0.158571,1.0357,33.3333,15,FCC,0.008492,0.00834,0.6517299791754321,0.2622353623203156,0.2274619707900609,GPR
0.169286,1.0357,33.3333,15,FCC,0.007902,0.007822,0.7261657566529944,0.2896509851261112,0.2456052424974568,GPR
0.18,1.0357,33.3333,15,FCC,0.007393,0.007365,0.808840368709163,0.3210547697601771,0.2649826641710379,GPR
0.03,1.2143,33.3333,15,FCC,0.115463,0.084071,0.1374801134742816,0.0632812463452137,0.0637868067677611,GPR
0.040714,1.2143,33.3333,15,FCC,0.085569,0.046262,0.1649879445678289,0.0754201784422323,0.0752047928127203,GPR
0.051429,1.2143,33.3333,15,FCC,0.065096,0.033581,0.1942135868811069,0.0880541207830709,0.0868989325644335,GPR
0.062143,1.2143,33.3333,15,FCC,0.050849,0.026774,0.2253606054408146,0.1012346967659918,0.0988898714618153,GPR
0.072857,1.2143,33.3333,15,FCC,0.040414,0.022405,0.2586631025509222,0.1150417828998232,0.1112028391470513,GPR
0.083571,1.2143,33.3333,15,FCC,0.032579,0.019322,0.2943956970696346,0.1295571782350305,0.123867149400178,GPR
0.094286,1.2143,33.3333,15,FCC,0.026637,0.017014,0.3328996620684367,0.1448598699314488,0.1369224581143723,GPR
0.105,1.2143,33.3333,15,FCC,0.02207,0.015214,0.3745849046816351,0.1610305599164179,0.1504175003481171,GPR
0.115714,1.2143,33.3333,15,FCC,0.018554,0.013768,0.4199627859869457,0.1781871535626104,0.1644203397994739,GPR
0.126429,1.2143,33.3333,15,FCC,0.015858,0.012578,0.4696410663089002,0.1965188270301765,0.1790168005881504,GPR
0.137143,1.2143,33.3333,15,FCC,0.013808,0.011581,0.5243039847391655,0.2163199951475159,0.1943066440931763,GPR
0.147857,1.2143,33.3333,15,FCC,0.012255,0.010733,0.5847260058382591,0.2380301332969348,0.2104105791649196,GPR
0.158571,1.2143,33.3333,15,FCC,0.011064,0.010002,0.6517299791754321,0.2622353623203156,0.2274619707900609,GPR
0.169286,1.2143,33.3333,15,FCC,0.010122,0.009366,0.7261657566529944,0.2896509851261112,0.2456052424974568,GPR
0.18,1.2143,33.3333,15,FCC,0.009352,0.008806,0.808840368709163,0.3210547697601771,0.2649826641710379,GPR
0.03,1.3929,33.3333,15,FCC,0.154173,0.232859,0.1374801134742816,0.0632812463452137,0.0637868067677611,GPR
0.040714,1.3929,33.3333,15,FCC,0.118866,0.089014,0.1649879445678289,0.0754201784422323,0.0752047928127203,GPR
0.051429,1.3929,33.3333,15,FCC,0.093316,0.049167,0.1942135868811069,0.0880541207830709,0.0868989325644335,GPR
0.062143,1.3929,33.3333,15,FCC,0.075071,0.035858,0.2253606054408146,0.1012346967659918,0.0988898714618153,GPR
0.072857,1.3929,33.3333,15,FCC,0.061139,0.028757,0.2586631025509222,0.1150417828998232,0.1112028391470513,GPR
0.083571,1.3929,33.3333,15,FCC,0.050517,0.024199,0.2943956970696346,0.1295571782350305,0.123867149400178,GPR
0.094286,1.3929,33.3333,15,FCC,0.042049,0.020974,0.3328996620684367,0.1448598699314488,0.1369224581143723,GPR
0.105,1.3929,33.3333,15,FCC,0.035364,0.018551,0.3745849046816351,0.1610305599164179,0.1504175003481171,GPR
0.115714,1.3929,33.3333,15,FCC,0.029912,0.016653,0.4199627859869457,0.1781871535626104,0.1644203397994739,GPR
0.126429,1.3929,33.3333,15,FCC,0.025504,0.015121,0.4696410663089002,0.1965188270301765,0.1790168005881504,GPR
0.137143,1.3929,33.3333,15,FCC,0.021883,0.013856,0.5243039847391655,0.2163199951475159,0.1943066440931763,GPR
0.147857,1.3929,33.3333,15,FCC,0.018923,0.012792,0.5847260058382591,0.2380301332969348,0.2104105791649196,GPR
0.158571,1.3929,33.3333,15,FCC,0.016498,0.011883,0.6517299791754321,0.2622353623203156,0.2274619707900609,GPR
0.169286,1.3929,33.3333,15,FCC,0.014523,0.011098,0.7261657566529944,0.2896509851261112,0.2456052424974568,GPR
0.18,1.3929,33.3333,15,FCC,0.012929,0.010411,0.808840368709163,0.3210547697601771,0.2649826641710379,GPR
0.03,1.5714,33.3333,15,FCC,0.197058,0.327577,0.1374801134742816,0.0632812463452137,0.0637868067677611,GPR
0.040714,1.5714,33.3333,15,FCC,0.153739,0.239214,0.1649879445678289,0.0754201784422323,0.0752047928127203,GPR
0.051429,1.5714,33.3333,15,FCC,0.125783,0.110545,0.1942135868811069,0.0880541207830709,0.0868989325644335,GPR
0.062143,1.5714,33.3333,15,FCC,0.102207,0.055991,0.2253606054408146,0.1012346967659918,0.0988898714618153,GPR
0.072857,1.5714,33.3333,15,FCC,0.085906,0.039737,0.2586631025509222,0.1150417828998232,0.1112028391470513,GPR
0.083571,1.5714,33.3333,15,FCC,0.072207,0.031597,0.2943956970696346,0.1295571782350305,0.123867149400178,GPR
0.094286,1.5714,33.3333,15,FCC,0.061245,0.026516,0.3328996620684367,0.1448598699314488,0.1369224581143723,GPR
0.105,1.5714,33.3333,15,FCC,0.052676,0.022972,0.3745849046816351,0.1610305599164179,0.1504175003481171,GPR
0.115714,1.5714,33.3333,15,FCC,0.045202,0.020328,0.4199627859869457,0.1781871535626104,0.1644203397994739,GPR
0.126429,1.5714,33.3333,15,FCC,0.039181,0.018266,0.4696410663089002,0.1965188270301765,0.1790168005881504,GPR
0.137143,1.5714,33.3333,15,FCC,0.034107,0.016605,0.5243039847391655,0.2163199951475159,0.1943066440931763,GPR
0.147857,1.5714,33.3333,15,FCC,0.029735,0.015235,0.5847260058382591,0.2380301332969348,0.2104105791649196,GPR
0.158571,1.5714,33.3333,15,FCC,0.02609,0.014082,0.6517299791754321,0.2622353623203156,0.2274619707900609,GPR
0.169286,1.5714,33.3333,15,FCC,0.022949,0.013097,0.7261657566529944,0.2896509851261112,0.2456052424974568,GPR
0.18,1.5714,33.3333,15,FCC,0.020265,0.012245,0.808840368709163,0.3210547697601771,0.2649826641710379,GPR
0.03,1.75,33.3333,15,FCC,0.237162,0.387746,0.1374801134742816,0.0632812463452137,0.0637868067677611,GPR
0.040714,1.75,33.3333,15,FCC,0.193195,0.319002,0.1649879445678289,0.0754201784422323,0.0752047928127203,GPR
0.051429,1.75,33.3333,15,FCC,0.157179,0.259926,0.1942135868811069,0.0880541207830709,0.0868989325644335,GPR
0.062143,1.75,33.3333,15,FCC,0.133805,0.153206,0.2253606054408146,0.1012346967659918,0.0988898714618153,GPR
0.072857,1.75,33.3333,15,FCC,0.113068,0.070866,0.2586631025509222,0.1150417828998232,0.1112028391470513,GPR
0.083571,1.75,33.3333,15,FCC,0.096213,0.046333,0.2943956970696346,0.1295571782350305,0.123867149400178,GPR
0.094286,1.75,33.3333,15,FCC,0.083984,0.035778,0.3328996620684367,0.1448598699314488,0.1369224581143723,GPR
0.105,1.75,33.3333,15,FCC,0.072957,0.029628,0.3745849046816351,0.1610305599164179,0.1504175003481171,GPR
0.115714,1.75,33.3333,15,FCC,0.063389,0.025491,0.4199627859869457,0.1781871535626104,0.1644203397994739,GPR
0.126429,1.75,33.3333,15,FCC,0.056016,0.022472,0.4696410663089002,0.1965188270301765,0.1790168005881504,GPR
0.137143,1.75,33.3333,15,FCC,0.049542,0.020148,0.5243039847391655,0.2163199951475159,0.1943066440931763,GPR
0.147857,1.75,33.3333,15,FCC,0.043656,0.018294,0.5847260058382591,0.2380301332969348,0.2104105791649196,GPR
0.158571,1.75,33.3333,15,FCC,0.038822,0.016774,0.6517299791754321,0.2622353623203156,0.2274619707900609,GPR
0.169286,1.75,33.3333,15,FCC,0.03468,0.0155,0.7261657566529944,0.2896509851261112,0.2456052424974568,GPR
0.18,1.75,33.3333,15,FCC,0.030905,0.014415,0.808840368709163,0.3210547697601771,0.2649826641710379,GPR
0.03,1.9286,33.3333,15,FCC,0.273211,0.365327,0.1374801134742816,0.0632812463452137,0.0637868067677611,GPR
0.040714,1.9286,33.3333,15,FCC,0.230284,0.350415,0.1649879445678289,0.0754201784422323,0.0752047928127203,GPR
0.051429,1.9286,33.3333,15,FCC,0.194969,0.319021,0.1942135868811069,0.0880541207830709,0.0868989325644335,GPR
0.062143,1.9286,33.3333,15,FCC,0.162974,0.269311,0.2253606054408146,0.1012346967659918,0.0988898714618153,GPR
0.072857,1.9286,33.3333,15,FCC,0.141879,0.201554,0.2586631025509222,0.1150417828998232,0.1112028391470513,GPR
0.083571,1.9286,33.3333,15,FCC,0.124731,0.108306,0.2943956970696346,0.1295571782350305,0.123867149400178,GPR
0.094286,1.9286,33.3333,15,FCC,0.107943,0.059151,0.3328996620684367,0.1448598699314488,0.1369224581143723,GPR
0.105,1.9286,33.3333,15,FCC,0.094676,0.042494,0.3745849046816351,0.1610305599164179,0.1504175003481171,GPR
0.115714,1.9286,33.3333,15,FCC,0.084735,0.034102,0.4199627859869457,0.1781871535626104,0.1644203397994739,GPR
0.126429,1.9286,33.3333,15,FCC,0.075712,0.028858,0.4696410663089002,0.1965188270301765,0.1790168005881504,GPR
0.137143,1.9286,33.3333,15,FCC,0.067012,0.025192,0.5243039847391655,0.2163199951475159,0.1943066440931763,GPR
0.147857,1.9286,33.3333,15,FCC,0.059951,0.022447,0.5847260058382591,0.2380301332969348,0.2104105791649196,GPR
0.158571,1.9286,33.3333,15,FCC,0.054267,0.020297,0.6517299791754321,0.2622353623203156,0.2274619707900609,GPR
0.169286,1.9286,33.3333,15,FCC,0.049036,0.018556,0.7261657566529944,0.2896509851261112,0.2456052424974568,GPR
0.18,1.9286,33.3333,15,FCC,0.04405,0.017113,0.808840368709163,0.3210547697601771,0.2649826641710379,GPR
0.03,2.1071,33.3333,15,FCC,0.315568,0.626768,0.1374801134742816,0.0632812463452137,0.0637868067677611,GPR
0.040714,2.1071,33.3333,15,FCC,0.262488,0.384172,0.1649879445678289,0.0754201784422323,0.0752047928127203,GPR
0.051429,2.1071,33.3333,15,FCC,0.228547,0.341835,0.1942135868811069,0.0880541207830709,0.0868989325644335,GPR
0.062143,2.1071,33.3333,15,FCC,0.199642,0.354458,0.2253606054408146,0.1012346967659918,0.0988898714618153,GPR
0.072857,2.1071,33.3333,15,FCC,0.170822,0.318735,0.2586631025509222,0.1150417828998232,0.1112028391470513,GPR
0.083571,2.1071,33.3333,15,FCC,0.150146,0.248606,0.2943956970696346,0.1295571782350305,0.123867149400178,GPR
0.094286,2.1071,33.3333,15,FCC,0.134899,0.170923,0.3328996620684367,0.1448598699314488,0.1369224581143723,GPR
0.105,2.1071,33.3333,15,FCC,0.121015,0.092033,0.3745849046816351,0.1610305599164179,0.1504175003481171,GPR
0.115714,2.1071,33.3333,15,FCC,0.106917,0.055412,0.4199627859869457,0.1781871535626104,0.1644203397994739,GPR
0.126429,2.1071,33.3333,15,FCC,0.09547,0.041328,0.4696410663089002,0.1965188270301765,0.1790168005881504,GPR
0.137143,2.1071,33.3333,15,FCC,0.08687,0.033762,0.5243039847391655,0.2163199951475159,0.1943066440931763,GPR
0.147857,2.1071,33.3333,15,FCC,0.079372,0.02889,0.5847260058382591,0.2380301332969348,0.2104105791649196,GPR
0.158571,2.1071,33.3333,15,FCC,0.071903,0.025421,0.6517299791754321,0.2622353623203156,0.2274619707900609,GPR
0.169286,2.1071,33.3333,15,FCC,0.064771,0.022793,0.7261657566529944,0.2896509851261112,0.2456052424974568,GPR
0.18,2.1071,33.3333,15,FCC,0.059018,0.020715,0.808840368709163,0.3210547697601771,0.2649826641710379,GPR
0.03,2.2857,33.3333,15,FCC,0.35448,0.375187,0.1374801134742816,0.0632812463452137,0.0637868067677611,GPR
0.040714,2.2857,33.3333,15,FCC,0.299195,0.696308,0.1649879445678289,0.0754201784422323,0.0752047928127203,GPR
0.051429,2.2857,33.3333,15,FCC,0.257902,0.393765,0.1942135868811069,0.0880541207830709,0.0868989325644335,GPR
0.062143,2.2857,33.3333,15,FCC,0.229605,0.354717,0.2253606054408146,0.1012346967659918,0.0988898714618153,GPR
0.072857,2.2857,33.3333,15,FCC,0.205468,0.437003,0.2586631025509222,0.1150417828998232,0.1112028391470513,GPR
0.083571,2.2857,33.3333,15,FCC,0.180666,0.326679,0.2943956970696346,0.1295571782350305,0.123867149400178,GPR
0.094286,2.2857,33.3333,15,FCC,0.159189,0.261646,0.3328996620684367,0.1448598699314488,0.1369224581143723,GPR
0.105,2.2857,33.3333,15,FCC,0.144182,0.219609,0.3745849046816351,0.1610305599164179,0.1504175003481171,GPR
0.115714,2.2857,33.3333,15,FCC,0.132001,0.159012,0.4199627859869457,0.1781871535626104,0.1644203397994739,GPR
0.126429,2.2857,33.3333,15,FCC,0.12046,0.090128,0.4696410663089002,0.1965188270301765,0.1790168005881504,GPR
0.137143,2.2857,33.3333,15,FCC,0.108382,0.055854,0.5243039847391655,0.2163199951475159,0.1943066440931763,GPR
0.147857,2.2857,33.3333,15,FCC,0.097793,0.041988,0.5847260058382591,0.2380301332969348,0.2104105791649196,GPR
0.158571,2.2857,33.3333,15,FCC,0.089825,0.034457,0.6517299791754321,0.2622353623203156,0.2274619707900609,GPR
0.169286,2.2857,33.3333,15,FCC,0.083251,0.029588,0.7261657566529944,0.2896509851261112,0.2456052424974568,GPR
0.18,2.2857,33.3333,15,FCC,0.077098,0.026115,0.808840368709163,0.3210547697601771,0.2649826641710379,GPR
0.03,2.4643,33.3333,15,FCC,0.383172,0.866139,0.1374801134742816,0.0632812463452137,0.0637868067677611,GPR
0.040714,2.4643,33.3333,15,FCC,0.338047,0.330589,0.1649879445678289,0.0754201784422323,0.0752047928127203,GPR
0.051429,2.4643,33.3333,15,FCC,0.290984,0.640164,0.1942135868811069,0.0880541207830709,0.0868989325644335,GPR
0.062143,2.4643,33.3333,15,FCC,0.2567,0.368396,0.2253606054408146,0.1012346967659918,0.0988898714618153,GPR
0.072857,2.4643,33.3333,15,FCC,0.232234,0.419065,0.2586631025509222,0.1150417828998232,0.1112028391470513,GPR
0.083571,2.4643,33.3333,15,FCC,0.211523,0.40945,0.2943956970696346,0.1295571782350305,0.123867149400178,GPR
0.094286,2.4643,33.3333,15,FCC,0.191142,0.302065,0.3328996620684367,0.1448598699314488,0.1369224581143723,GPR
0.105,2.4643,33.3333,15,FCC,0.169918,0.342957,0.3745849046816351,0.1610305599164179,0.1504175003481171,GPR
0.115714,2.4643,33.3333,15,FCC,0.153654,0.264389,0.4199627859869457,0.1781871535626104,0.1644203397994739,GPR
0.126429,2.4643,33.3333,15,FCC,0.141622,0.212004,0.4696410663089002,0.1965188270301765,0.1790168005881504,GPR
0.137143,2.4643,33.3333,15,FCC,0.131436,0.161063,0.5243039847391655,0.2163199951475159,0.1943066440931763,GPR
0.147857,2.4643,33.3333,15,FCC,0.121749,0.098315,0.5847260058382591,0.2380301332969348,0.2104105791649196,GPR
0.158571,2.4643,33.3333,15,FCC,0.111508,0.06014,0.6517299791754321,0.2622353623203156,0.2274619707900609,GPR
0.169286,2.4643,33.3333,15,FCC,0.101439,0.044452,0.7261657566529944,0.2896509851261112,0.2456052424974568,GPR
0.18,2.4643,33.3333,15,FCC,0.093494,0.036201,0.808840368709163,0.3210547697601771,0.2649826641710379,GPR
0.03,2.6429,33.3333,15,FCC,0.407166,0.329248,0.1374801134742816,0.0632812463452137,0.0637868067677611,GPR
0.040714,2.6429,33.3333,15,FCC,0.366442,0.703132,0.1649879445678289,0.0754201784422323,0.0752047928127203,GPR
0.051429,2.6429,33.3333,15,FCC,0.32808,0.341601,0.1942135868811069,0.0880541207830709,0.0868989325644335,GPR
0.062143,2.6429,33.3333,15,FCC,0.287531,0.64,0.2253606054408146,0.1012346967659918,0.0988898714618153,GPR
0.072857,2.6429,33.3333,15,FCC,0.257568,0.329386,0.2586631025509222,0.1150417828998232,0.1112028391470513,GPR
0.083571,2.6429,33.3333,15,FCC,0.235778,0.551909,0.2943956970696346,0.1295571782350305,0.123867149400178,GPR
0.094286,2.6429,33.3333,15,FCC,0.217494,0.313173,0.3328996620684367,0.1448598699314488,0.1369224581143723,GPR
0.105,2.6429,33.3333,15,FCC,0.200436,0.434678,0.3745849046816351,0.1610305599164179,0.1504175003481171,GPR
0.115714,2.6429,33.3333,15,FCC,0.182323,0.295352,0.4199627859869457,0.1781871535626104,0.1644203397994739,GPR
0.126429,2.6429,33.3333,15,FCC,0.164513,0.311242,0.4696410663089002,0.1965188270301765,0.1790168005881504,GPR
0.137143,2.6429,33.3333,15,FCC,0.151247,0.268076,0.5243039847391655,0.2163199951475159,0.1943066440931763,GPR
0.147857,2.6429,33.3333,15,FCC,0.141032,0.212685,0.5847260058382591,0.2380301332969348,0.2104105791649196,GPR
0.158571,2.6429,33.3333,15,FCC,0.132255,0.173234,0.6517299791754321,0.2622353623203156,0.2274619707900609,GPR
0.169286,2.6429,33.3333,15,FCC,0.124015,0.116452,0.7261657566529944,0.2896509851261112,0.2456052424974568,GPR
0.18,2.6429,33.3333,15,FCC,0.11551,0.070099,0.808840368709163,0.3210547697601771,0.2649826641710379,GPR
0.03,2.8214,33.3333,15,FCC,0.42831,0.37108,0.1374801134742816,0.0632812463452137,0.0637868067677611,GPR
0.040714,2.8214,33.3333,15,FCC,0.389497,0.478414,0.1649879445678289,0.0754201784422323,0.0752047928127203,GPR
0.051429,2.8214,33.3333,15,FCC,0.355585,0.51408,0.1942135868811069,0.0880541207830709,0.0868989325644335,GPR
0.062143,2.8214,33.3333,15,FCC,0.322519,0.34465,0.2253606054408146,0.1012346967659918,0.0988898714618153,GPR
0.072857,2.8214,33.3333,15,FCC,0.287083,0.698652,0.2586631025509222,0.1150417828998232,0.1112028391470513,GPR
0.083571,2.8214,33.3333,15,FCC,0.259822,0.306269,0.2943956970696346,0.1295571782350305,0.123867149400178,GPR
0.094286,2.8214,33.3333,15,FCC,0.23989,0.593031,0.3328996620684367,0.1448598699314488,0.1369224581143723,GPR
0.105,2.8214,33.3333,15,FCC,0.223329,0.328524,0.3745849046816351,0.1610305599164179,0.1504175003481171,GPR
0.115714,2.8214,33.3333,15,FCC,0.208398,0.404665,0.4199627859869457,0.1781871535626104,0.1644203397994739,GPR
0.126429,2.8214,33.3333,15,FCC,0.193644,0.345769,0.4696410663089002,0.1965188270301765,0.1790168005881504,GPR
0.137143,2.8214,33.3333,15,FCC,0.177525,0.314686,0.5243039847391655,0.2163199951475159,0.1943066440931763,GPR
0.147857,2.8214,33.3333,15,FCC,0.16222,0.301713,0.5847260058382591,0.2380301332969348,0.2104105791649196,GPR
0.158571,2.8214,33.3333,15,FCC,0.150705,0.26502,0.6517299791754321,0.2622353623203156,0.2274619707900609,GPR
0.169286,2.8214,33.3333,15,FCC,0.141676,0.222774,0.7261657566529944,0.2896509851261112,0.2456052424974568,GPR
0.18,2.8214,33.3333,15,FCC,0.13391,0.193935,0.808840368709163,0.3210547697601771,0.2649826641710379,GPR
0.03,3.0,33.3333,15,FCC,0.447517,0.912873,0.1374801134742816,0.0632812463452137,0.0637868067677611,GPR
0.040714,3.0,33.3333,15,FCC,0.409648,0.285045,0.1649879445678289,0.0754201784422323,0.0752047928127203,GPR
0.051429,3.0,33.3333,15,FCC,0.377487,0.679014,0.1942135868811069,0.0880541207830709,0.0868989325644335,GPR
0.062143,3.0,33.3333,15,FCC,0.348564,0.439945,0.2253606054408146,0.1012346967659918,0.0988898714618153,GPR
0.072857,3.0,33.3333,15,FCC,0.319924,0.328595,0.2586631025509222,0.1150417828998232,0.1112028391470513,GPR
0.083571,3.0,33.3333,15,FCC,0.288728,0.773745,0.2943956970696346,0.1295571782350305,0.123867149400178,GPR
0.094286,3.0,33.3333,15,FCC,0.263121,0.32024,0.3328996620684367,0.1448598699314488,0.1369224581143723,GPR
0.105,3.0,33.3333,15,FCC,0.244397,0.423257,0.3745849046816351,0.1610305599164179,0.1504175003481171,GPR
0.115714,3.0,33.3333,15,FCC,0.229051,0.500552,0.4199627859869457,0.1781871535626104,0.1644203397994739,GPR
0.126429,3.0,33.3333,15,FCC,0.2155,0.289049,0.4696410663089002,0.1965188270301765,0.1790168005881504,GPR
0.137143,3.0,33.3333,15,FCC,0.202791,0.480673,0.5243039847391655,0.2163199951475159,0.1943066440931763,GPR
0.147857,3.0,33.3333,15,FCC,0.18984,0.308239,0.5847260058382591,0.2380301332969348,0.2104105791649196,GPR
0.158571,3.0,33.3333,15,FCC,0.175559,0.318436,0.6517299791754321,0.2622353623203156,0.2274619707900609,GPR
0.169286,3.0,33.3333,15,FCC,0.161912,0.316657,0.7261657566529944,0.2896509851261112,0.2456052424974568,GPR
0.18,3.0,33.3333,15,FCC,0.151415,0.251622,0.808840368709163,0.3210547697601771,0.2649826641710379,GPR
0.03,0.5,36.6667,15,FCC,0.01356,0.014058,0.1374801134742816,0.0632812463452137,0.0637868067677611,GPR
0.040714,0.5,36.6667,15,FCC,0.010356,0.010841,0.1649879445678289,0.0754201784422323,0.0752047928127203,GPR
0.051429,0.5,36.6667,15,FCC,0.008382,0.008823,0.1942135868811069,0.0880541207830709,0.0868989325644335,GPR
0.062143,0.5,36.6667,15,FCC,0.007042,0.007438,0.2253606054408146,0.1012346967659918,0.0988898714618153,GPR
0.072857,0.5,36.6667,15,FCC,0.006073,0.006429,0.2586631025509222,0.1150417828998232,0.1112028391470513,GPR
0.083571,0.5,36.6667,15,FCC,0.005338,0.005661,0.2943956970696346,0.1295571782350305,0.123867149400178,GPR
0.094286,0.5,36.6667,15,FCC,0.004762,0.005057,0.3328996620684367,0.1448598699314488,0.1369224581143723,GPR
0.105,0.5,36.6667,15,FCC,0.004299,0.004569,0.3745849046816351,0.1610305599164179,0.1504175003481171,GPR
0.115714,0.5,36.6667,15,FCC,0.003917,0.004168,0.4199627859869457,0.1781871535626104,0.1644203397994739,GPR
0.126429,0.5,36.6667,15,FCC,0.003598,0.003831,0.4696410663089002,0.1965188270301765,0.1790168005881504,GPR
0.137143,0.5,36.6667,15,FCC,0.003327,0.003544,0.5243039847391655,0.2163199951475159,0.1943066440931763,GPR
0.147857,0.5,36.6667,15,FCC,0.003094,0.003298,0.5847260058382591,0.2380301332969348,0.2104105791649196,GPR
0.158571,0.5,36.6667,15,FCC,0.002892,0.003083,0.6517299791754321,0.2622353623203156,0.2274619707900609,GPR
0.169286,0.5,36.6667,15,FCC,0.002714,0.002895,0.7261657566529944,0.2896509851261112,0.2456052424974568,GPR
0.18,0.5,36.6667,15,FCC,0.002557,0.002728,0.808840368709163,0.3210547697601771,0.2649826641710379,GPR
0.03,0.6786,36.6667,15,FCC,0.019073,0.018219,0.1374801134742816,0.0632812463452137,0.0637868067677611,GPR
0.040714,0.6786,36.6667,15,FCC,0.014228,0.014113,0.1649879445678289,0.0754201784422323,0.0752047928127203,GPR
0.051429,0.6786,36.6667,15,FCC,0.011411,0.011524,0.1942135868811069,0.0880541207830709,0.0868989325644335,GPR
0.062143,0.6786,36.6667,15,FCC,0.009544,0.00974,0.2253606054408146,0.1012346967659918,0.0988898714618153,GPR
0.072857,0.6786,36.6667,15,FCC,0.00821,0.008435,0.2586631025509222,0.1150417828998232,0.1112028391470513,GPR
0.083571,0.6786,36.6667,15,FCC,0.007206,0.007439,0.2943956970696346,0.1295571782350305,0.123867149400178,GPR
0.094286,0.6786,36.6667,15,FCC,0.006423,0.006654,0.3328996620684367,0.1448598699314488,0.1369224581143723,GPR
0.105,0.6786,36.6667,15,FCC,0.005794,0.006019,0.3745849046816351,0.1610305599164179,0.1504175003481171,GPR
0.115714,0.6786,36.6667,15,FCC,0.005278,0.005494,0.4199627859869457,0.1781871535626104,0.1644203397994739,GPR
0.126429,0.6786,36.6667,15,FCC,0.004846,0.005054,0.4696410663089002,0.1965188270301765,0.1790168005881504,GPR
0.137143,0.6786,36.6667,15,FCC,0.00448,0.004679,0.5243039847391655,0.2163199951475159,0.1943066440931763,GPR
0.147857,0.6786,36.6667,15,FCC,0.004166,0.004356,0.5847260058382591,0.2380301332969348,0.2104105791649196,GPR
0.158571,0.6786,36.6667,15,FCC,0.003893,0.004075,0.6517299791754321,0.2622353623203156,0.2274619707900609,GPR
0.169286,0.6786,36.6667,15,FCC,0.003653,0.003827,0.7261657566529944,0.2896509851261112,0.2456052424974568,GPR
0.18,0.6786,36.6667,15,FCC,0.003441,0.003608,0.808840368709163,0.3210547697601771,0.2649826641710379,GPR
0.03,0.8571,36.6667,15,FCC,0.029595,0.022868,0.1374801134742816,0.0632812463452137,0.0637868067677611,GPR
0.040714,0.8571,36.6667,15,FCC,0.020077,0.017628,0.1649879445678289,0.0754201784422323,0.0752047928127203,GPR
0.051429,0.8571,36.6667,15,FCC,0.015297,0.014369,0.1942135868811069,0.0880541207830709,0.0868989325644335,GPR
0.062143,0.8571,36.6667,15,FCC,0.012495,0.012137,0.2253606054408146,0.1012346967659918,0.0988898714618153,GPR
0.072857,0.8571,36.6667,15,FCC,0.010614,0.010509,0.2586631025509222,0.1150417828998232,0.1112028391470513,GPR
0.083571,0.8571,36.6667,15,FCC,0.009246,0.009268,0.2943956970696346,0.1295571782350305,0.123867149400178,GPR
0.094286,0.8571,36.6667,15,FCC,0.0082,0.00829,0.3328996620684367,0.1448598699314488,0.1369224581143723,GPR
0.105,0.8571,36.6667,15,FCC,0.007372,0.0075,0.3745849046816351,0.1610305599164179,0.1504175003481171,GPR
0.115714,0.8571,36.6667,15,FCC,0.006698,0.006847,0.4199627859869457,0.1781871535626104,0.1644203397994739,GPR
0.126429,0.8571,36.6667,15,FCC,0.006138,0.006299,0.4696410663089002,0.1965188270301765,0.1790168005881504,GPR
0.137143,0.8571,36.6667,15,FCC,0.005666,0.005833,0.5243039847391655,0.2163199951475159,0.1943066440931763,GPR
0.147857,0.8571,36.6667,15,FCC,0.005262,0.005431,0.5847260058382591,0.2380301332969348,0.2104105791649196,GPR
0.158571,0.8571,36.6667,15,FCC,0.004912,0.005081,0.6517299791754321,0.2622353623203156,0.2274619707900609,GPR
0.169286,0.8571,36.6667,15,FCC,0.004606,0.004773,0.7261657566529944,0.2896509851261112,0.2456052424974568,GPR
0.18,0.8571,36.6667,15,FCC,0.004336,0.0045,0.808840368709163,0.3210547697601771,0.2649826641710379,GPR
0.03,1.0357,36.6667,15,FCC,0.04871,0.02877,0.1374801134742816,0.0632812463452137,0.0637868067677611,GPR
0.040714,1.0357,36.6667,15,FCC,0.032506,0.021775,0.1649879445678289,0.0754201784422323,0.0752047928127203,GPR
0.051429,1.0357,36.6667,15,FCC,0.023025,0.017602,0.1942135868811069,0.0880541207830709,0.0868989325644335,GPR
0.062143,1.0357,36.6667,15,FCC,0.017403,0.014799,0.2253606054408146,0.1012346967659918,0.0988898714618153,GPR
0.072857,1.0357,36.6667,15,FCC,0.014055,0.012779,0.2586631025509222,0.1150417828998232,0.1112028391470513,GPR
0.083571,1.0357,36.6667,15,FCC,0.011913,0.01125,0.2943956970696346,0.1295571782350305,0.123867149400178,GPR
0.094286,1.0357,36.6667,15,FCC,0.010399,0.010051,0.3328996620684367,0.1448598699314488,0.1369224581143723,GPR
0.105,1.0357,36.6667,15,FCC,0.009254,0.009084,0.3745849046816351,0.1610305599164179,0.1504175003481171,GPR
0.115714,1.0357,36.6667,15,FCC,0.00835,0.008288,0.4199627859869457,0.1781871535626104,0.1644203397994739,GPR
0.126429,1.0357,36.6667,15,FCC,0.007614,0.007621,0.4696410663089002,0.1965188270301765,0.1790168005881504,GPR
0.137143,1.0357,36.6667,15,FCC,0.007001,0.007054,0.5243039847391655,0.2163199951475159,0.1943066440931763,GPR
0.147857,1.0357,36.6667,15,FCC,0.006483,0.006566,0.5847260058382591,0.2380301332969348,0.2104105791649196,GPR
0.158571,1.0357,36.6667,15,FCC,0.006037,0.006141,0.6517299791754321,0.2622353623203156,0.2274619707900609,GPR
0.169286,1.0357,36.6667,15,FCC,0.00565,0.005768,0.7261657566529944,0.2896509851261112,0.2456052424974568,GPR
0.18,1.0357,36.6667,15,FCC,0.005311,0.005438,0.808840368709163,0.3210547697601771,0.2649826641710379,GPR
0.03,1.2143,36.6667,15,FCC,0.073828,0.037464,0.1374801134742816,0.0632812463452137,0.0637868067677611,GPR
0.040714,1.2143,36.6667,15,FCC,0.051578,0.027122,0.1649879445678289,0.0754201784422323,0.0752047928127203,GPR
0.051429,1.2143,36.6667,15,FCC,0.037322,0.021505,0.1942135868811069,0.0880541207830709,0.0868989325644335,GPR
0.062143,1.2143,36.6667,15,FCC,0.027796,0.017895,0.2253606054408146,0.1012346967659918,0.0988898714618153,GPR
0.072857,1.2143,36.6667,15,FCC,0.021307,0.015355,0.2586631025509222,0.1150417828998232,0.1112028391470513,GPR
0.083571,1.2143,36.6667,15,FCC,0.016891,0.013461,0.2943956970696346,0.1295571782350305,0.123867149400178,GPR
0.094286,1.2143,36.6667,15,FCC,0.013935,0.011991,0.3328996620684367,0.1448598699314488,0.1369224581143723,GPR
0.105,1.2143,36.6667,15,FCC,0.011953,0.010814,0.3745849046816351,0.1610305599164179,0.1504175003481171,GPR
0.115714,1.2143,36.6667,15,FCC,0.010548,0.009851,0.4199627859869457,0.1781871535626104,0.1644203397994739,GPR
0.126429,1.2143,36.6667,15,FCC,0.009483,0.009046,0.4696410663089002,0.1965188270301765,0.1790168005881504,GPR
0.137143,1.2143,36.6667,15,FCC,0.008635,0.008364,0.5243039847391655,0.2163199951475159,0.1943066440931763,GPR
0.147857,1.2143,36.6667,15,FCC,0.007939,0.007779,0.5847260058382591,0.2380301332969348,0.2104105791649196,GPR
0.158571,1.2143,36.6667,15,FCC,0.007354,0.00727,0.6517299791754321,0.2622353623203156,0.2274619707900609,GPR
0.169286,1.2143,36.6667,15,FCC,0.006854,0.006825,0.7261657566529944,0.2896509851261112,0.2456052424974568,GPR
0.18,1.2143,36.6667,15,FCC,0.006421,0.006431,0.808840368709163,0.3210547697601771,0.2649826641710379,GPR
0.03,1.3929,36.6667,15,FCC,0.102959,0.054323,0.1374801134742816,0.0632812463452137,0.0637868067677611,GPR
0.040714,1.3929,36.6667,15,FCC,0.075144,0.03501,0.1649879445678289,0.0754201784422323,0.0752047928127203,GPR
0.051429,1.3929,36.6667,15,FCC,0.056637,0.026635,0.1942135868811069,0.0880541207830709,0.0868989325644335,GPR
0.062143,1.3929,36.6667,15,FCC,0.043404,0.021715,0.2253606054408146,0.1012346967659918,0.0988898714618153,GPR
0.072857,1.3929,36.6667,15,FCC,0.033846,0.01841,0.2586631025509222,0.1150417828998232,0.1112028391470513,GPR
0.083571,1.3929,36.6667,15,FCC,0.026813,0.016015,0.2943956970696346,0.1295571782350305,0.123867149400178,GPR
0.094286,1.3929,36.6667,15,FCC,0.021547,0.014189,0.3328996620684367,0.1448598699314488,0.1369224581143723,GPR
0.105,1.3929,36.6667,15,FCC,0.017611,0.012747,0.3745849046816351,0.1610305599164179,0.1504175003481171,GPR
0.115714,1.3929,36.6667,15,FCC,0.014701,0.011577,0.4199627859869457,0.1781871535626104,0.1644203397994739,GPR
0.126429,1.3929,36.6667,15,FCC,0.012589,0.010607,0.4696410663089002,0.1965188270301765,0.1790168005881504,GPR
0.137143,1.3929,36.6667,15,FCC,0.011072,0.009789,0.5243039847391655,0.2163199951475159,0.1943066440931763,GPR
0.147857,1.3929,36.6667,15,FCC,0.00995,0.00909,0.5847260058382591,0.2380301332969348,0.2104105791649196,GPR
0.158571,1.3929,36.6667,15,FCC,0.009078,0.008486,0.6517299791754321,0.2622353623203156,0.2274619707900609,GPR
0.169286,1.3929,36.6667,15,FCC,0.008371,0.007957,0.7261657566529944,0.2896509851261112,0.2456052424974568,GPR
0.18,1.3929,36.6667,15,FCC,0.00778,0.007491,0.808840368709163,0.3210547697601771,0.2649826641710379,GPR
0.03,1.5714,36.6667,15,FCC,0.135985,0.121609,0.1374801134742816,0.0632812463452137,0.0637868067677611,GPR
0.040714,1.5714,36.6667,15,FCC,0.101818,0.050035,0.1649879445678289,0.0754201784422323,0.0752047928127203,GPR
0.051429,1.5714,36.6667,15,FCC,0.079417,0.03436,0.1942135868811069,0.0880541207830709,0.0868989325644335,GPR
0.062143,1.5714,36.6667,15,FCC,0.062746,0.026862,0.2253606054408146,0.1012346967659918,0.0988898714618153,GPR
0.072857,1.5714,36.6667,15,FCC,0.050284,0.022271,0.2586631025509222,0.1150417828998232,0.1112028391470513,GPR
0.083571,1.5714,36.6667,15,FCC,0.040841,0.01911,0.2943956970696346,0.1295571782350305,0.123867149400178,GPR
0.094286,1.5714,36.6667,15,FCC,0.033378,0.016777,0.3328996620684367,0.1448598699314488,0.1369224581143723,GPR
0.105,1.5714,36.6667,15,FCC,0.027571,0.014975,0.3745849046816351,0.1610305599164179,0.1504175003481171,GPR
0.115714,1.5714,36.6667,15,FCC,0.022912,0.013534,0.4199627859869457,0.1781871535626104,0.1644203397994739,GPR
0.126429,1.5714,36.6667,15,FCC,0.019225,0.012354,0.4696410663089002,0.1965188270301765,0.1790168005881504,GPR
0.137143,1.5714,36.6667,15,FCC,0.016288,0.011369,0.5243039847391655,0.2163199951475159,0.1943066440931763,GPR
0.147857,1.5714,36.6667,15,FCC,0.013976,0.010532,0.5847260058382591,0.2380301332969348,0.2104105791649196,GPR
0.158571,1.5714,36.6667,15,FCC,0.012185,0.009812,0.6517299791754321,0.2622353623203156,0.2274619707900609,GPR
0.169286,1.5714,36.6667,15,FCC,0.010822,0.009186,0.7261657566529944,0.2896509851261112,0.2456052424974568,GPR
0.18,1.5714,36.6667,15,FCC,0.009788,0.008636,0.808840368709163,0.3210547697601771,0.2649826641710379,GPR
0.03,1.75,36.6667,15,FCC,0.166658,0.278253,0.1374801134742816,0.0632812463452137,0.0637868067677611,GPR
0.040714,1.75,36.6667,15,FCC,0.132233,0.106557,0.1649879445678289,0.0754201784422323,0.0752047928127203,GPR
0.051429,1.75,36.6667,15,FCC,0.103936,0.049525,0.1942135868811069,0.0880541207830709,0.0868989325644335,GPR
0.062143,1.75,36.6667,15,FCC,0.085357,0.034893,0.2253606054408146,0.1012346967659918,0.0988898714618153,GPR
0.072857,1.75,36.6667,15,FCC,0.069378,0.027646,0.2586631025509222,0.1150417828998232,0.1112028391470513,GPR
0.083571,1.75,36.6667,15,FCC,0.058014,0.023135,0.2943956970696346,0.1295571782350305,0.123867149400178,GPR
0.094286,1.75,36.6667,15,FCC,0.048304,0.019994,0.3328996620684367,0.1448598699314488,0.1369224581143723,GPR
0.105,1.75,36.6667,15,FCC,0.040738,0.017655,0.3745849046816351,0.1610305599164179,0.1504175003481171,GPR
0.115714,1.75,36.6667,15,FCC,0.034499,0.015834,0.4199627859869457,0.1781871535626104,0.1644203397994739,GPR
0.126429,1.75,36.6667,15,FCC,0.029306,0.01437,0.4696410663089002,0.1965188270301765,0.1790168005881504,GPR
0.137143,1.75,36.6667,15,FCC,0.025077,0.013164,0.5243039847391655,0.2163199951475159,0.1943066440931763,GPR
0.147857,1.75,36.6667,15,FCC,0.0215,0.012151,0.5847260058382591,0.2380301332969348,0.2104105791649196,GPR
0.158571,1.75,36.6667,15,FCC,0.018558,0.011288,0.6517299791754321,0.2622353623203156,0.2274619707900609,GPR
0.169286,1.75,36.6667,15,FCC,0.016095,0.010542,0.7261657566529944,0.2896509851261112,0.2456052424974568,GPR
0.18,1.75,36.6667,15,FCC,0.014067,0.00989,0.808840368709163,0.3210547697601771,0.2649826641710379,GPR
0.03,1.9286,36.6667,15,FCC,0.202635,0.335196,0.1374801134742816,0.0632812463452137,0.0637868067677611,GPR
0.040714,1.9286,36.6667,15,FCC,0.160111,0.254456,0.1649879445678289,0.0754201784422323,0.0752047928127203,GPR
0.051429,1.9286,36.6667,15,FCC,0.132904,0.110483,0.1942135868811069,0.0880541207830709,0.0868989325644335,GPR
0.062143,1.9286,36.6667,15,FCC,0.108056,0.05181,0.2253606054408146,0.1012346967659918,0.0988898714618153,GPR
0.072857,1.9286,36.6667,15,FCC,0.091546,0.036479,0.2586631025509222,0.1150417828998232,0.1112028391470513,GPR
0.083571,1.9286,36.6667,15,FCC,0.077424,0.028973,0.2943956970696346,0.1295571782350305,0.123867149400178,GPR
0.094286,1.9286,36.6667,15,FCC,0.065421,0.024321,0.3328996620684367,0.1448598699314488,0.1369224581143723,GPR
0.105,1.9286,36.6667,15,FCC,0.056616,0.021084,0.3745849046816351,0.1610305599164179,0.1504175003481171,GPR
0.115714,1.9286,36.6667,15,FCC,0.048559,0.018672,0.4199627859869457,0.1781871535626104,0.1644203397994739,GPR
0.126429,1.9286,36.6667,15,FCC,0.041926,0.016791,0.4696410663089002,0.1965188270301765,0.1790168005881504,GPR
0.137143,1.9286,36.6667,15,FCC,0.036597,0.015276,0.5243039847391655,0.2163199951475159,0.1943066440931763,GPR
0.147857,1.9286,36.6667,15,FCC,0.031755,0.014025,0.5847260058382591,0.2380301332969348,0.2104105791649196,GPR
0.158571,1.9286,36.6667,15,FCC,0.027745,0.012972,0.6517299791754321,0.2622353623203156,0.2274619707900609,GPR
0.169286,1.9286,36.6667,15,FCC,0.024343,0.012072,0.7261657566529944,0.2896509851261112,0.2456052424974568,GPR
0.18,1.9286,36.6667,15,FCC,0.021332,0.011293,0.808840368709163,0.3210547697601771,0.2649826641710379,GPR
0.03,2.1071,36.6667,15,FCC,0.235805,0.370067,0.1374801134742816,0.0632812463452137,0.0637868067677611,GPR
0.040714,2.1071,36.6667,15,FCC,0.191337,0.368493,0.1649879445678289,0.0754201784422323,0.0752047928127203,GPR
0.051429,2.1071,36.6667,15,FCC,0.158215,0.25195,0.1942135868811069,0.0880541207830709,0.0868989325644335,GPR
0.062143,2.1071,36.6667,15,FCC,0.135834,0.129423,0.2253606054408146,0.1012346967659918,0.0988898714618153,GPR
0.072857,2.1071,36.6667,15,FCC,0.113975,0.057463,0.2586631025509222,0.1150417828998232,0.1112028391470513,GPR
0.083571,2.1071,36.6667,15,FCC,0.09771,0.039307,0.2943956970696346,0.1295571782350305,0.123867149400178,GPR
0.094286,2.1071,36.6667,15,FCC,0.085716,0.030945,0.3328996620684367,0.1448598699314488,0.1369224581143723,GPR
0.105,2.1071,36.6667,15,FCC,0.073996,0.025897,0.3745849046816351,0.1610305599164179,0.1504175003481171,GPR
0.115714,2.1071,36.6667,15,FCC,0.064268,0.022432,0.4199627859869457,0.1781871535626104,0.1644203397994739,GPR
0.126429,2.1071,36.6667,15,FCC,0.056992,0.019869,0.4696410663089002,0.1965188270301765,0.1790168005881504,GPR
0.137143,2.1071,36.6667,15,FCC,0.050211,0.017879,0.5243039847391655,0.2163199951475159,0.1943066440931763,GPR
0.147857,2.1071,36.6667,15,FCC,0.043991,0.016279,0.5847260058382591,0.2380301332969348,0.2104105791649196,GPR
0.158571,2.1071,36.6667,15,FCC,0.039129,0.01496,0.6517299791754321,0.2622353623203156,0.2274619707900609,GPR
0.169286,2.1071,36.6667,15,FCC,0.034871,0.01385,0.7261657566529944,0.2896509851261112,0.2456052424974568,GPR
0.18,2.1071,36.6667,15,FCC,0.030853,0.012902,0.808840368709163,0.3210547697601771,0.2649826641710379,GPR
0.03,2.2857,36.6667,15,FCC,0.262629,0.600528,0.1374801134742816,0.0632812463452137,0.0637868067677611,GPR
0.040714,2.2857,36.6667,15,FCC,0.224271,0.477213,0.1649879445678289,0.0754201784422323,0.0752047928127203,GPR
0.051429,2.2857,36.6667,15,FCC,0.186638,0.379195,0.1942135868811069,0.0880541207830709,0.0868989325644335,GPR
0.062143,2.2857,36.6667,15,FCC,0.158845,0.268106,0.2253606054408146,0.1012346967659918,0.0988898714618153,GPR
0.072857,2.2857,36.6667,15,FCC,0.139767,0.159996,0.2586631025509222,0.1150417828998232,0.1112028391470513,GPR
0.083571,2.2857,36.6667,15,FCC,0.121443,0.069248,0.2943956970696346,0.1295571782350305,0.123867149400178,GPR
0.094286,2.2857,36.6667,15,FCC,0.104496,0.044004,0.3328996620684367,0.1448598699314488,0.1369224581143723,GPR
0.105,2.2857,36.6667,15,FCC,0.092921,0.033811,0.3745849046816351,0.1610305599164179,0.1504175003481171,GPR
0.115714,2.2857,36.6667,15,FCC,0.083203,0.027998,0.4199627859869457,0.1781871535626104,0.1644203397994739,GPR
0.126429,2.2857,36.6667,15,FCC,0.073221,0.024123,0.4696410663089002,0.1965188270301765,0.1790168005881504,GPR
0.137143,2.2857,36.6667,15,FCC,0.064688,0.021306,0.5243039847391655,0.2163199951475159,0.1943066440931763,GPR
0.147857,2.2857,36.6667,15,FCC,0.058334,0.019142,0.5847260058382591,0.2380301332969348,0.2104105791649196,GPR
0.158571,2.2857,36.6667,15,FCC,0.052664,0.017415,0.6517299791754321,0.2622353623203156,0.2274619707900609,GPR
0.169286,2.2857,36.6667,15,FCC,0.046944,0.015999,0.7261657566529944,0.2896509851261112,0.2456052424974568,GPR
0.18,2.2857,36.6667,15,FCC,0.041998,0.014811,0.808840368709163,0.3210547697601771,0.2649826641710379,GPR
0.03,2.4643,36.6667,15,FCC,0.289776,0.389871,0.1374801134742816,0.0632812463452137,0.0637868067677611,GPR
0.040714,2.4643,36.6667,15,FCC,0.249346,0.506956,0.1649879445678289,0.0754201784422323,0.0752047928127203,GPR
0.051429,2.4643,36.6667,15,FCC,0.218179,0.4958,0.1942135868811069,0.0880541207830709,0.0868989325644335,GPR
0.062143,2.4643,36.6667,15,FCC,0.185844,0.385474,0.2253606054408146,0.1012346967659918,0.0988898714618153,GPR
0.072857,2.4643,36.6667,15,FCC,0.161028,0.292593,0.2586631025509222,0.1150417828998232,0.1112028391470513,GPR
0.083571,2.4643,36.6667,15,FCC,0.144109,0.19624,0.2943956970696346,0.1295571782350305,0.123867149400178,GPR
0.094286,2.4643,36.6667,15,FCC,0.128998,0.09562,0.3328996620684367,0.1448598699314488,0.1369224581143723,GPR
0.105,2.4643,36.6667,15,FCC,0.112855,0.052256,0.3745849046816351,0.1610305599164179,0.1504175003481171,GPR
0.115714,2.4643,36.6667,15,FCC,0.10004,0.038126,0.4199627859869457,0.1781871535626104,0.1644203397994739,GPR
0.126429,2.4643,36.6667,15,FCC,0.090841,0.030883,0.4696410663089002,0.1965188270301765,0.1790168005881504,GPR
0.137143,2.4643,36.6667,15,FCC,0.0827,0.026305,0.5243039847391655,0.2163199951475159,0.1943066440931763,GPR
0.147857,2.4643,36.6667,15,FCC,0.074143,0.023079,0.5847260058382591,0.2380301332969348,0.2104105791649196,GPR
0.158571,2.4643,36.6667,15,FCC,0.066202,0.020649,0.6517299791754321,0.2622353623203156,0.2274619707900609,GPR
0.169286,2.4643,36.6667,15,FCC,0.06026,0.018735,0.7261657566529944,0.2896509851261112,0.2456052424974568,GPR
0.18,2.4643,36.6667,15,FCC,0.055346,0.01718,0.808840368709163,0.3210547697601771,0.2649826641710379,GPR
0.03,2.6429,36.6667,15,FCC,0.322,0.673929,0.1374801134742816,0.0632812463452137,0.0637868067677611,GPR
0.040714,2.6429,36.6667,15,FCC,0.273022,0.340854,0.1649879445678289,0.0754201784422323,0.0752047928127203,GPR
0.051429,2.6429,36.6667,15,FCC,0.241715,0.386805,0.1942135868811069,0.0880541207830709,0.0868989325644335,GPR
0.062143,2.6429,36.6667,15,FCC,0.215508,0.499226,0.2253606054408146,0.1012346967659918,0.0988898714618153,GPR
0.072857,2.6429,36.6667,15,FCC,0.187593,0.372469,0.2586631025509222,0.1150417828998232,0.1112028391470513,GPR
0.083571,2.6429,36.6667,15,FCC,0.164325,0.280856,0.2943956970696346,0.1295571782350305,0.123867149400178,GPR
0.094286,2.6429,36.6667,15,FCC,0.148673,0.223499,0.3328996620684367,0.1448598699314488,0.1369224581143723,GPR
0.105,2.6429,36.6667,15,FCC,0.135619,0.14399,0.3745849046816351,0.1610305599164179,0.1504175003481171,GPR
0.115714,2.6429,36.6667,15,FCC,0.122351,0.069402,0.4199627859869457,0.1781871535626104,0.1644203397994739,GPR
0.126429,2.6429,36.6667,15,FCC,0.108454,0.045228,0.4696410663089002,0.1965188270301765,0.1790168005881504,GPR
0.137143,2.6429,36.6667,15,FCC,0.098099,0.035082,0.5243039847391655,0.2163199951475159,0.1943066440931763,GPR
0.147857,2.6429,36.6667,15,FCC,0.090335,0.029251,0.5847260058382591,0.2380301332969348,0.2104105791649196,GPR
0.158571,2.6429,36.6667,15,FCC,0.083409,0.02535,0.6517299791754321,0.2622353623203156,0.2274619707900609,GPR
0.169286,2.6429,36.6667,15,FCC,0.076179,0.022506,0.7261657566529944,0.2896509851261112,0.2456052424974568,GPR
0.18,2.6429,36.6667,15,FCC,0.068703,0.020315,0.808840368709163,0.3210547697601771,0.2649826641710379,GPR
0.03,2.8214,36.6667,15,FCC,0.350437,0.313285,0.1374801134742816,0.0632812463452137,0.0637868067677611,GPR
0.040714,2.8214,36.6667,15,FCC,0.299736,0.688302,0.1649879445678289,0.0754201784422323,0.0752047928127203,GPR
0.051429,2.8214,36.6667,15,FCC,0.263238,0.416203,0.1942135868811069,0.0880541207830709,0.0868989325644335,GPR
0.062143,2.8214,36.6667,15,FCC,0.237429,0.347807,0.2253606054408146,0.1012346967659918,0.0988898714618153,GPR
0.072857,2.8214,36.6667,15,FCC,0.214999,0.522097,0.2586631025509222,0.1150417828998232,0.1112028391470513,GPR
0.083571,2.8214,36.6667,15,FCC,0.191078,0.325069,0.2943956970696346,0.1295571782350305,0.123867149400178,GPR
0.094286,2.8214,36.6667,15,FCC,0.168627,0.276162,0.3328996620684367,0.1448598699314488,0.1369224581143723,GPR
0.105,2.8214,36.6667,15,FCC,0.153464,0.257777,0.3745849046816351,0.1610305599164179,0.1504175003481171,GPR
0.115714,2.8214,36.6667,15,FCC,0.141533,0.193469,0.4199627859869457,0.1781871535626104,0.1644203397994739,GPR
0.126429,2.8214,36.6667,15,FCC,0.130537,0.111164,0.4696410663089002,0.1965188270301765,0.1790168005881504,GPR
0.137143,2.8214,36.6667,15,FCC,0.118663,0.059222,0.5243039847391655,0.2163199951475159,0.1943066440931763,GPR
0.147857,2.8214,36.6667,15,FCC,0.106591,0.041855,0.5847260058382591,0.2380301332969348,0.2104105791649196,GPR
0.158571,2.8214,36.6667,15,FCC,0.097636,0.03351,0.6517299791754321,0.2622353623203156,0.2274619707900609,GPR
0.169286,2.8214,36.6667,15,FCC,0.090809,0.028415,0.7261657566529944,0.2896509851261112,0.2456052424974568,GPR
0.18,2.8214,36.6667,15,FCC,0.084802,0.024894,0.808840368709163,0.3210547697601771,0.2649826641710379,GPR
0.03,3.0,36.6667,15,FCC,0.370755,0.665056,0.1374801134742816,0.0632812463452137,0.0637868067677611,GPR
0.040714,3.0,36.6667,15,FCC,0.329618,0.391234,0.1649879445678289,0.0754201784422323,0.0752047928127203,GPR
0.051429,3.0,36.6667,15,FCC,0.286342,0.444572,0.1942135868811069,0.0880541207830709,0.0868989325644335,GPR
0.062143,3.0,36.6667,15,FCC,0.257292,0.491846,0.2253606054408146,0.1012346967659918,0.0988898714618153,GPR
0.072857,3.0,36.6667,15,FCC,0.23526,0.339771,0.2586631025509222,0.1150417828998232,0.1112028391470513,GPR
0.083571,3.0,36.6667,15,FCC,0.215808,0.525119,0.2943956970696346,0.1295571782350305,0.123867149400178,GPR
0.094286,3.0,36.6667,15,FCC,0.195533,0.289841,0.3328996620684367,0.1448598699314488,0.1369224581143723,GPR
0.105,3.0,36.6667,15,FCC,0.174052,0.357895,0.3745849046816351,0.1610305599164179,0.1504175003481171,GPR
0.115714,3.0,36.6667,15,FCC,0.158603,0.299098,0.4199627859869457,0.1781871535626104,0.1644203397994739,GPR
0.126429,3.0,36.6667,15,FCC,0.147134,0.221677,0.4696410663089002,0.1965188270301765,0.1790168005881504,GPR
0.137143,3.0,36.6667,15,FCC,0.137271,0.167119,0.5243039847391655,0.2163199951475159,0.1943066440931763,GPR
0.147857,3.0,36.6667,15,FCC,0.127715,0.095329,0.5847260058382591,0.2380301332969348,0.2104105791649196,GPR
0.158571,3.0,36.6667,15,FCC,0.117148,0.055077,0.6517299791754321,0.2622353623203156,0.2274619707900609,GPR
0.169286,3.0,36.6667,15,FCC,0.106352,0.040411,0.7261657566529944,0.2896509851261112,0.2456052424974568,GPR
0.18,3.0,36.6667,15,FCC,0.098163,0.032886,0.808840368709163,0.3210547697601771,0.2649826641710379,GPR
0.03,0.5,40.0,15,FCC,0.010354,0.01085,0.1374801134742816,0.0632812463452137,0.0637868067677611,GPR
0.040714,0.5,40.0,15,FCC,0.007933,0.008366,0.1649879445678289,0.0754201784422323,0.0752047928127203,GPR
0.051429,0.5,40.0,15,FCC,0.006432,0.006807,0.1942135868811069,0.0880541207830709,0.0868989325644335,GPR
0.062143,0.5,40.0,15,FCC,0.005409,0.005738,0.2253606054408146,0.1012346967659918,0.0988898714618153,GPR
0.072857,0.5,40.0,15,FCC,0.004667,0.004959,0.2586631025509222,0.1150417828998232,0.1112028391470513,GPR
0.083571,0.5,40.0,15,FCC,0.004104,0.004366,0.2943956970696346,0.1295571782350305,0.123867149400178,GPR
0.094286,0.5,40.0,15,FCC,0.003662,0.003899,0.3328996620684367,0.1448598699314488,0.1369224581143723,GPR
0.105,0.5,40.0,15,FCC,0.003306,0.003523,0.3745849046816351,0.1610305599164179,0.1504175003481171,GPR
0.115714,0.5,40.0,15,FCC,0.003013,0.003213,0.4199627859869457,0.1781871535626104,0.1644203397994739,GPR
0.126429,0.5,40.0,15,FCC,0.002768,0.002953,0.4696410663089002,0.1965188270301765,0.1790168005881504,GPR
0.137143,0.5,40.0,15,FCC,0.00256,0.002732,0.5243039847391655,0.2163199951475159,0.1943066440931763,GPR
0.147857,0.5,40.0,15,FCC,0.002381,0.002542,0.5847260058382591,0.2380301332969348,0.2104105791649196,GPR
0.158571,0.5,40.0,15,FCC,0.002225,0.002376,0.6517299791754321,0.2622353623203156,0.2274619707900609,GPR
0.169286,0.5,40.0,15,FCC,0.002089,0.002231,0.7261657566529944,0.2896509851261112,0.2456052424974568,GPR
0.18,0.5,40.0,15,FCC,0.001968,0.002103,0.808840368709163,0.3210547697601771,0.2649826641710379,GPR
0.03,0.6786,40.0,15,FCC,0.013893,0.013882,0.1374801134742816,0.0632812463452137,0.0637868067677611,GPR
0.040714,0.6786,40.0,15,FCC,0.010599,0.010793,0.1649879445678289,0.0754201784422323,0.0752047928127203,GPR
0.051429,0.6786,40.0,15,FCC,0.008586,0.00883,0.1942135868811069,0.0880541207830709,0.0868989325644335,GPR
0.062143,0.6786,40.0,15,FCC,0.007222,0.007471,0.2253606054408146,0.1012346967659918,0.0988898714618153,GPR
0.072857,0.6786,40.0,15,FCC,0.006234,0.006475,0.2586631025509222,0.1150417828998232,0.1112028391470513,GPR
0.083571,0.6786,40.0,15,FCC,0.005485,0.005714,0.2943956970696346,0.1295571782350305,0.123867149400178,GPR
0.094286,0.6786,40.0,15,FCC,0.004897,0.005113,0.3328996620684367,0.1448598699314488,0.1369224581143723,GPR
0.105,0.6786,40.0,15,FCC,0.004423,0.004626,0.3745849046816351,0.1610305599164179,0.1504175003481171,GPR
0.115714,0.6786,40.0,15,FCC,0.004033,0.004224,0.4199627859869457,0.1781871535626104,0.1644203397994739,GPR
0.126429,0.6786,40.0,15,FCC,0.003706,0.003886,0.4696410663089002,0.1965188270301765,0.1790168005881504,GPR
0.137143,0.6786,40.0,15,FCC,0.003429,0.003598,0.5243039847391655,0.2163199951475159,0.1943066440931763,GPR
0.147857,0.6786,40.0,15,FCC,0.00319,0.00335,0.5847260058382591,0.2380301332969348,0.2104105791649196,GPR
0.158571,0.6786,40.0,15,FCC,0.002982,0.003134,0.6517299791754321,0.2622353623203156,0.2274619707900609,GPR
0.169286,0.6786,40.0,15,FCC,0.0028,0.002944,0.7261657566529944,0.2896509851261112,0.2456052424974568,GPR
0.18,0.6786,40.0,15,FCC,0.002638,0.002776,0.808840368709163,0.3210547697601771,0.2649826641710379,GPR
0.03,0.8571,40.0,15,FCC,0.018736,0.017019,0.1374801134742816,0.0632812463452137,0.0637868067677611,GPR
0.040714,0.8571,40.0,15,FCC,0.013714,0.013264,0.1649879445678289,0.0754201784422323,0.0752047928127203,GPR
0.051429,0.8571,40.0,15,FCC,0.010945,0.010875,0.1942135868811069,0.0880541207830709,0.0868989325644335,GPR
0.062143,0.8571,40.0,15,FCC,0.009142,0.009219,0.2253606054408146,0.1012346967659918,0.0988898714618153,GPR
0.072857,0.8571,40.0,15,FCC,0.007861,0.008001,0.2586631025509222,0.1150417828998232,0.1112028391470513,GPR
0.083571,0.8571,40.0,15,FCC,0.006901,0.007069,0.2943956970696346,0.1295571782350305,0.123867149400178,GPR
0.094286,0.8571,40.0,15,FCC,0.006152,0.006331,0.3328996620684367,0.1448598699314488,0.1369224581143723,GPR
0.105,0.8571,40.0,15,FCC,0.005551,0.005733,0.3745849046816351,0.1610305599164179,0.1504175003481171,GPR
0.115714,0.8571,40.0,15,FCC,0.005058,0.005238,0.4199627859869457,0.1781871535626104,0.1644203397994739,GPR
0.126429,0.8571,40.0,15,FCC,0.004646,0.004822,0.4696410663089002,0.1965188270301765,0.1790168005881504,GPR
0.137143,0.8571,40.0,15,FCC,0.004296,0.004468,0.5243039847391655,0.2163199951475159,0.1943066440931763,GPR
0.147857,0.8571,40.0,15,FCC,0.003995,0.004162,0.5847260058382591,0.2380301332969348,0.2104105791649196,GPR
0.158571,0.8571,40.0,15,FCC,0.003734,0.003895,0.6517299791754321,0.2622353623203156,0.2274619707900609,GPR
0.169286,0.8571,40.0,15,FCC,0.003505,0.00366,0.7261657566529944,0.2896509851261112,0.2456052424974568,GPR
0.18,0.8571,40.0,15,FCC,0.003303,0.003452,0.808840368709163,0.3210547697601771,0.2649826641710379,GPR
0.03,1.0357,40.0,15,FCC,0.028911,0.020554,0.1374801134742816,0.0632812463452137,0.0637868067677611,GPR
0.040714,1.0357,40.0,15,FCC,0.01895,0.015957,0.1649879445678289,0.0754201784422323,0.0752047928127203,GPR
0.051429,1.0357,40.0,15,FCC,0.014166,0.013067,0.1942135868811069,0.0880541207830709,0.0868989325644335,GPR
0.062143,1.0357,40.0,15,FCC,0.011514,0.011072,0.2253606054408146,0.1012346967659918,0.0988898714618153,GPR
0.072857,1.0357,40.0,15,FCC,0.00977,0.00961,0.2586631025509222,0.1150417828998232,0.1112028391470513,GPR
0.083571,1.0357,40.0,15,FCC,0.00851,0.008491,0.2943956970696346,0.1295571782350305,0.123867149400178,GPR
0.094286,1.0357,40.0,15,FCC,0.007549,0.007606,0.3328996620684367,0.1448598699314488,0.1369224581143723,GPR
0.105,1.0357,40.0,15,FCC,0.006789,0.006889,0.3745849046816351,0.1610305599164179,0.1504175003481171,GPR
0.115714,1.0357,40.0,15,FCC,0.006171,0.006296,0.4199627859869457,0.1781871535626104,0.1644203397994739,GPR
0.126429,1.0357,40.0,15,FCC,0.005658,0.005797,0.4696410663089002,0.1965188270301765,0.1790168005881504,GPR
0.137143,1.0357,40.0,15,FCC,0.005225,0.005371,0.5243039847391655,0.2163199951475159,0.1943066440931763,GPR
0.147857,1.0357,40.0,15,FCC,0.004854,0.005004,0.5847260058382591,0.2380301332969348,0.2104105791649196,GPR
0.158571,1.0357,40.0,15,FCC,0.004532,0.004684,0.6517299791754321,0.2622353623203156,0.2274619707900609,GPR
0.169286,1.0357,40.0,15,FCC,0.004251,0.004402,0.7261657566529944,0.2896509851261112,0.2456052424974568,GPR
0.18,1.0357,40.0,15,FCC,0.004003,0.004153,0.808840368709163,0.3210547697601771,0.2649826641710379,GPR
0.03,1.2143,40.0,15,FCC,0.045679,0.024829,0.1374801134742816,0.0632812463452137,0.0637868067677611,GPR
0.040714,1.2143,40.0,15,FCC,0.029859,0.019029,0.1649879445678289,0.0754201784422323,0.0752047928127203,GPR
0.051429,1.2143,40.0,15,FCC,0.020689,0.015492,0.1942135868811069,0.0880541207830709,0.0868989325644335,GPR
0.062143,1.2143,40.0,15,FCC,0.015415,0.013087,0.2253606054408146,0.1012346967659918,0.0988898714618153,GPR
0.072857,1.2143,40.0,15,FCC,0.01243,0.011339,0.2586631025509222,0.1150417828998232,0.1112028391470513,GPR
0.083571,1.2143,40.0,15,FCC,0.010561,0.010007,0.2943956970696346,0.1295571782350305,0.123867149400178,GPR
0.094286,1.2143,40.0,15,FCC,0.009241,0.008958,0.3328996620684367,0.1448598699314488,0.1369224581143723,GPR
0.105,1.2143,40.0,15,FCC,0.008239,0.008109,0.3745849046816351,0.1610305599164179,0.1504175003481171,GPR
0.115714,1.2143,40.0,15,FCC,0.007445,0.007408,0.4199627859869457,0.1781871535626104,0.1644203397994739,GPR
0.126429,1.2143,40.0,15,FCC,0.006798,0.006819,0.4696410663089002,0.1965188270301765,0.1790168005881504,GPR
0.137143,1.2143,40.0,15,FCC,0.006257,0.006318,0.5243039847391655,0.2163199951475159,0.1943066440931763,GPR
0.147857,1.2143,40.0,15,FCC,0.005799,0.005885,0.5847260058382591,0.2380301332969348,0.2104105791649196,GPR
0.158571,1.2143,40.0,15,FCC,0.005405,0.005508,0.6517299791754321,0.2622353623203156,0.2274619707900609,GPR
0.169286,1.2143,40.0,15,FCC,0.005062,0.005176,0.7261657566529944,0.2896509851261112,0.2456052424974568,GPR
0.18,1.2143,40.0,15,FCC,0.00476,0.004883,0.808840368709163,0.3210547697601771,0.2649826641710379,GPR
0.03,1.3929,40.0,15,FCC,0.066905,0.030515,0.1374801134742816,0.0632812463452137,0.0637868067677611,GPR
0.040714,1.3929,40.0,15,FCC,0.045857,0.02274,0.1649879445678289,0.0754201784422323,0.0752047928127203,GPR
0.051429,1.3929,40.0,15,FCC,0.032487,0.018283,0.1942135868811069,0.0880541207830709,0.0868989325644335,GPR
0.062143,1.3929,40.0,15,FCC,0.023692,0.015341,0.2253606054408146,0.1012346967659918,0.0988898714618153,GPR
0.072857,1.3929,40.0,15,FCC,0.017863,0.013237,0.2586631025509222,0.1150417828998232,0.1112028391470513,GPR
0.083571,1.3929,40.0,15,FCC,0.014087,0.011651,0.2943956970696346,0.1295571782350305,0.123867149400178,GPR
0.094286,1.3929,40.0,15,FCC,0.011719,0.01041,0.3328996620684367,0.1448598699314488,0.1369224581143723,GPR
0.105,1.3929,40.0,15,FCC,0.010165,0.009411,0.3745849046816351,0.1610305599164179,0.1504175003481171,GPR
0.115714,1.3929,40.0,15,FCC,0.009041,0.008589,0.4199627859869457,0.1781871535626104,0.1644203397994739,GPR
0.126429,1.3929,40.0,15,FCC,0.008171,0.0079,0.4696410663089002,0.1965188270301765,0.1790168005881504,GPR
0.137143,1.3929,40.0,15,FCC,0.007469,0.007314,0.5243039847391655,0.2163199951475159,0.1943066440931763,GPR
0.147857,1.3929,40.0,15,FCC,0.006887,0.00681,0.5847260058382591,0.2380301332969348,0.2104105791649196,GPR
0.158571,1.3929,40.0,15,FCC,0.006393,0.006371,0.6517299791754321,0.2622353623203156,0.2274619707900609,GPR
0.169286,1.3929,40.0,15,FCC,0.005969,0.005986,0.7261657566529944,0.2896509851261112,0.2456052424974568,GPR
0.18,1.3929,40.0,15,FCC,0.0056,0.005644,0.808840368709163,0.3210547697601771,0.2649826641710379,GPR
0.03,1.5714,40.0,15,FCC,0.091428,0.039312,0.1374801134742816,0.0632812463452137,0.0637868067677611,GPR
0.040714,1.5714,40.0,15,FCC,0.065407,0.027603,0.1649879445678289,0.0754201784422323,0.0752047928127203,GPR
0.051429,1.5714,40.0,15,FCC,0.048075,0.021671,0.1942135868811069,0.0880541207830709,0.0868989325644335,GPR
0.062143,1.5714,40.0,15,FCC,0.036167,0.017961,0.2253606054408146,0.1012346967659918,0.0988898714618153,GPR
0.072857,1.5714,40.0,15,FCC,0.027649,0.015383,0.2586631025509222,0.1150417828998232,0.1112028391470513,GPR
0.083571,1.5714,40.0,15,FCC,0.021453,0.013475,0.2943956970696346,0.1295571782350305,0.123867149400178,GPR
0.094286,1.5714,40.0,15,FCC,0.01697,0.011999,0.3328996620684367,0.1448598699314488,0.1369224581143723,GPR
0.105,1.5714,40.0,15,FCC,0.013787,0.010821,0.3745849046816351,0.1610305599164179,0.1504175003481171,GPR
0.115714,1.5714,40.0,15,FCC,0.011604,0.009858,0.4199627859869457,0.1781871535626104,0.1644203397994739,GPR
0.126429,1.5714,40.0,15,FCC,0.010126,0.009054,0.4696410663089002,0.1965188270301765,0.1790168005881504,GPR
0.137143,1.5714,40.0,15,FCC,0.009067,0.008373,0.5243039847391655,0.2163199951475159,0.1943066440931763,GPR
0.147857,1.5714,40.0,15,FCC,0.008251,0.007788,0.5847260058382591,0.2380301332969348,0.2104105791649196,GPR
0.158571,1.5714,40.0,15,FCC,0.007591,0.007281,0.6517299791754321,0.2622353623203156,0.2274619707900609,GPR
0.169286,1.5714,40.0,15,FCC,0.007041,0.006836,0.7261657566529944,0.2896509851261112,0.2456052424974568,GPR
0.18,1.5714,40.0,15,FCC,0.006573,0.006443,0.808840368709163,0.3210547697601771,0.2649826641710379,GPR
0.03,1.75,40.0,15,FCC,0.116184,0.057699,0.1374801134742816,0.0632812463452137,0.0637868067677611,GPR
0.040714,1.75,40.0,15,FCC,0.087715,0.034848,0.1649879445678289,0.0754201784422323,0.0752047928127203,GPR
0.051429,1.75,40.0,15,FCC,0.066567,0.026109,0.1942135868811069,0.0880541207830709,0.0868989325644335,GPR
0.062143,1.75,40.0,15,FCC,0.051609,0.021168,0.2253606054408146,0.1012346967659918,0.0988898714618153,GPR
0.072857,1.75,40.0,15,FCC,0.040736,0.017905,0.2586631025509222,0.1150417828998232,0.1112028391470513,GPR
0.083571,1.75,40.0,15,FCC,0.032247,0.015559,0.2943956970696346,0.1295571782350305,0.123867149400178,GPR
0.094286,1.75,40.0,15,FCC,0.025874,0.01378,0.3328996620684367,0.1448598699314488,0.1369224581143723,GPR
0.105,1.75,40.0,15,FCC,0.02092,0.012379,0.3745849046816351,0.1610305599164179,0.1504175003481171,GPR
0.115714,1.75,40.0,15,FCC,0.017094,0.011244,0.4199627859869457,0.1781871535626104,0.1644203397994739,GPR
0.126429,1.75,40.0,15,FCC,0.01418,0.010304,0.4696410663089002,0.1965188270301765,0.1790168005881504,GPR
0.137143,1.75,40.0,15,FCC,0.012005,0.009512,0.5243039847391655,0.2163199951475159,0.1943066440931763,GPR
0.147857,1.75,40.0,15,FCC,0.010435,0.008835,0.5847260058382591,0.2380301332969348,0.2104105791649196,GPR
0.158571,1.75,40.0,15,FCC,0.009313,0.008249,0.6517299791754321,0.2622353623203156,0.2274619707900609,GPR
0.169286,1.75,40.0,15,FCC,0.008475,0.007737,0.7261657566529944,0.2896509851261112,0.2456052424974568,GPR
0.18,1.75,40.0,15,FCC,0.007812,0.007286,0.808840368709163,0.3210547697601771,0.2649826641710379,GPR
0.03,1.9286,40.0,15,FCC,0.145651,0.139849,0.1374801134742816,0.0632812463452137,0.0637868067677611,GPR
0.040714,1.9286,40.0,15,FCC,0.109978,0.048554,0.1649879445678289,0.0754201784422323,0.0752047928127203,GPR
0.051429,1.9286,40.0,15,FCC,0.087715,0.032653,0.1942135868811069,0.0880541207830709,0.0868989325644335,GPR
0.062143,1.9286,40.0,15,FCC,0.069137,0.025399,0.2253606054408146,0.1012346967659918,0.0988898714618153,GPR
0.072857,1.9286,40.0,15,FCC,0.056309,0.021028,0.2586631025509222,0.1150417828998232,0.1112028391470513,GPR
0.083571,1.9286,40.0,15,FCC,0.045526,0.01804,0.2943956970696346,0.1295571782350305,0.123867149400178,GPR
0.094286,1.9286,40.0,15,FCC,0.037534,0.015842,0.3328996620684367,0.1448598699314488,0.1369224581143723,GPR
0.105,1.9286,40.0,15,FCC,0.030841,0.014145,0.3745849046816351,0.1610305599164179,0.1504175003481171,GPR
0.115714,1.9286,40.0,15,FCC,0.025635,0.012791,0.4199627859869457,0.1781871535626104,0.1644203397994739,GPR
0.126429,1.9286,40.0,15,FCC,0.021334,0.011682,0.4696410663089002,0.1965188270301765,0.1790168005881504,GPR
0.137143,1.9286,40.0,15,FCC,0.017898,0.010756,0.5243039847391655,0.2163199951475159,0.1943066440931763,GPR
0.147857,1.9286,40.0,15,FCC,0.015119,0.009969,0.5847260058382591,0.2380301332969348,0.2104105791649196,GPR
0.158571,1.9286,40.0,15,FCC,0.012909,0.009292,0.6517299791754321,0.2622353623203156,0.2274619707900609,GPR
0.169286,1.9286,40.0,15,FCC,0.011185,0.008702,0.7261657566529944,0.2896509851261112,0.2456052424974568,GPR
0.18,1.9286,40.0,15,FCC,0.009878,0.008184,0.808840368709163,0.3210547697601771,0.2649826641710379,GPR
0.03,2.1071,40.0,15,FCC,0.169987,0.286194,0.1374801134742816,0.0632812463452137,0.0637868067677611,GPR
0.040714,2.1071,40.0,15,FCC,0.136941,0.097164,0.1649879445678289,0.0754201784422323,0.0752047928127203,GPR
0.051429,2.1071,40.0,15,FCC,0.108005,0.044641,0.1942135868811069,0.0880541207830709,0.0868989325644335,GPR
0.062143,2.1071,40.0,15,FCC,0.089722,0.031669,0.2253606054408146,0.1012346967659918,0.0988898714618153,GPR
0.072857,2.1071,40.0,15,FCC,0.072805,0.025202,0.2586631025509222,0.1150417828998232,0.1112028391470513,GPR
0.083571,2.1071,40.0,15,FCC,0.061227,0.021157,0.2943956970696346,0.1295571782350305,0.123867149400178,GPR
0.094286,2.1071,40.0,15,FCC,0.051037,0.018329,0.3328996620684367,0.1448598699314488,0.1369224581143723,GPR
0.105,2.1071,40.0,15,FCC,0.042926,0.016217,0.3745849046816351,0.1610305599164179,0.1504175003481171,GPR
0.115714,2.1071,40.0,15,FCC,0.03646,0.014568,0.4199627859869457,0.1781871535626104,0.1644203397994739,GPR
0.126429,2.1071,40.0,15,FCC,0.030758,0.013239,0.4696410663089002,0.1965188270301765,0.1790168005881504,GPR
0.137143,2.1071,40.0,15,FCC,0.026301,0.012142,0.5243039847391655,0.2163199951475159,0.1943066440931763,GPR
0.147857,2.1071,40.0,15,FCC,0.022385,0.01122,0.5847260058382591,0.2380301332969348,0.2104105791649196,GPR
0.158571,2.1071,40.0,15,FCC,0.0192,0.010432,0.6517299791754321,0.2622353623203156,0.2274619707900609,GPR
0.169286,2.1071,40.0,15,FCC,0.016498,0.00975,0.7261657566529944,0.2896509851261112,0.2456052424974568,GPR
0.18,2.1071,40.0,15,FCC,0.014261,0.009154,0.808840368709163,0.3210547697601771,0.2649826641710379,GPR
0.03,2.2857,40.0,15,FCC,0.19751,0.413602,0.1374801134742816,0.0632812463452137,0.0637868067677611,GPR
0.040714,2.2857,40.0,15,FCC,0.160042,0.240724,0.1649879445678289,0.0754201784422323,0.0752047928127203,GPR
0.051429,2.2857,40.0,15,FCC,0.133039,0.082895,0.1942135868811069,0.0880541207830709,0.0868989325644335,GPR
0.062143,2.2857,40.0,15,FCC,0.108305,0.043185,0.2253606054408146,0.1012346967659918,0.0988898714618153,GPR
0.072857,2.2857,40.0,15,FCC,0.09267,0.031489,0.2586631025509222,0.1150417828998232,0.1112028391470513,GPR
0.083571,2.2857,40.0,15,FCC,0.077761,0.025398,0.2943956970696346,0.1295571782350305,0.123867149400178,GPR
0.094286,2.2857,40.0,15,FCC,0.06595,0.021509,0.3328996620684367,0.1448598699314488,0.1369224581143723,GPR
0.105,2.2857,40.0,15,FCC,0.05722,0.018757,0.3745849046816351,0.1610305599164179,0.1504175003481171,GPR
0.115714,2.2857,40.0,15,FCC,0.048664,0.016682,0.4199627859869457,0.1781871535626104,0.1644203397994739,GPR
0.126429,2.2857,40.0,15,FCC,0.042058,0.015051,0.4696410663089002,0.1965188270301765,0.1790168005881504,GPR
0.137143,2.2857,40.0,15,FCC,0.036644,0.013728,0.5243039847391655,0.2163199951475159,0.1943066440931763,GPR
0.147857,2.2857,40.0,15,FCC,0.031532,0.01263,0.5847260058382591,0.2380301332969348,0.2104105791649196,GPR
0.158571,2.2857,40.0,15,FCC,0.027491,0.011703,0.6517299791754321,0.2622353623203156,0.2274619707900609,GPR
0.169286,2.2857,40.0,15,FCC,0.023979,0.010907,0.7261657566529944,0.2896509851261112,0.2456052424974568,GPR
0.18,2.2857,40.0,15,FCC,0.020838,0.010217,0.808840368709163,0.3210547697601771,0.2649826641710379,GPR
0.03,2.4643,40.0,15,FCC,0.227762,0.51062,0.1374801134742816,0.0632812463452137,0.0637868067677611,GPR
0.040714,2.4643,40.0,15,FCC,0.182486,0.305493,0.1649879445678289,0.0754201784422323,0.0752047928127203,GPR
0.051429,2.4643,40.0,15,FCC,0.154977,0.224891,0.1942135868811069,0.0880541207830709,0.0868989325644335,GPR
0.062143,2.4643,40.0,15,FCC,0.132246,0.07984,0.2253606054408146,0.1012346967659918,0.0988898714618153,GPR
0.072857,2.4643,40.0,15,FCC,0.110082,0.043356,0.2586631025509222,0.1150417828998232,0.1112028391470513,GPR
0.083571,2.4643,40.0,15,FCC,0.095995,0.031956,0.2943956970696346,0.1295571782350305,0.123867149400178,GPR
0.094286,2.4643,40.0,15,FCC,0.083616,0.025938,0.3328996620684367,0.1448598699314488,0.1369224581143723,GPR
0.105,2.4643,40.0,15,FCC,0.071227,0.022072,0.3745849046816351,0.1610305599164179,0.1504175003481171,GPR
0.115714,2.4643,40.0,15,FCC,0.062629,0.019322,0.4199627859869457,0.1781871535626104,0.1644203397994739,GPR
0.126429,2.4643,40.0,15,FCC,0.055385,0.017242,0.4696410663089002,0.1965188270301765,0.1790168005881504,GPR
0.137143,2.4643,40.0,15,FCC,0.047987,0.0156,0.5243039847391655,0.2163199951475159,0.1943066440931763,GPR
0.147857,2.4643,40.0,15,FCC,0.042201,0.014265,0.5847260058382591,0.2380301332969348,0.2104105791649196,GPR
0.158571,2.4643,40.0,15,FCC,0.037573,0.013153,0.6517299791754321,0.2622353623203156,0.2274619707900609,GPR
0.169286,2.4643,40.0,15,FCC,0.033008,0.012212,0.7261657566529944,0.2896509851261112,0.2456052424974568,GPR
0.18,2.4643,40.0,15,FCC,0.029039,0.011402,0.808840368709163,0.3210547697601771,0.2649826641710379,GPR
0.03,2.6429,40.0,15,FCC,0.249775,0.348019,0.1374801134742816,0.0632812463452137,0.0637868067677611,GPR
0.040714,2.6429,40.0,15,FCC,0.211537,0.321211,0.1649879445678289,0.0754201784422323,0.0752047928127203,GPR
0.051429,2.6429,40.0,15,FCC,0.174825,0.298344,0.1942135868811069,0.0880541207830709,0.0868989325644335,GPR
0.062143,2.6429,40.0,15,FCC,0.152673,0.217356,0.2253606054408146,0.1012346967659918,0.0988898714618153,GPR
0.072857,2.6429,40.0,15,FCC,0.133395,0.084043,0.2586631025509222,0.1150417828998232,0.1112028391470513,GPR
0.083571,2.6429,40.0,15,FCC,0.113067,0.044992,0.2943956970696346,0.1295571782350305,0.123867149400178,GPR
0.094286,2.6429,40.0,15,FCC,0.09956,0.033048,0.3328996620684367,0.1448598699314488,0.1369224581143723,GPR
0.105,2.6429,40.0,15,FCC,0.089039,0.026827,0.3745849046816351,0.1610305599164179,0.1504175003481171,GPR
0.115714,2.6429,40.0,15,FCC,0.0779,0.022854,0.4199627859869457,0.1781871535626104,0.1644203397994739,GPR
0.126429,2.6429,40.0,15,FCC,0.068018,0.020036,0.4696410663089002,0.1965188270301765,0.1790168005881504,GPR
0.137143,2.6429,40.0,15,FCC,0.061115,0.017906,0.5243039847391655,0.2163199951475159,0.1943066440931763,GPR
0.147857,2.6429,40.0,15,FCC,0.054956,0.016226,0.5847260058382591,0.2380301332969348,0.2104105791649196,GPR
0.158571,2.6429,40.0,15,FCC,0.048433,0.014859,0.6517299791754321,0.2622353623203156,0.2274619707900609,GPR
0.169286,2.6429,40.0,15,FCC,0.043019,0.01372,0.7261657566529944,0.2896509851261112,0.2456052424974568,GPR
0.18,2.6429,40.0,15,FCC,0.038888,0.012755,0.808840368709163,0.3210547697601771,0.2649826641710379,GPR
0.03,2.8214,40.0,15,FCC,0.268951,0.625419,0.1374801134742816,0.0632812463452137,0.0637868067677611,GPR
0.040714,2.8214,40.0,15,FCC,0.234845,0.438883,0.1649879445678289,0.0754201784422323,0.0752047928127203,GPR
0.051429,2.8214,40.0,15,FCC,0.200604,0.35946,0.1942135868811069,0.0880541207830709,0.0868989325644335,GPR
0.062143,2.8214,40.0,15,FCC,0.170834,0.31434,0.2253606054408146,0.1012346967659918,0.0988898714618153,GPR
0.072857,2.8214,40.0,15,FCC,0.15207,0.22351,0.2586631025509222,0.1150417828998232,0.1112028391470513,GPR
0.083571,2.8214,40.0,15,FCC,0.135629,0.09649,0.2943956970696346,0.1295571782350305,0.123867149400178,GPR
0.094286,2.8214,40.0,15,FCC,0.117273,0.048389,0.3328996620684367,0.1448598699314488,0.1369224581143723,GPR
0.105,2.8214,40.0,15,FCC,0.103463,0.034864,0.3745849046816351,0.1610305599164179,0.1504175003481171,GPR
0.115714,2.8214,40.0,15,FCC,0.093769,0.028114,0.4199627859869457,0.1781871535626104,0.1644203397994739,GPR
0.126429,2.8214,40.0,15,FCC,0.084769,0.023887,0.4696410663089002,0.1965188270301765,0.1790168005881504,GPR
0.137143,2.8214,40.0,15,FCC,0.074762,0.020922,0.5243039847391655,0.2163199951475159,0.1943066440931763,GPR
0.147857,2.8214,40.0,15,FCC,0.066574,0.018694,0.5847260058382591,0.2380301332969348,0.2104105791649196,GPR
0.158571,2.8214,40.0,15,FCC,0.060695,0.016944,0.6517299791754321,0.2622353623203156,0.2274619707900609,GPR
0.169286,2.8214,40.0,15,FCC,0.055421,0.015524,0.7261657566529944,0.2896509851261112,0.2456052424974568,GPR
0.18,2.8214,40.0,15,FCC,0.049724,0.014342,0.808840368709163,0.3210547697601771,0.2649826641710379,GPR
0.03,3.0,40.0,15,FCC,0.288082,0.329219,0.1374801134742816,0.0632812463452137,0.0637868067677611,GPR
0.040714,3.0,40.0,15,FCC,0.253099,0.493947,0.1649879445678289,0.0754201784422323,0.0752047928127203,GPR
0.051429,3.0,40.0,15,FCC,0.224878,0.580818,0.1942135868811069,0.0880541207830709,0.0868989325644335,GPR
0.062143,3.0,40.0,15,FCC,0.193994,0.420462,0.2253606054408146,0.1012346967659918,0.0988898714618153,GPR
0.072857,3.0,40.0,15,FCC,0.168972,0.318451,0.2586631025509222,0.1150417828998232,0.1112028391470513,GPR
0.083571,3.0,40.0,15,FCC,0.152548,0.237295,0.2943956970696346,0.1295571782350305,0.123867149400178,GPR
0.094286,3.0,40.0,15,FCC,0.138345,0.119817,0.3328996620684367,0.1448598699314488,0.1369224581143723,GPR
0.105,3.0,40.0,15,FCC,0.122584,0.054534,0.3745849046816351,0.1610305599164179,0.1504175003481171,GPR
0.115714,3.0,40.0,15,FCC,0.10798,0.037658,0.4199627859869457,0.1781871535626104,0.1644203397994739,GPR
0.126429,3.0,40.0,15,FCC,0.098244,0.029907,0.4696410663089002,0.1965188270301765,0.1790168005881504,GPR
0.137143,3.0,40.0,15,FCC,0.090346,0.025232,0.5243039847391655,0.2163199951475159,0.1943066440931763,GPR
0.147857,3.0,40.0,15,FCC,0.082352,0.022018,0.5847260058382591,0.2380301332969348,0.2104105791649196,GPR
0.158571,3.0,40.0,15,FCC,0.073402,0.019634,0.6517299791754321,0.2622353623203156,0.2274619707900609,GPR
0.169286,3.0,40.0,15,FCC,0.066203,0.017775,0.7261657566529944,0.2896509851261112,0.2456052424974568,GPR
0.18,3.0,40.0,15,FCC,0.060976,0.016275,0.808840368709163,0.3210547697601771,0.2649826641710379,GPR
0.03,0.5,10.0,20,FCC,0.520384,0.555868,0.1374801134742816,0.0632812463452137,0.0637868067677611,GPR
0.040714,0.5,10.0,20,FCC,0.483004,0.50478,0.1649879445678289,0.0754201784422323,0.0752047928127203,GPR
0.051429,0.5,10.0,20,FCC,0.452041,0.44596,0.1942135868811069,0.0880541207830709,0.0868989325644335,GPR
0.062143,0.5,10.0,20,FCC,0.425081,0.441189,0.2253606054408146,0.1012346967659918,0.0988898714618153,GPR
0.072857,0.5,10.0,20,FCC,0.400876,0.423508,0.2586631025509222,0.1150417828998232,0.1112028391470513,GPR
0.083571,0.5,10.0,20,FCC,0.379126,0.393893,0.2943956970696346,0.1295571782350305,0.123867149400178,GPR
0.094286,0.5,10.0,20,FCC,0.35958,0.376003,0.3328996620684367,0.1448598699314488,0.1369224581143723,GPR
0.105,0.5,10.0,20,FCC,0.34188,0.365078,0.3745849046816351,0.1610305599164179,0.1504175003481171,GPR
0.115714,0.5,10.0,20,FCC,0.325678,0.351552,0.4199627859869457,0.1781871535626104,0.1644203397994739,GPR
0.126429,0.5,10.0,20,FCC,0.310664,0.336556,0.4696410663089002,0.1965188270301765,0.1790168005881504,GPR
0.137143,0.5,10.0,20,FCC,0.2966,0.324043,0.5243039847391655,0.2163199951475159,0.1943066440931763,GPR
0.147857,0.5,10.0,20,FCC,0.283314,0.313964,0.5847260058382591,0.2380301332969348,0.2104105791649196,GPR
0.158571,0.5,10.0,20,FCC,0.270693,0.304389,0.6517299791754321,0.2622353623203156,0.2274619707900609,GPR
0.169286,0.5,10.0,20,FCC,0.258668,0.294646,0.7261657566529944,0.2896509851261112,0.2456052424974568,GPR
0.18,0.5,10.0,20,FCC,0.247214,0.285315,0.808840368709163,0.3210547697601771,0.2649826641710379,GPR
0.03,0.6786,10.0,20,FCC,0.608497,0.72661,0.1374801134742816,0.0632812463452137,0.0637868067677611,GPR
0.040714,0.6786,10.0,20,FCC,0.585602,0.490061,0.1649879445678289,0.0754201784422323,0.0752047928127203,GPR
0.051429,0.6786,10.0,20,FCC,0.551789,0.448424,0.1942135868811069,0.0880541207830709,0.0868989325644335,GPR
0.062143,0.6786,10.0,20,FCC,0.529918,0.528934,0.2253606054408146,0.1012346967659918,0.0988898714618153,GPR
0.072857,0.6786,10.0,20,FCC,0.508151,0.610389,0.2586631025509222,0.1150417828998232,0.1112028391470513,GPR
0.083571,0.6786,10.0,20,FCC,0.49028,0.561738,0.2943956970696346,0.1295571782350305,0.123867149400178,GPR
0.094286,0.6786,10.0,20,FCC,0.475136,0.470997,0.3328996620684367,0.1448598699314488,0.1369224581143723,GPR
0.105,0.6786,10.0,20,FCC,0.459761,0.421986,0.3745849046816351,0.1610305599164179,0.1504175003481171,GPR
0.115714,0.6786,10.0,20,FCC,0.446253,0.419297,0.4199627859869457,0.1781871535626104,0.1644203397994739,GPR
0.126429,0.6786,10.0,20,FCC,0.433128,0.443643,0.4696410663089002,0.1965188270301765,0.1790168005881504,GPR
0.137143,0.6786,10.0,20,FCC,0.420193,0.463341,0.5243039847391655,0.2163199951475159,0.1943066440931763,GPR
0.147857,0.6786,10.0,20,FCC,0.408043,0.453986,0.5847260058382591,0.2380301332969348,0.2104105791649196,GPR
0.158571,0.6786,10.0,20,FCC,0.396177,0.422865,0.6517299791754321,0.2622353623203156,0.2274619707900609,GPR
0.169286,0.6786,10.0,20,FCC,0.384752,0.391769,0.7261657566529944,0.2896509851261112,0.2456052424974568,GPR
0.18,0.6786,10.0,20,FCC,0.373986,0.373005,0.808840368709163,0.3210547697601771,0.2649826641710379,GPR
0.03,0.8571,10.0,20,FCC,0.612331,0.479797,0.1374801134742816,0.0632812463452137,0.0637868067677611,GPR
0.040714,0.8571,10.0,20,FCC,0.621351,0.788669,0.1649879445678289,0.0754201784422323,0.0752047928127203,GPR
0.051429,0.8571,10.0,20,FCC,0.602875,0.894209,0.1942135868811069,0.0880541207830709,0.0868989325644335,GPR
0.062143,0.8571,10.0,20,FCC,0.591135,0.65628,0.2253606054408146,0.1012346967659918,0.0988898714618153,GPR
0.072857,0.8571,10.0,20,FCC,0.582816,0.478374,0.2586631025509222,0.1150417828998232,0.1112028391470513,GPR
0.083571,0.8571,10.0,20,FCC,0.561748,0.403512,0.2943956970696346,0.1295571782350305,0.123867149400178,GPR
0.094286,0.8571,10.0,20,FCC,0.541145,0.398949,0.3328996620684367,0.1448598699314488,0.1369224581143723,GPR
0.105,0.8571,10.0,20,FCC,0.529048,0.452058,0.3745849046816351,0.1610305599164179,0.1504175003481171,GPR
0.115714,0.8571,10.0,20,FCC,0.518478,0.552046,0.4199627859869457,0.1781871535626104,0.1644203397994739,GPR
0.126429,0.8571,10.0,20,FCC,0.505185,0.648821,0.4696410663089002,0.1965188270301765,0.1790168005881504,GPR
0.137143,0.8571,10.0,20,FCC,0.493283,0.65946,0.5243039847391655,0.2163199951475159,0.1943066440931763,GPR
0.147857,0.8571,10.0,20,FCC,0.484962,0.58361,0.5847260058382591,0.2380301332969348,0.2104105791649196,GPR
0.158571,0.8571,10.0,20,FCC,0.477465,0.492353,0.6517299791754321,0.2622353623203156,0.2274619707900609,GPR
0.169286,0.8571,10.0,20,FCC,0.46852,0.425596,0.7261657566529944,0.2896509851261112,0.2456052424974568,GPR
0.18,0.8571,10.0,20,FCC,0.459464,0.389118,0.808840368709163,0.3210547697601771,0.2649826641710379,GPR
0.03,1.0357,10.0,20,FCC,0.565871,0.310028,0.1374801134742816,0.0632812463452137,0.0637868067677611,GPR
0.040714,1.0357,10.0,20,FCC,0.565966,0.321486,0.1649879445678289,0.0754201784422323,0.0752047928127203,GPR
0.051429,1.0357,10.0,20,FCC,0.579765,0.403623,0.1942135868811069,0.0880541207830709,0.0868989325644335,GPR
0.062143,1.0357,10.0,20,FCC,0.600397,0.58571,0.2253606054408146,0.1012346967659918,0.0988898714618153,GPR
0.072857,1.0357,10.0,20,FCC,0.597899,0.846265,0.2586631025509222,0.1150417828998232,0.1112028391470513,GPR
0.083571,1.0357,10.0,20,FCC,0.5858,0.947631,0.2943956970696346,0.1295571782350305,0.123867149400178,GPR
0.094286,1.0357,10.0,20,FCC,0.575999,0.783553,0.3328996620684367,0.1448598699314488,0.1369224581143723,GPR
0.105,1.0357,10.0,20,FCC,0.57458,0.586982,0.3745849046816351,0.1610305599164179,0.1504175003481171,GPR
0.115714,1.0357,10.0,20,FCC,0.572252,0.457528,0.4199627859869457,0.1781871535626104,0.1644203397994739,GPR
0.126429,1.0357,10.0,20,FCC,0.560362,0.385985,0.4696410663089002,0.1965188270301765,0.1790168005881504,GPR
0.137143,1.0357,10.0,20,FCC,0.544469,0.35438,0.5243039847391655,0.2163199951475159,0.1943066440931763,GPR
0.147857,1.0357,10.0,20,FCC,0.530349,0.353316,0.5847260058382591,0.2380301332969348,0.2104105791649196,GPR
0.158571,1.0357,10.0,20,FCC,0.521523,0.380456,0.6517299791754321,0.2622353623203156,0.2274619707900609,GPR
0.169286,1.0357,10.0,20,FCC,0.516845,0.437363,0.7261657566529944,0.2896509851261112,0.2456052424974568,GPR
0.18,1.0357,10.0,20,FCC,0.5109,0.523969,0.808840368709163,0.3210547697601771,0.2649826641710379,GPR
0.03,1.2143,10.0,20,FCC,0.503473,0.386428,0.1374801134742816,0.0632812463452137,0.0637868067677611,GPR
0.040714,1.2143,10.0,20,FCC,0.53283,0.311993,0.1649879445678289,0.0754201784422323,0.0752047928127203,GPR
0.051429,1.2143,10.0,20,FCC,0.538225,0.281218,0.1942135868811069,0.0880541207830709,0.0868989325644335,GPR
0.062143,1.2143,10.0,20,FCC,0.537687,0.282442,0.2253606054408146,0.1012346967659918,0.0988898714618153,GPR
0.072857,1.2143,10.0,20,FCC,0.541491,0.315629,0.2586631025509222,0.1150417828998232,0.1112028391470513,GPR
0.083571,1.2143,10.0,20,FCC,0.558149,0.390274,0.2943956970696346,0.1295571782350305,0.123867149400178,GPR
0.094286,1.2143,10.0,20,FCC,0.57606,0.523398,0.3328996620684367,0.1448598699314488,0.1369224581143723,GPR
0.105,1.2143,10.0,20,FCC,0.578958,0.721939,0.3745849046816351,0.1610305599164179,0.1504175003481171,GPR
0.115714,1.2143,10.0,20,FCC,0.572967,0.921146,0.4199627859869457,0.1781871535626104,0.1644203397994739,GPR
0.126429,1.2143,10.0,20,FCC,0.56454,0.968608,0.4696410663089002,0.1965188270301765,0.1790168005881504,GPR
0.137143,1.2143,10.0,20,FCC,0.557644,0.839292,0.5243039847391655,0.2163199951475159,0.1943066440931763,GPR
0.147857,1.2143,10.0,20,FCC,0.555661,0.665563,0.5847260058382591,0.2380301332969348,0.2104105791649196,GPR
0.158571,1.2143,10.0,20,FCC,0.558574,0.526886,0.6517299791754321,0.2622353623203156,0.2274619707900609,GPR
0.169286,1.2143,10.0,20,FCC,0.558699,0.432365,0.7261657566529944,0.2896509851261112,0.2456052424974568,GPR
0.18,1.2143,10.0,20,FCC,0.552099,0.371873,0.808840368709163,0.3210547697601771,0.2649826641710379,GPR
0.03,1.3929,10.0,20,FCC,0.409905,0.565548,0.1374801134742816,0.0632812463452137,0.0637868067677611,GPR
0.040714,1.3929,10.0,20,FCC,0.444682,0.43206,0.1649879445678289,0.0754201784422323,0.0752047928127203,GPR
0.051429,1.3929,10.0,20,FCC,0.485526,0.343752,0.1942135868811069,0.0880541207830709,0.0868989325644335,GPR
0.062143,1.3929,10.0,20,FCC,0.505704,0.291288,0.2253606054408146,0.1012346967659918,0.0988898714618153,GPR
0.072857,1.3929,10.0,20,FCC,0.511474,0.26332,0.2586631025509222,0.1150417828998232,0.1112028391470513,GPR
0.083571,1.3929,10.0,20,FCC,0.511795,0.253628,0.2943956970696346,0.1295571782350305,0.123867149400178,GPR
0.094286,1.3929,10.0,20,FCC,0.511494,0.260157,0.3328996620684367,0.1448598699314488,0.1369224581143723,GPR
0.105,1.3929,10.0,20,FCC,0.514633,0.284127,0.3745849046816351,0.1610305599164179,0.1504175003481171,GPR
0.115714,1.3929,10.0,20,FCC,0.525809,0.329938,0.4199627859869457,0.1781871535626104,0.1644203397994739,GPR
0.126429,1.3929,10.0,20,FCC,0.543609,0.405375,0.4696410663089002,0.1965188270301765,0.1790168005881504,GPR
0.137143,1.3929,10.0,20,FCC,0.555358,0.520416,0.5243039847391655,0.2163199951475159,0.1943066440931763,GPR
0.147857,1.3929,10.0,20,FCC,0.557475,0.679303,0.5847260058382591,0.2380301332969348,0.2104105791649196,GPR
0.158571,1.3929,10.0,20,FCC,0.554122,0.857289,0.6517299791754321,0.2622353623203156,0.2274619707900609,GPR
0.169286,1.3929,10.0,20,FCC,0.548527,0.978184,0.7261657566529944,0.2896509851261112,0.2456052424974568,GPR
0.18,1.3929,10.0,20,FCC,0.542642,0.967832,0.808840368709163,0.3210547697601771,0.2649826641710379,GPR
0.03,1.5714,10.0,20,FCC,0.365144,0.681257,0.1374801134742816,0.0632812463452137,0.0637868067677611,GPR
0.040714,1.5714,10.0,20,FCC,0.378229,0.612149,0.1649879445678289,0.0754201784422323,0.0752047928127203,GPR
0.051429,1.5714,10.0,20,FCC,0.39554,0.496955,0.1942135868811069,0.0880541207830709,0.0868989325644335,GPR
0.062143,1.5714,10.0,20,FCC,0.423725,0.400092,0.2253606054408146,0.1012346967659918,0.0988898714618153,GPR
0.072857,1.5714,10.0,20,FCC,0.456192,0.331599,0.2586631025509222,0.1150417828998232,0.1112028391470513,GPR
0.083571,1.5714,10.0,20,FCC,0.476228,0.28585,0.2943956970696346,0.1295571782350305,0.123867149400178,GPR
0.094286,1.5714,10.0,20,FCC,0.484715,0.25664,0.3328996620684367,0.1448598699314488,0.1369224581143723,GPR
0.105,1.5714,10.0,20,FCC,0.487316,0.239811,0.3745849046816351,0.1610305599164179,0.1504175003481171,GPR
0.115714,1.5714,10.0,20,FCC,0.487411,0.233071,0.4199627859869457,0.1781871535626104,0.1644203397994739,GPR
0.126429,1.5714,10.0,20,FCC,0.487063,0.235559,0.4696410663089002,0.1965188270301765,0.1790168005881504,GPR
0.137143,1.5714,10.0,20,FCC,0.488067,0.247596,0.5243039847391655,0.2163199951475159,0.1943066440931763,GPR
0.147857,1.5714,10.0,20,FCC,0.492637,0.270651,0.5847260058382591,0.2380301332969348,0.2104105791649196,GPR
0.158571,1.5714,10.0,20,FCC,0.50317,0.307481,0.6517299791754321,0.2622353623203156,0.2274619707900609,GPR
0.169286,1.5714,10.0,20,FCC,0.518374,0.362309,0.7261657566529944,0.2896509851261112,0.2456052424974568,GPR
0.18,1.5714,10.0,20,FCC,0.530679,0.440711,0.808840368709163,0.3210547697601771,0.2649826641710379,GPR
0.03,0.5,13.3333,20,FCC,0.397901,0.429444,0.1374801134742816,0.0632812463452137,0.0637868067677611,GPR
0.040714,0.5,13.3333,20,FCC,0.346553,0.388011,0.1649879445678289,0.0754201784422323,0.0752047928127203,GPR
0.051429,0.5,13.3333,20,FCC,0.301744,0.352379,0.1942135868811069,0.0880541207830709,0.0868989325644335,GPR
0.062143,0.5,13.3333,20,FCC,0.263746,0.324042,0.2253606054408146,0.1012346967659918,0.0988898714618153,GPR
0.072857,0.5,13.3333,20,FCC,0.23266,0.298867,0.2586631025509222,0.1150417828998232,0.1112028391470513,GPR
0.083571,0.5,13.3333,20,FCC,0.20724,0.276675,0.2943956970696346,0.1295571782350305,0.123867149400178,GPR
0.094286,0.5,13.3333,20,FCC,0.186236,0.256668,0.3328996620684367,0.1448598699314488,0.1369224581143723,GPR
0.105,0.5,13.3333,20,FCC,0.168668,0.238378,0.3745849046816351,0.1610305599164179,0.1504175003481171,GPR
0.115714,0.5,13.3333,20,FCC,0.153793,0.221477,0.4199627859869457,0.1781871535626104,0.1644203397994739,GPR
0.126429,0.5,13.3333,20,FCC,0.141053,0.205703,0.4696410663089002,0.1965188270301765,0.1790168005881504,GPR
0.137143,0.5,13.3333,20,FCC,0.130033,0.190871,0.5243039847391655,0.2163199951475159,0.1943066440931763,GPR
0.147857,0.5,13.3333,20,FCC,0.120418,0.176842,0.5847260058382591,0.2380301332969348,0.2104105791649196,GPR
0.158571,0.5,13.3333,20,FCC,0.111962,0.163523,0.6517299791754321,0.2622353623203156,0.2274619707900609,GPR
0.169286,0.5,13.3333,20,FCC,0.104475,0.150861,0.7261657566529944,0.2896509851261112,0.2456052424974568,GPR
0.18,0.5,13.3333,20,FCC,0.097804,0.138841,0.808840368709163,0.3210547697601771,0.2649826641710379,GPR
0.03,0.6786,13.3333,20,FCC,0.519743,0.581121,0.1374801134742816,0.0632812463452137,0.0637868067677611,GPR
0.040714,0.6786,13.3333,20,FCC,0.477849,0.478794,0.1649879445678289,0.0754201784422323,0.0752047928127203,GPR
0.051429,0.6786,13.3333,20,FCC,0.440534,0.463674,0.1942135868811069,0.0880541207830709,0.0868989325644335,GPR
0.062143,0.6786,13.3333,20,FCC,0.408968,0.452306,0.2253606054408146,0.1012346967659918,0.0988898714618153,GPR
0.072857,0.6786,13.3333,20,FCC,0.381065,0.404152,0.2586631025509222,0.1150417828998232,0.1112028391470513,GPR
0.083571,0.6786,13.3333,20,FCC,0.355065,0.399694,0.2943956970696346,0.1295571782350305,0.123867149400178,GPR
0.094286,0.6786,13.3333,20,FCC,0.330132,0.378695,0.3328996620684367,0.1448598699314488,0.1369224581143723,GPR
0.105,0.6786,13.3333,20,FCC,0.306258,0.355022,0.3745849046816351,0.1610305599164179,0.1504175003481171,GPR
0.115714,0.6786,13.3333,20,FCC,0.284085,0.344744,0.4199627859869457,0.1781871535626104,0.1644203397994739,GPR
0.126429,0.6786,13.3333,20,FCC,0.264114,0.330165,0.4696410663089002,0.1965188270301765,0.1790168005881504,GPR
0.137143,0.6786,13.3333,20,FCC,0.246317,0.314021,0.5243039847391655,0.2163199951475159,0.1943066440931763,GPR
0.147857,0.6786,13.3333,20,FCC,0.230422,0.302669,0.5847260058382591,0.2380301332969348,0.2104105791649196,GPR
0.158571,0.6786,13.3333,20,FCC,0.216146,0.291502,0.6517299791754321,0.2622353623203156,0.2274619707900609,GPR
0.169286,0.6786,13.3333,20,FCC,0.203257,0.279361,0.7261657566529944,0.2896509851261112,0.2456052424974568,GPR
0.18,0.6786,13.3333,20,FCC,0.191585,0.268662,0.808840368709163,0.3210547697601771,0.2649826641710379,GPR
0.03,0.8571,13.3333,20,FCC,0.578879,0.687233,0.1374801134742816,0.0632812463452137,0.0637868067677611,GPR
0.040714,0.8571,13.3333,20,FCC,0.55359,0.448927,0.1649879445678289,0.0754201784422323,0.0752047928127203,GPR
0.051429,0.8571,13.3333,20,FCC,0.531106,0.534841,0.1942135868811069,0.0880541207830709,0.0868989325644335,GPR
0.062143,0.8571,13.3333,20,FCC,0.506493,0.615173,0.2253606054408146,0.1012346967659918,0.0988898714618153,GPR
0.072857,0.8571,13.3333,20,FCC,0.480925,0.472915,0.2586631025509222,0.1150417828998232,0.1112028391470513,GPR
0.083571,0.8571,13.3333,20,FCC,0.456917,0.425367,0.2943956970696346,0.1295571782350305,0.123867149400178,GPR
0.094286,0.8571,13.3333,20,FCC,0.43517,0.476013,0.3328996620684367,0.1448598699314488,0.1369224581143723,GPR
0.105,0.8571,13.3333,20,FCC,0.415954,0.489918,0.3745849046816351,0.1610305599164179,0.1504175003481171,GPR
0.115714,0.8571,13.3333,20,FCC,0.398616,0.427369,0.4199627859869457,0.1781871535626104,0.1644203397994739,GPR
0.126429,0.8571,13.3333,20,FCC,0.382352,0.389107,0.4696410663089002,0.1965188270301765,0.1790168005881504,GPR
0.137143,0.8571,13.3333,20,FCC,0.366687,0.396757,0.5243039847391655,0.2163199951475159,0.1943066440931763,GPR
0.147857,0.8571,13.3333,20,FCC,0.351299,0.411252,0.5847260058382591,0.2380301332969348,0.2104105791649196,GPR
0.158571,0.8571,13.3333,20,FCC,0.335997,0.394298,0.6517299791754321,0.2622353623203156,0.2274619707900609,GPR
0.169286,0.8571,13.3333,20,FCC,0.320755,0.36358,0.7261657566529944,0.2896509851261112,0.2456052424974568,GPR
0.18,0.8571,13.3333,20,FCC,0.30576,0.347731,0.808840368709163,0.3210547697601771,0.2649826641710379,GPR
0.03,1.0357,13.3333,20,FCC,0.598532,0.45124,0.1374801134742816,0.0632812463452137,0.0637868067677611,GPR
0.040714,1.0357,13.3333,20,FCC,0.582788,0.810936,0.1649879445678289,0.0754201784422323,0.0752047928127203,GPR
0.051429,1.0357,13.3333,20,FCC,0.569161,0.70233,0.1942135868811069,0.0880541207830709,0.0868989325644335,GPR
0.062143,1.0357,13.3333,20,FCC,0.555399,0.453234,0.2253606054408146,0.1012346967659918,0.0988898714618153,GPR
0.072857,1.0357,13.3333,20,FCC,0.541189,0.411873,0.2586631025509222,0.1150417828998232,0.1112028391470513,GPR
0.083571,1.0357,13.3333,20,FCC,0.527559,0.520175,0.2943956970696346,0.1295571782350305,0.123867149400178,GPR
0.094286,1.0357,13.3333,20,FCC,0.511615,0.664359,0.3328996620684367,0.1448598699314488,0.1369224581143723,GPR
0.105,1.0357,13.3333,20,FCC,0.496694,0.591099,0.3745849046816351,0.1610305599164179,0.1504175003481171,GPR
0.115714,1.0357,13.3333,20,FCC,0.479284,0.453801,0.4199627859869457,0.1781871535626104,0.1644203397994739,GPR
0.126429,1.0357,13.3333,20,FCC,0.46323,0.396439,0.4696410663089002,0.1965188270301765,0.1790168005881504,GPR
0.137143,1.0357,13.3333,20,FCC,0.447083,0.41531,0.5243039847391655,0.2163199951475159,0.1943066440931763,GPR
0.147857,1.0357,13.3333,20,FCC,0.433053,0.483228,0.5847260058382591,0.2380301332969348,0.2104105791649196,GPR
0.158571,1.0357,13.3333,20,FCC,0.420043,0.527467,0.6517299791754321,0.2622353623203156,0.2274619707900609,GPR
0.169286,1.0357,13.3333,20,FCC,0.408266,0.488097,0.7261657566529944,0.2896509851261112,0.2456052424974568,GPR
0.18,1.0357,13.3333,20,FCC,0.39714,0.418858,0.808840368709163,0.3210547697601771,0.2649826641710379,GPR
0.03,1.2143,13.3333,20,FCC,0.608725,0.411773,0.1374801134742816,0.0632812463452137,0.0637868067677611,GPR
0.040714,1.2143,13.3333,20,FCC,0.585396,0.351124,0.1649879445678289,0.0754201784422323,0.0752047928127203,GPR
0.051429,1.2143,13.3333,20,FCC,0.582799,0.463919,0.1942135868811069,0.0880541207830709,0.0868989325644335,GPR
0.062143,1.2143,13.3333,20,FCC,0.571475,0.776924,0.2253606054408146,0.1012346967659918,0.0988898714618153,GPR
0.072857,1.2143,13.3333,20,FCC,0.558308,0.856352,0.2586631025509222,0.1150417828998232,0.1112028391470513,GPR
0.083571,1.2143,13.3333,20,FCC,0.55689,0.578177,0.2943956970696346,0.1295571782350305,0.123867149400178,GPR
0.094286,1.2143,13.3333,20,FCC,0.545533,0.416018,0.3328996620684367,0.1448598699314488,0.1369224581143723,GPR
0.105,1.2143,13.3333,20,FCC,0.535621,0.373033,0.3745849046816351,0.1610305599164179,0.1504175003481171,GPR
0.115714,1.2143,13.3333,20,FCC,0.530096,0.416807,0.4199627859869457,0.1781871535626104,0.1644203397994739,GPR
0.126429,1.2143,13.3333,20,FCC,0.518936,0.544547,0.4696410663089002,0.1965188270301765,0.1790168005881504,GPR
0.137143,1.2143,13.3333,20,FCC,0.508414,0.690463,0.5243039847391655,0.2163199951475159,0.1943066440931763,GPR
0.147857,1.2143,13.3333,20,FCC,0.499751,0.675827,0.5847260058382591,0.2380301332969348,0.2104105791649196,GPR
0.158571,1.2143,13.3333,20,FCC,0.48782,0.537974,0.6517299791754321,0.2622353623203156,0.2274619707900609,GPR
0.169286,1.2143,13.3333,20,FCC,0.475623,0.427132,0.7261657566529944,0.2896509851261112,0.2456052424974568,GPR
0.18,1.2143,13.3333,20,FCC,0.46453,0.37416,0.808840368709163,0.3210547697601771,0.2649826641710379,GPR
0.03,1.3929,13.3333,20,FCC,0.559971,0.826466,0.1374801134742816,0.0632812463452137,0.0637868067677611,GPR
0.040714,1.3929,13.3333,20,FCC,0.587364,0.47975,0.1649879445678289,0.0754201784422323,0.0752047928127203,GPR
0.051429,1.3929,13.3333,20,FCC,0.583527,0.344275,0.1942135868811069,0.0880541207830709,0.0868989325644335,GPR
0.062143,1.3929,13.3333,20,FCC,0.565307,0.325501,0.2253606054408146,0.1012346967659918,0.0988898714618153,GPR
0.072857,1.3929,13.3333,20,FCC,0.565392,0.400145,0.2586631025509222,0.1150417828998232,0.1112028391470513,GPR
0.083571,1.3929,13.3333,20,FCC,0.563878,0.605332,0.2943956970696346,0.1295571782350305,0.123867149400178,GPR
0.094286,1.3929,13.3333,20,FCC,0.551409,0.887547,0.3328996620684367,0.1448598699314488,0.1369224581143723,GPR
0.105,1.3929,13.3333,20,FCC,0.54469,0.855244,0.3745849046816351,0.1610305599164179,0.1504175003481171,GPR
0.115714,1.3929,13.3333,20,FCC,0.546787,0.606017,0.4199627859869457,0.1781871535626104,0.1644203397994739,GPR
0.126429,1.3929,13.3333,20,FCC,0.541027,0.438865,0.4696410663089002,0.1965188270301765,0.1790168005881504,GPR
0.137143,1.3929,13.3333,20,FCC,0.531589,0.36176,0.5243039847391655,0.2163199951475159,0.1943066440931763,GPR
0.147857,1.3929,13.3333,20,FCC,0.526491,0.343997,0.5847260058382591,0.2380301332969348,0.2104105791649196,GPR
0.158571,1.3929,13.3333,20,FCC,0.524356,0.375431,0.6517299791754321,0.2622353623203156,0.2274619707900609,GPR
0.169286,1.3929,13.3333,20,FCC,0.517447,0.460943,0.7261657566529944,0.2896509851261112,0.2456052424974568,GPR
0.18,1.3929,13.3333,20,FCC,0.508689,0.599823,0.808840368709163,0.3210547697601771,0.2649826641710379,GPR
0.03,1.5714,13.3333,20,FCC,0.532091,0.761136,0.1374801134742816,0.0632812463452137,0.0637868067677611,GPR
0.040714,1.5714,13.3333,20,FCC,0.536155,0.930301,0.1649879445678289,0.0754201784422323,0.0752047928127203,GPR
0.051429,1.5714,13.3333,20,FCC,0.548997,0.619955,0.1942135868811069,0.0880541207830709,0.0868989325644335,GPR
0.062143,1.5714,13.3333,20,FCC,0.571229,0.409644,0.2253606054408146,0.1012346967659918,0.0988898714618153,GPR
0.072857,1.5714,13.3333,20,FCC,0.565016,0.320296,0.2586631025509222,0.1150417828998232,0.1112028391470513,GPR
0.083571,1.5714,13.3333,20,FCC,0.55029,0.298073,0.2943956970696346,0.1295571782350305,0.123867149400178,GPR
0.094286,1.5714,13.3333,20,FCC,0.544786,0.328336,0.3328996620684367,0.1448598699314488,0.1369224581143723,GPR
0.105,1.5714,13.3333,20,FCC,0.5517,0.424332,0.3745849046816351,0.1610305599164179,0.1504175003481171,GPR
0.115714,1.5714,13.3333,20,FCC,0.547981,0.616571,0.4199627859869457,0.1781871535626104,0.1644203397994739,GPR
0.126429,1.5714,13.3333,20,FCC,0.538404,0.871089,0.4696410663089002,0.1965188270301765,0.1790168005881504,GPR
0.137143,1.5714,13.3333,20,FCC,0.531677,0.934329,0.5243039847391655,0.2163199951475159,0.1943066440931763,GPR
0.147857,1.5714,13.3333,20,FCC,0.53329,0.739896,0.5847260058382591,0.2380301332969348,0.2104105791649196,GPR
0.158571,1.5714,13.3333,20,FCC,0.535488,0.538762,0.6517299791754321,0.2622353623203156,0.2274619707900609,GPR
0.169286,1.5714,13.3333,20,FCC,0.530526,0.413604,0.7261657566529944,0.2896509851261112,0.2456052424974568,GPR
0.18,1.5714,13.3333,20,FCC,0.523218,0.347163,0.808840368709163,0.3210547697601771,0.2649826641710379,GPR
0.03,1.75,13.3333,20,FCC,0.480778,0.357171,0.1374801134742816,0.0632812463452137,0.0637868067677611,GPR
0.040714,1.75,13.3333,20,FCC,0.509368,0.619765,0.1649879445678289,0.0754201784422323,0.0752047928127203,GPR
0.051429,1.75,13.3333,20,FCC,0.514962,0.922748,0.1942135868811069,0.0880541207830709,0.0868989325644335,GPR
0.062143,1.75,13.3333,20,FCC,0.517724,0.818717,0.2253606054408146,0.1012346967659918,0.0988898714618153,GPR
0.072857,1.75,13.3333,20,FCC,0.532834,0.556757,0.2586631025509222,0.1150417828998232,0.1112028391470513,GPR
0.083571,1.75,13.3333,20,FCC,0.552216,0.395065,0.2943956970696346,0.1295571782350305,0.123867149400178,GPR
0.094286,1.75,13.3333,20,FCC,0.550298,0.3143,0.3328996620684367,0.1448598699314488,0.1369224581143723,GPR
0.105,1.75,13.3333,20,FCC,0.53916,0.280977,0.3745849046816351,0.1610305599164179,0.1504175003481171,GPR
0.115714,1.75,13.3333,20,FCC,0.529047,0.28114,0.4199627859869457,0.1781871535626104,0.1644203397994739,GPR
0.126429,1.75,13.3333,20,FCC,0.528684,0.314318,0.4696410663089002,0.1965188270301765,0.1790168005881504,GPR
0.137143,1.75,13.3333,20,FCC,0.536313,0.391138,0.5243039847391655,0.2163199951475159,0.1943066440931763,GPR
0.147857,1.75,13.3333,20,FCC,0.535481,0.53202,0.5847260058382591,0.2380301332969348,0.2104105791649196,GPR
0.158571,1.75,13.3333,20,FCC,0.528669,0.745369,0.6517299791754321,0.2622353623203156,0.2274619707900609,GPR
0.169286,1.75,13.3333,20,FCC,0.5215,0.940855,0.7261657566529944,0.2896509851261112,0.2456052424974568,GPR
0.18,1.75,13.3333,20,FCC,0.517833,0.931065,0.808840368709163,0.3210547697601771,0.2649826641710379,GPR
0.03,1.9286,13.3333,20,FCC,0.411362,0.225731,0.1374801134742816,0.0632812463452137,0.0637868067677611,GPR
0.040714,1.9286,13.3333,20,FCC,0.451899,0.30708,0.1649879445678289,0.0754201784422323,0.0752047928127203,GPR
0.051429,1.9286,13.3333,20,FCC,0.484336,0.475247,0.1942135868811069,0.0880541207830709,0.0868989325644335,GPR
0.062143,1.9286,13.3333,20,FCC,0.494174,0.748425,0.2253606054408146,0.1012346967659918,0.0988898714618153,GPR
0.072857,1.9286,13.3333,20,FCC,0.496283,0.923776,0.2586631025509222,0.1150417828998232,0.1112028391470513,GPR
0.083571,1.9286,13.3333,20,FCC,0.498949,0.779466,0.2943956970696346,0.1295571782350305,0.123867149400178,GPR
0.094286,1.9286,13.3333,20,FCC,0.511095,0.558857,0.3328996620684367,0.1448598699314488,0.1369224581143723,GPR
0.105,1.9286,13.3333,20,FCC,0.530733,0.410359,0.3745849046816351,0.1610305599164179,0.1504175003481171,GPR
0.115714,1.9286,13.3333,20,FCC,0.53573,0.325349,0.4199627859869457,0.1781871535626104,0.1644203397994739,GPR
0.126429,1.9286,13.3333,20,FCC,0.529691,0.280002,0.4696410663089002,0.1965188270301765,0.1790168005881504,GPR
0.137143,1.9286,13.3333,20,FCC,0.520274,0.260795,0.5243039847391655,0.2163199951475159,0.1943066440931763,GPR
0.147857,1.9286,13.3333,20,FCC,0.512424,0.26234,0.5847260058382591,0.2380301332969348,0.2104105791649196,GPR
0.158571,1.9286,13.3333,20,FCC,0.51131,0.284874,0.6517299791754321,0.2622353623203156,0.2274619707900609,GPR
0.169286,1.9286,13.3333,20,FCC,0.518644,0.3337,0.7261657566529944,0.2896509851261112,0.2456052424974568,GPR
0.18,1.9286,13.3333,20,FCC,0.522857,0.419711,0.808840368709163,0.3210547697601771,0.2649826641710379,GPR
0.03,2.1071,13.3333,20,FCC,0.374741,0.184678,0.1374801134742816,0.0632812463452137,0.0637868067677611,GPR
0.040714,2.1071,13.3333,20,FCC,0.391741,0.207423,0.1649879445678289,0.0754201784422323,0.0752047928127203,GPR
0.051429,2.1071,13.3333,20,FCC,0.420252,0.259864,0.1942135868811069,0.0880541207830709,0.0868989325644335,GPR
0.062143,2.1071,13.3333,20,FCC,0.455023,0.360975,0.2253606054408146,0.1012346967659918,0.0988898714618153,GPR
0.072857,2.1071,13.3333,20,FCC,0.471641,0.53751,0.2586631025509222,0.1150417828998232,0.1112028391470513,GPR
0.083571,2.1071,13.3333,20,FCC,0.476874,0.775313,0.2943956970696346,0.1295571782350305,0.123867149400178,GPR
0.094286,2.1071,13.3333,20,FCC,0.478242,0.905666,0.3328996620684367,0.1448598699314488,0.1369224581143723,GPR
0.105,2.1071,13.3333,20,FCC,0.480059,0.79479,0.3745849046816351,0.1610305599164179,0.1504175003481171,GPR
0.115714,2.1071,13.3333,20,FCC,0.487457,0.601808,0.4199627859869457,0.1781871535626104,0.1644203397994739,GPR
0.126429,2.1071,13.3333,20,FCC,0.504395,0.452141,0.4696410663089002,0.1965188270301765,0.1790168005881504,GPR
0.137143,2.1071,13.3333,20,FCC,0.517443,0.356011,0.5243039847391655,0.2163199951475159,0.1943066440931763,GPR
0.147857,2.1071,13.3333,20,FCC,0.518516,0.297287,0.5847260058382591,0.2380301332969348,0.2104105791649196,GPR
0.158571,2.1071,13.3333,20,FCC,0.513153,0.263157,0.6517299791754321,0.2622353623203156,0.2274619707900609,GPR
0.169286,2.1071,13.3333,20,FCC,0.505534,0.246371,0.7261657566529944,0.2896509851261112,0.2456052424974568,GPR
0.18,2.1071,13.3333,20,FCC,0.498457,0.243607,0.808840368709163,0.3210547697601771,0.2649826641710379,GPR
0.03,0.5,16.6667,20,FCC,0.239372,0.325091,0.1374801134742816,0.0632812463452137,0.0637868067677611,GPR
0.040714,0.5,16.6667,20,FCC,0.189066,0.272993,0.1649879445678289,0.0754201784422323,0.0752047928127203,GPR
0.051429,0.5,16.6667,20,FCC,0.15467,0.228628,0.1942135868811069,0.0880541207830709,0.0868989325644335,GPR
0.062143,0.5,16.6667,20,FCC,0.129809,0.189391,0.2253606054408146,0.1012346967659918,0.0988898714618153,GPR
0.072857,0.5,16.6667,20,FCC,0.111081,0.154467,0.2586631025509222,0.1150417828998232,0.1112028391470513,GPR
0.083571,0.5,16.6667,20,FCC,0.096519,0.124601,0.2943956970696346,0.1295571782350305,0.123867149400178,GPR
0.094286,0.5,16.6667,20,FCC,0.084909,0.100993,0.3328996620684367,0.1448598699314488,0.1369224581143723,GPR
0.105,0.5,16.6667,20,FCC,0.075464,0.083531,0.3745849046816351,0.1610305599164179,0.1504175003481171,GPR
0.115714,0.5,16.6667,20,FCC,0.067652,0.07084,0.4199627859869457,0.1781871535626104,0.1644203397994739,GPR
0.126429,0.5,16.6667,20,FCC,0.0611,0.061445,0.4696410663089002,0.1965188270301765,0.1790168005881504,GPR
0.137143,0.5,16.6667,20,FCC,0.055542,0.054281,0.5243039847391655,0.2163199951475159,0.1943066440931763,GPR
0.147857,0.5,16.6667,20,FCC,0.050777,0.048653,0.5847260058382591,0.2380301332969348,0.2104105791649196,GPR
0.158571,0.5,16.6667,20,FCC,0.046657,0.044116,0.6517299791754321,0.2622353623203156,0.2274619707900609,GPR
0.169286,0.5,16.6667,20,FCC,0.043068,0.040379,0.7261657566529944,0.2896509851261112,0.2456052424974568,GPR
0.18,0.5,16.6667,20,FCC,0.039921,0.037245,0.808840368709163,0.3210547697601771,0.2649826641710379,GPR
0.03,0.6786,16.6667,20,FCC,0.394091,0.451286,0.1374801134742816,0.0632812463452137,0.0637868067677611,GPR
0.040714,0.6786,16.6667,20,FCC,0.329625,0.407194,0.1649879445678289,0.0754201784422323,0.0752047928127203,GPR
0.051429,0.6786,16.6667,20,FCC,0.279358,0.365207,0.1942135868811069,0.0880541207830709,0.0868989325644335,GPR
0.062143,0.6786,16.6667,20,FCC,0.240602,0.332596,0.2253606054408146,0.1012346967659918,0.0988898714618153,GPR
0.072857,0.6786,16.6667,20,FCC,0.209981,0.304596,0.2586631025509222,0.1150417828998232,0.1112028391470513,GPR
0.083571,0.6786,16.6667,20,FCC,0.185522,0.278137,0.2943956970696346,0.1295571782350305,0.123867149400178,GPR
0.094286,0.6786,16.6667,20,FCC,0.165564,0.253729,0.3328996620684367,0.1448598699314488,0.1369224581143723,GPR
0.105,0.6786,16.6667,20,FCC,0.148932,0.230867,0.3745849046816351,0.1610305599164179,0.1504175003481171,GPR
0.115714,0.6786,16.6667,20,FCC,0.134899,0.209026,0.4199627859869457,0.1781871535626104,0.1644203397994739,GPR
0.126429,0.6786,16.6667,20,FCC,0.12294,0.187991,0.4696410663089002,0.1965188270301765,0.1790168005881504,GPR
0.137143,0.6786,16.6667,20,FCC,0.112634,0.167604,0.5243039847391655,0.2163199951475159,0.1943066440931763,GPR
0.147857,0.6786,16.6667,20,FCC,0.103662,0.147861,0.5847260058382591,0.2380301332969348,0.2104105791649196,GPR
0.158571,0.6786,16.6667,20,FCC,0.09579,0.129,0.6517299791754321,0.2622353623203156,0.2274619707900609,GPR
0.169286,0.6786,16.6667,20,FCC,0.088839,0.111546,0.7261657566529944,0.2896509851261112,0.2456052424974568,GPR
0.18,0.6786,16.6667,20,FCC,0.082663,0.09617,0.808840368709163,0.3210547697601771,0.2649826641710379,GPR
0.03,0.8571,16.6667,20,FCC,0.496585,0.597351,0.1374801134742816,0.0632812463452137,0.0637868067677611,GPR
0.040714,0.8571,16.6667,20,FCC,0.451475,0.450384,0.1649879445678289,0.0754201784422323,0.0752047928127203,GPR
0.051429,0.8571,16.6667,20,FCC,0.409339,0.487593,0.1942135868811069,0.0880541207830709,0.0868989325644335,GPR
0.062143,0.8571,16.6667,20,FCC,0.366693,0.411226,0.2253606054408146,0.1012346967659918,0.0988898714618153,GPR
0.072857,0.8571,16.6667,20,FCC,0.327253,0.416551,0.2586631025509222,0.1150417828998232,0.1112028391470513,GPR
0.083571,0.8571,16.6667,20,FCC,0.29439,0.372692,0.2943956970696346,0.1295571782350305,0.123867149400178,GPR
0.094286,0.8571,16.6667,20,FCC,0.266921,0.363512,0.3328996620684367,0.1448598699314488,0.1369224581143723,GPR
0.105,0.8571,16.6667,20,FCC,0.243292,0.33794,0.3745849046816351,0.1610305599164179,0.1504175003481171,GPR
0.115714,0.8571,16.6667,20,FCC,0.222663,0.321354,0.4199627859869457,0.1781871535626104,0.1644203397994739,GPR
0.126429,0.8571,16.6667,20,FCC,0.204731,0.304848,0.4696410663089002,0.1965188270301765,0.1790168005881504,GPR
0.137143,0.8571,16.6667,20,FCC,0.189222,0.287125,0.5243039847391655,0.2163199951475159,0.1943066440931763,GPR
0.147857,0.8571,16.6667,20,FCC,0.175705,0.273024,0.5847260058382591,0.2380301332969348,0.2104105791649196,GPR
0.158571,0.8571,16.6667,20,FCC,0.163742,0.257278,0.6517299791754321,0.2622353623203156,0.2274619707900609,GPR
0.169286,0.8571,16.6667,20,FCC,0.153014,0.243373,0.7261657566529944,0.2896509851261112,0.2456052424974568,GPR
0.18,0.8571,16.6667,20,FCC,0.143332,0.229339,0.808840368709163,0.3210547697601771,0.2649826641710379,GPR
0.03,1.0357,16.6667,20,FCC,0.567316,0.628132,0.1374801134742816,0.0632812463452137,0.0637868067677611,GPR
0.040714,1.0357,16.6667,20,FCC,0.526159,0.458216,0.1649879445678289,0.0754201784422323,0.0752047928127203,GPR
0.051429,1.0357,16.6667,20,FCC,0.49074,0.628686,0.1942135868811069,0.0880541207830709,0.0868989325644335,GPR
0.062143,1.0357,16.6667,20,FCC,0.461361,0.450575,0.2253606054408146,0.1012346967659918,0.0988898714618153,GPR
0.072857,1.0357,16.6667,20,FCC,0.433871,0.463469,0.2586631025509222,0.1150417828998232,0.1112028391470513,GPR
0.083571,1.0357,16.6667,20,FCC,0.406095,0.501161,0.2943956970696346,0.1295571782350305,0.123867149400178,GPR
0.094286,1.0357,16.6667,20,FCC,0.377053,0.407073,0.3328996620684367,0.1448598699314488,0.1369224581143723,GPR
0.105,1.0357,16.6667,20,FCC,0.348062,0.412077,0.3745849046816351,0.1610305599164179,0.1504175003481171,GPR
0.115714,1.0357,16.6667,20,FCC,0.32194,0.426501,0.4199627859869457,0.1781871535626104,0.1644203397994739,GPR
0.126429,1.0357,16.6667,20,FCC,0.299345,0.37559,0.4696410663089002,0.1965188270301765,0.1790168005881504,GPR
0.137143,1.0357,16.6667,20,FCC,0.27963,0.361987,0.5243039847391655,0.2163199951475159,0.1943066440931763,GPR
0.147857,1.0357,16.6667,20,FCC,0.26206,0.369525,0.5847260058382591,0.2380301332969348,0.2104105791649196,GPR
0.158571,1.0357,16.6667,20,FCC,0.246089,0.345324,0.6517299791754321,0.2622353623203156,0.2274619707900609,GPR
0.169286,1.0357,16.6667,20,FCC,0.231384,0.32434,0.7261657566529944,0.2896509851261112,0.2456052424974568,GPR
0.18,1.0357,16.6667,20,FCC,0.21784,0.32222,0.808840368709163,0.3210547697601771,0.2649826641710379,GPR
0.03,1.2143,16.6667,20,FCC,0.59732,0.453483,0.1374801134742816,0.0632812463452137,0.0637868067677611,GPR
0.040714,1.2143,16.6667,20,FCC,0.577108,0.826865,0.1649879445678289,0.0754201784422323,0.0752047928127203,GPR
0.051429,1.2143,16.6667,20,FCC,0.551076,0.498046,0.1942135868811069,0.0880541207830709,0.0868989325644335,GPR
0.062143,1.2143,16.6667,20,FCC,0.522524,0.428582,0.2253606054408146,0.1012346967659918,0.0988898714618153,GPR
0.072857,1.2143,16.6667,20,FCC,0.497085,0.624702,0.2586631025509222,0.1150417828998232,0.1112028391470513,GPR
0.083571,1.2143,16.6667,20,FCC,0.475394,0.571236,0.2943956970696346,0.1295571782350305,0.123867149400178,GPR
0.094286,1.2143,16.6667,20,FCC,0.455708,0.414776,0.3328996620684367,0.1448598699314488,0.1369224581143723,GPR
0.105,1.2143,16.6667,20,FCC,0.43674,0.433747,0.3745849046816351,0.1610305599164179,0.1504175003481171,GPR
0.115714,1.2143,16.6667,20,FCC,0.417592,0.533887,0.4199627859869457,0.1781871535626104,0.1644203397994739,GPR
0.126429,1.2143,16.6667,20,FCC,0.397615,0.481635,0.4696410663089002,0.1965188270301765,0.1790168005881504,GPR
0.137143,1.2143,16.6667,20,FCC,0.376482,0.391646,0.5243039847391655,0.2163199951475159,0.1943066440931763,GPR
0.147857,1.2143,16.6667,20,FCC,0.354913,0.389106,0.5847260058382591,0.2380301332969348,0.2104105791649196,GPR
0.158571,1.2143,16.6667,20,FCC,0.334569,0.438717,0.6517299791754321,0.2622353623203156,0.2274619707900609,GPR
0.169286,1.2143,16.6667,20,FCC,0.316317,0.433714,0.7261657566529944,0.2896509851261112,0.2456052424974568,GPR
0.18,1.2143,16.6667,20,FCC,0.300089,0.376638,0.808840368709163,0.3210547697601771,0.2649826641710379,GPR
0.03,1.3929,16.6667,20,FCC,0.595403,0.514981,0.1374801134742816,0.0632812463452137,0.0637868067677611,GPR
0.040714,1.3929,16.6667,20,FCC,0.586535,0.37563,0.1649879445678289,0.0754201784422323,0.0752047928127203,GPR
0.051429,1.3929,16.6667,20,FCC,0.578708,0.598093,0.1942135868811069,0.0880541207830709,0.0868989325644335,GPR
0.062143,1.3929,16.6667,20,FCC,0.567506,0.832351,0.2253606054408146,0.1012346967659918,0.0988898714618153,GPR
0.072857,1.3929,16.6667,20,FCC,0.547196,0.499503,0.2586631025509222,0.1150417828998232,0.1112028391470513,GPR
0.083571,1.3929,16.6667,20,FCC,0.527782,0.387084,0.2943956970696346,0.1295571782350305,0.123867149400178,GPR
0.094286,1.3929,16.6667,20,FCC,0.506055,0.475164,0.3328996620684367,0.1448598699314488,0.1369224581143723,GPR
0.105,1.3929,16.6667,20,FCC,0.48862,0.678239,0.3745849046816351,0.1610305599164179,0.1504175003481171,GPR
0.115714,1.3929,16.6667,20,FCC,0.473436,0.599188,0.4199627859869457,0.1781871535626104,0.1644203397994739,GPR
0.126429,1.3929,16.6667,20,FCC,0.458957,0.427551,0.4696410663089002,0.1965188270301765,0.1790168005881504,GPR
0.137143,1.3929,16.6667,20,FCC,0.445334,0.380174,0.5243039847391655,0.2163199951475159,0.1943066440931763,GPR
0.147857,1.3929,16.6667,20,FCC,0.43164,0.440638,0.5847260058382591,0.2380301332969348,0.2104105791649196,GPR
0.158571,1.3929,16.6667,20,FCC,0.417656,0.549297,0.6517299791754321,0.2622353623203156,0.2274619707900609,GPR
0.169286,1.3929,16.6667,20,FCC,0.40313,0.534368,0.7261657566529944,0.2896509851261112,0.2456052424974568,GPR
0.18,1.3929,16.6667,20,FCC,0.387768,0.427448,0.808840368709163,0.3210547697601771,0.2649826641710379,GPR
0.03,1.5714,16.6667,20,FCC,0.567342,0.981197,0.1374801134742816,0.0632812463452137,0.0637868067677611,GPR
0.040714,1.5714,16.6667,20,FCC,0.582164,0.605283,0.1649879445678289,0.0754201784422323,0.0752047928127203,GPR
0.051429,1.5714,16.6667,20,FCC,0.574546,0.366195,0.1942135868811069,0.0880541207830709,0.0868989325644335,GPR
0.062143,1.5714,16.6667,20,FCC,0.577594,0.380298,0.2253606054408146,0.1012346967659918,0.0988898714618153,GPR
0.072857,1.5714,16.6667,20,FCC,0.567197,0.62614,0.2586631025509222,0.1150417828998232,0.1112028391470513,GPR
0.083571,1.5714,16.6667,20,FCC,0.560918,0.880344,0.2943956970696346,0.1295571782350305,0.123867149400178,GPR
0.094286,1.5714,16.6667,20,FCC,0.547866,0.59062,0.3328996620684367,0.1448598699314488,0.1369224581143723,GPR
0.105,1.5714,16.6667,20,FCC,0.533351,0.398448,0.3745849046816351,0.1610305599164179,0.1504175003481171,GPR
0.115714,1.5714,16.6667,20,FCC,0.517136,0.365407,0.4199627859869457,0.1781871535626104,0.1644203397994739,GPR
0.126429,1.5714,16.6667,20,FCC,0.500885,0.454322,0.4696410663089002,0.1965188270301765,0.1790168005881504,GPR
0.137143,1.5714,16.6667,20,FCC,0.488031,0.651739,0.5243039847391655,0.2163199951475159,0.1943066440931763,GPR
0.147857,1.5714,16.6667,20,FCC,0.47556,0.706572,0.5847260058382591,0.2380301332969348,0.2104105791649196,GPR
0.158571,1.5714,16.6667,20,FCC,0.465076,0.529262,0.6517299791754321,0.2622353623203156,0.2274619707900609,GPR
0.169286,1.5714,16.6667,20,FCC,0.454338,0.398104,0.7261657566529944,0.2896509851261112,0.2456052424974568,GPR
0.18,1.5714,16.6667,20,FCC,0.444271,0.357857,0.808840368709163,0.3210547697601771,0.2649826641710379,GPR
0.03,1.75,16.6667,20,FCC,0.553864,0.41811,0.1374801134742816,0.0632812463452137,0.0637868067677611,GPR
0.040714,1.75,16.6667,20,FCC,0.553102,0.90119,0.1649879445678289,0.0754201784422323,0.0752047928127203,GPR
0.051429,1.75,16.6667,20,FCC,0.560005,0.78475,0.1942135868811069,0.0880541207830709,0.0868989325644335,GPR
0.062143,1.75,16.6667,20,FCC,0.567896,0.433694,0.2253606054408146,0.1012346967659918,0.0988898714618153,GPR
0.072857,1.75,16.6667,20,FCC,0.560389,0.330169,0.2586631025509222,0.1150417828998232,0.1112028391470513,GPR
0.083571,1.75,16.6667,20,FCC,0.56686,0.3619,0.2943956970696346,0.1295571782350305,0.123867149400178,GPR
0.094286,1.75,16.6667,20,FCC,0.5593,0.54839,0.3328996620684367,0.1448598699314488,0.1369224581143723,GPR
0.105,1.75,16.6667,20,FCC,0.552647,0.868451,0.3745849046816351,0.1610305599164179,0.1504175003481171,GPR
0.115714,1.75,16.6667,20,FCC,0.549292,0.787061,0.4199627859869457,0.1781871535626104,0.1644203397994739,GPR
0.126429,1.75,16.6667,20,FCC,0.536393,0.509202,0.4696410663089002,0.1965188270301765,0.1790168005881504,GPR
0.137143,1.75,16.6667,20,FCC,0.526506,0.373005,0.5243039847391655,0.2163199951475159,0.1943066440931763,GPR
0.147857,1.75,16.6667,20,FCC,0.514228,0.340239,0.5847260058382591,0.2380301332969348,0.2104105791649196,GPR
0.158571,1.75,16.6667,20,FCC,0.499856,0.386256,0.6517299791754321,0.2622353623203156,0.2274619707900609,GPR
0.169286,1.75,16.6667,20,FCC,0.490223,0.522532,0.7261657566529944,0.2896509851261112,0.2456052424974568,GPR
0.18,1.75,16.6667,20,FCC,0.479707,0.711504,0.808840368709163,0.3210547697601771,0.2649826641710379,GPR
0.03,1.9286,16.6667,20,FCC,0.510791,0.265959,0.1374801134742816,0.0632812463452137,0.0637868067677611,GPR
0.040714,1.9286,16.6667,20,FCC,0.535371,0.37106,0.1649879445678289,0.0754201784422323,0.0752047928127203,GPR
0.051429,1.9286,16.6667,20,FCC,0.540178,0.723379,0.1942135868811069,0.0880541207830709,0.0868989325644335,GPR
0.062143,1.9286,16.6667,20,FCC,0.536791,0.977347,0.2253606054408146,0.1012346967659918,0.0988898714618153,GPR
0.072857,1.9286,16.6667,20,FCC,0.553793,0.60563,0.2586631025509222,0.1150417828998232,0.1112028391470513,GPR
0.083571,1.9286,16.6667,20,FCC,0.553374,0.382944,0.2943956970696346,0.1295571782350305,0.123867149400178,GPR
0.094286,1.9286,16.6667,20,FCC,0.547706,0.311103,0.3328996620684367,0.1448598699314488,0.1369224581143723,GPR
0.105,1.9286,16.6667,20,FCC,0.554946,0.325636,0.3745849046816351,0.1610305599164179,0.1504175003481171,GPR
0.115714,1.9286,16.6667,20,FCC,0.552962,0.43414,0.4199627859869457,0.1781871535626104,0.1644203397994739,GPR
0.126429,1.9286,16.6667,20,FCC,0.544774,0.683074,0.4696410663089002,0.1965188270301765,0.1790168005881504,GPR
0.137143,1.9286,16.6667,20,FCC,0.543798,0.924468,0.5243039847391655,0.2163199951475159,0.1943066440931763,GPR
0.147857,1.9286,16.6667,20,FCC,0.54046,0.765623,0.5847260058382591,0.2380301332969348,0.2104105791649196,GPR
0.158571,1.9286,16.6667,20,FCC,0.530013,0.515689,0.6517299791754321,0.2622353623203156,0.2274619707900609,GPR
0.169286,1.9286,16.6667,20,FCC,0.521783,0.379244,0.7261657566529944,0.2896509851261112,0.2456052424974568,GPR
0.18,1.9286,16.6667,20,FCC,0.514611,0.325411,0.808840368709163,0.3210547697601771,0.2649826641710379,GPR
0.03,2.1071,16.6667,20,FCC,0.496489,0.271362,0.1374801134742816,0.0632812463452137,0.0637868067677611,GPR
0.040714,2.1071,16.6667,20,FCC,0.495137,0.251427,0.1649879445678289,0.0754201784422323,0.0752047928127203,GPR
0.051429,2.1071,16.6667,20,FCC,0.512747,0.316457,0.1942135868811069,0.0880541207830709,0.0868989325644335,GPR
0.062143,2.1071,16.6667,20,FCC,0.526965,0.529258,0.2253606054408146,0.1012346967659918,0.0988898714618153,GPR
0.072857,2.1071,16.6667,20,FCC,0.522481,0.920167,0.2586631025509222,0.1150417828998232,0.1112028391470513,GPR
0.083571,2.1071,16.6667,20,FCC,0.52534,0.881898,0.2943956970696346,0.1295571782350305,0.123867149400178,GPR
0.094286,2.1071,16.6667,20,FCC,0.541857,0.549546,0.3328996620684367,0.1448598699314488,0.1369224581143723,GPR
0.105,2.1071,16.6667,20,FCC,0.540937,0.371094,0.3745849046816351,0.1610305599164179,0.1504175003481171,GPR
0.115714,2.1071,16.6667,20,FCC,0.535577,0.300996,0.4199627859869457,0.1781871535626104,0.1644203397994739,GPR
0.126429,2.1071,16.6667,20,FCC,0.539534,0.293009,0.4696410663089002,0.1965188270301765,0.1790168005881504,GPR
0.137143,2.1071,16.6667,20,FCC,0.54539,0.341034,0.5243039847391655,0.2163199951475159,0.1943066440931763,GPR
0.147857,2.1071,16.6667,20,FCC,0.54017,0.469074,0.5847260058382591,0.2380301332969348,0.2104105791649196,GPR
0.158571,2.1071,16.6667,20,FCC,0.534059,0.710207,0.6517299791754321,0.2622353623203156,0.2274619707900609,GPR
0.169286,2.1071,16.6667,20,FCC,0.534595,0.935504,0.7261657566529944,0.2896509851261112,0.2456052424974568,GPR
0.18,2.1071,16.6667,20,FCC,0.533887,0.831863,0.808840368709163,0.3210547697601771,0.2649826641710379,GPR
0.03,2.2857,16.6667,20,FCC,0.46537,0.355908,0.1374801134742816,0.0632812463452137,0.0637868067677611,GPR
0.040714,2.2857,16.6667,20,FCC,0.481931,0.260031,0.1649879445678289,0.0754201784422323,0.0752047928127203,GPR
0.051429,2.2857,16.6667,20,FCC,0.480295,0.23746,0.1942135868811069,0.0880541207830709,0.0868989325644335,GPR
0.062143,2.2857,16.6667,20,FCC,0.488064,0.270844,0.2253606054408146,0.1012346967659918,0.0988898714618153,GPR
0.072857,2.2857,16.6667,20,FCC,0.510308,0.385616,0.2586631025509222,0.1150417828998232,0.1112028391470513,GPR
0.083571,2.2857,16.6667,20,FCC,0.511395,0.648695,0.2943956970696346,0.1295571782350305,0.123867149400178,GPR
0.094286,2.2857,16.6667,20,FCC,0.5075,0.968675,0.3328996620684367,0.1448598699314488,0.1369224581143723,GPR
0.105,2.2857,16.6667,20,FCC,0.512455,0.847615,0.3745849046816351,0.1610305599164179,0.1504175003481171,GPR
0.115714,2.2857,16.6667,20,FCC,0.528244,0.554486,0.4199627859869457,0.1781871535626104,0.1644203397994739,GPR
0.126429,2.2857,16.6667,20,FCC,0.529631,0.383562,0.4696410663089002,0.1965188270301765,0.1790168005881504,GPR
0.137143,2.2857,16.6667,20,FCC,0.524913,0.303531,0.5243039847391655,0.2163199951475159,0.1943066440931763,GPR
0.147857,2.2857,16.6667,20,FCC,0.523474,0.275201,0.5847260058382591,0.2380301332969348,0.2104105791649196,GPR
0.158571,2.2857,16.6667,20,FCC,0.531499,0.284797,0.6517299791754321,0.2622353623203156,0.2274619707900609,GPR
0.169286,2.2857,16.6667,20,FCC,0.534608,0.336035,0.7261657566529944,0.2896509851261112,0.2456052424974568,GPR
0.18,2.2857,16.6667,20,FCC,0.529939,0.448758,0.808840368709163,0.3210547697601771,0.2649826641710379,GPR
0.03,2.4643,16.6667,20,FCC,0.412281,0.516865,0.1374801134742816,0.0632812463452137,0.0637868067677611,GPR
0.040714,2.4643,16.6667,20,FCC,0.45293,0.338798,0.1649879445678289,0.0754201784422323,0.0752047928127203,GPR
0.051429,2.4643,16.6667,20,FCC,0.467563,0.255268,0.1942135868811069,0.0880541207830709,0.0868989325644335,GPR
0.062143,2.4643,16.6667,20,FCC,0.466657,0.227162,0.2253606054408146,0.1012346967659918,0.0988898714618153,GPR
0.072857,2.4643,16.6667,20,FCC,0.467429,0.23839,0.2586631025509222,0.1150417828998232,0.1112028391470513,GPR
0.083571,2.4643,16.6667,20,FCC,0.485867,0.295704,0.2943956970696346,0.1295571782350305,0.123867149400178,GPR
0.094286,2.4643,16.6667,20,FCC,0.498419,0.430834,0.3328996620684367,0.1448598699314488,0.1369224581143723,GPR
0.105,2.4643,16.6667,20,FCC,0.496907,0.691754,0.3745849046816351,0.1610305599164179,0.1504175003481171,GPR
0.115714,2.4643,16.6667,20,FCC,0.493816,0.964258,0.4199627859869457,0.1781871535626104,0.1644203397994739,GPR
0.126429,2.4643,16.6667,20,FCC,0.497511,0.871782,0.4696410663089002,0.1965188270301765,0.1790168005881504,GPR
0.137143,2.4643,16.6667,20,FCC,0.512568,0.603182,0.5243039847391655,0.2163199951475159,0.1943066440931763,GPR
0.147857,2.4643,16.6667,20,FCC,0.51827,0.421014,0.5847260058382591,0.2380301332969348,0.2104105791649196,GPR
0.158571,2.4643,16.6667,20,FCC,0.515479,0.323379,0.6517299791754321,0.2622353623203156,0.2274619707900609,GPR
0.169286,2.4643,16.6667,20,FCC,0.511754,0.275785,0.7261657566529944,0.2896509851261112,0.2456052424974568,GPR
0.18,2.4643,16.6667,20,FCC,0.512546,0.260176,0.808840368709163,0.3210547697601771,0.2649826641710379,GPR
0.03,2.6429,16.6667,20,FCC,0.381521,0.662093,0.1374801134742816,0.0632812463452137,0.0637868067677611,GPR
0.040714,2.6429,16.6667,20,FCC,0.402111,0.488522,0.1649879445678289,0.0754201784422323,0.0752047928127203,GPR
0.051429,2.6429,16.6667,20,FCC,0.437507,0.335658,0.1942135868811069,0.0880541207830709,0.0868989325644335,GPR
0.062143,2.6429,16.6667,20,FCC,0.453168,0.256199,0.2253606054408146,0.1012346967659918,0.0988898714618153,GPR
0.072857,2.6429,16.6667,20,FCC,0.453925,0.221993,0.2586631025509222,0.1150417828998232,0.1112028391470513,GPR
0.083571,2.6429,16.6667,20,FCC,0.45212,0.218005,0.2943956970696346,0.1295571782350305,0.123867149400178,GPR
0.094286,2.6429,16.6667,20,FCC,0.458428,0.242838,0.3328996620684367,0.1448598699314488,0.1369224581143723,GPR
0.105,2.6429,16.6667,20,FCC,0.477908,0.307446,0.3745849046816351,0.1610305599164179,0.1504175003481171,GPR
0.115714,2.6429,16.6667,20,FCC,0.485355,0.438922,0.4199627859869457,0.1781871535626104,0.1644203397994739,GPR
0.126429,2.6429,16.6667,20,FCC,0.483737,0.671388,0.4696410663089002,0.1965188270301765,0.1790168005881504,GPR
0.137143,2.6429,16.6667,20,FCC,0.480982,0.930617,0.5243039847391655,0.2163199951475159,0.1943066440931763,GPR
0.147857,2.6429,16.6667,20,FCC,0.482247,0.925393,0.5847260058382591,0.2380301332969348,0.2104105791649196,GPR
0.158571,2.6429,16.6667,20,FCC,0.493735,0.692519,0.6517299791754321,0.2622353623203156,0.2274619707900609,GPR
0.169286,2.6429,16.6667,20,FCC,0.504984,0.489937,0.7261657566529944,0.2896509851261112,0.2456052424974568,GPR
0.18,2.6429,16.6667,20,FCC,0.505995,0.366565,0.808840368709163,0.3210547697601771,0.2649826641710379,GPR
0.03,0.5,20.0,20,FCC,0.133099,0.188548,0.1374801134742816,0.0632812463452137,0.0637868067677611,GPR
0.040714,0.5,20.0,20,FCC,0.100764,0.120533,0.1649879445678289,0.0754201784422323,0.0752047928127203,GPR
0.051429,0.5,20.0,20,FCC,0.079744,0.082937,0.1942135868811069,0.0880541207830709,0.0868989325644335,GPR
0.062143,0.5,20.0,20,FCC,0.065137,0.063048,0.2253606054408146,0.1012346967659918,0.0988898714618153,GPR
0.072857,0.5,20.0,20,FCC,0.054502,0.051078,0.2586631025509222,0.1150417828998232,0.1112028391470513,GPR
0.083571,0.5,20.0,20,FCC,0.046487,0.043063,0.2943956970696346,0.1295571782350305,0.123867149400178,GPR
0.094286,0.5,20.0,20,FCC,0.040283,0.037293,0.3328996620684367,0.1448598699314488,0.1369224581143723,GPR
0.105,0.5,20.0,20,FCC,0.03538,0.032925,0.3745849046816351,0.1610305599164179,0.1504175003481171,GPR
0.115714,0.5,20.0,20,FCC,0.031437,0.029496,0.4199627859869457,0.1781871535626104,0.1644203397994739,GPR
0.126429,0.5,20.0,20,FCC,0.028219,0.026727,0.4696410663089002,0.1965188270301765,0.1790168005881504,GPR
0.137143,0.5,20.0,20,FCC,0.02556,0.024443,0.5243039847391655,0.2163199951475159,0.1943066440931763,GPR
0.147857,0.5,20.0,20,FCC,0.023336,0.022523,0.5847260058382591,0.2380301332969348,0.2104105791649196,GPR
0.158571,0.5,20.0,20,FCC,0.021457,0.020887,0.6517299791754321,0.2622353623203156,0.2274619707900609,GPR
0.169286,0.5,20.0,20,FCC,0.019852,0.019476,0.7261657566529944,0.2896509851261112,0.2456052424974568,GPR
0.18,0.5,20.0,20,FCC,0.018468,0.018244,0.808840368709163,0.3210547697601771,0.2649826641710379,GPR
0.03,0.6786,20.0,20,FCC,0.237539,0.348326,0.1374801134742816,0.0632812463452137,0.0637868067677611,GPR
0.040714,0.6786,20.0,20,FCC,0.187327,0.289955,0.1649879445678289,0.0754201784422323,0.0752047928127203,GPR
0.051429,0.6786,20.0,20,FCC,0.152615,0.237545,0.1942135868811069,0.0880541207830709,0.0868989325644335,GPR
0.062143,0.6786,20.0,20,FCC,0.127421,0.188216,0.2253606054408146,0.1012346967659918,0.0988898714618153,GPR
0.072857,0.6786,20.0,20,FCC,0.108344,0.142107,0.2586631025509222,0.1150417828998232,0.1112028391470513,GPR
0.083571,0.6786,20.0,20,FCC,0.093477,0.104386,0.2943956970696346,0.1295571782350305,0.123867149400178,GPR
0.094286,0.6786,20.0,20,FCC,0.081604,0.079298,0.3328996620684367,0.1448598699314488,0.1369224581143723,GPR
0.105,0.6786,20.0,20,FCC,0.071939,0.063671,0.3745849046816351,0.1610305599164179,0.1504175003481171,GPR
0.115714,0.6786,20.0,20,FCC,0.063947,0.053393,0.4199627859869457,0.1781871535626104,0.1644203397994739,GPR
0.126429,0.6786,20.0,20,FCC,0.05725,0.046145,0.4696410663089002,0.1965188270301765,0.1790168005881504,GPR
0.137143,0.6786,20.0,20,FCC,0.051576,0.040741,0.5243039847391655,0.2163199951475159,0.1943066440931763,GPR
0.147857,0.6786,20.0,20,FCC,0.046723,0.03654,0.5847260058382591,0.2380301332969348,0.2104105791649196,GPR
0.158571,0.6786,20.0,20,FCC,0.042538,0.033169,0.6517299791754321,0.2622353623203156,0.2274619707900609,GPR
0.169286,0.6786,20.0,20,FCC,0.038903,0.030397,0.7261657566529944,0.2896509851261112,0.2456052424974568,GPR
0.18,0.6786,20.0,20,FCC,0.035727,0.028072,0.808840368709163,0.3210547697601771,0.2649826641710379,GPR
0.03,0.8571,20.0,20,FCC,0.354525,0.448556,0.1374801134742816,0.0632812463452137,0.0637868067677611,GPR
0.040714,0.8571,20.0,20,FCC,0.290925,0.403995,0.1649879445678289,0.0754201784422323,0.0752047928127203,GPR
0.051429,0.8571,20.0,20,FCC,0.243314,0.361707,0.1942135868811069,0.0880541207830709,0.0868989325644335,GPR
0.062143,0.8571,20.0,20,FCC,0.207691,0.32267,0.2253606054408146,0.1012346967659918,0.0988898714618153,GPR
0.072857,0.8571,20.0,20,FCC,0.180212,0.287347,0.2586631025509222,0.1150417828998232,0.1112028391470513,GPR
0.083571,0.8571,20.0,20,FCC,0.157984,0.254591,0.2943956970696346,0.1295571782350305,0.123867149400178,GPR
0.094286,0.8571,20.0,20,FCC,0.139942,0.22305,0.3328996620684367,0.1448598699314488,0.1369224581143723,GPR
0.105,0.8571,20.0,20,FCC,0.125072,0.191907,0.3745849046816351,0.1610305599164179,0.1504175003481171,GPR
0.115714,0.8571,20.0,20,FCC,0.112507,0.160849,0.4199627859869457,0.1781871535626104,0.1644203397994739,GPR
0.126429,0.8571,20.0,20,FCC,0.101796,0.130488,0.4696410663089002,0.1965188270301765,0.1790168005881504,GPR
0.137143,0.8571,20.0,20,FCC,0.092617,0.103265,0.5243039847391655,0.2163199951475159,0.1943066440931763,GPR
0.147857,0.8571,20.0,20,FCC,0.084654,0.082197,0.5847260058382591,0.2380301332969348,0.2104105791649196,GPR
0.158571,0.8571,20.0,20,FCC,0.077676,0.067483,0.6517299791754321,0.2622353623203156,0.2274619707900609,GPR
0.169286,0.8571,20.0,20,FCC,0.07153,0.05728,0.7261657566529944,0.2896509851261112,0.2456052424974568,GPR
0.18,0.8571,20.0,20,FCC,0.066092,0.049928,0.808840368709163,0.3210547697601771,0.2649826641710379,GPR
0.03,1.0357,20.0,20,FCC,0.465873,0.585369,0.1374801134742816,0.0632812463452137,0.0637868067677611,GPR
0.040714,1.0357,20.0,20,FCC,0.399291,0.472505,0.1649879445678289,0.0754201784422323,0.0752047928127203,GPR
0.051429,1.0357,20.0,20,FCC,0.342842,0.424458,0.1942135868811069,0.0880541207830709,0.0868989325644335,GPR
0.062143,1.0357,20.0,20,FCC,0.299926,0.427466,0.2253606054408146,0.1012346967659918,0.0988898714618153,GPR
0.072857,1.0357,20.0,20,FCC,0.264464,0.372978,0.2586631025509222,0.1150417828998232,0.1112028391470513,GPR
0.083571,1.0357,20.0,20,FCC,0.234587,0.356704,0.2943956970696346,0.1295571782350305,0.123867149400178,GPR
0.094286,1.0357,20.0,20,FCC,0.210418,0.329711,0.3328996620684367,0.1448598699314488,0.1369224581143723,GPR
0.105,1.0357,20.0,20,FCC,0.190542,0.30418,0.3745849046816351,0.1610305599164179,0.1504175003481171,GPR
0.115714,1.0357,20.0,20,FCC,0.17341,0.283679,0.4199627859869457,0.1781871535626104,0.1644203397994739,GPR
0.126429,1.0357,20.0,20,FCC,0.158333,0.260131,0.4696410663089002,0.1965188270301765,0.1790168005881504,GPR
0.137143,1.0357,20.0,20,FCC,0.145245,0.239234,0.5243039847391655,0.2163199951475159,0.1943066440931763,GPR
0.147857,1.0357,20.0,20,FCC,0.133968,0.21773,0.5847260058382591,0.2380301332969348,0.2104105791649196,GPR
0.158571,1.0357,20.0,20,FCC,0.124086,0.196334,0.6517299791754321,0.2622353623203156,0.2274619707900609,GPR
0.169286,1.0357,20.0,20,FCC,0.115237,0.174773,0.7261657566529944,0.2896509851261112,0.2456052424974568,GPR
0.18,1.0357,20.0,20,FCC,0.107247,0.152854,0.808840368709163,0.3210547697601771,0.2649826641710379,GPR
0.03,1.2143,20.0,20,FCC,0.528035,0.550772,0.1374801134742816,0.0632812463452137,0.0637868067677611,GPR
0.040714,1.2143,20.0,20,FCC,0.487927,0.545592,0.1649879445678289,0.0754201784422323,0.0752047928127203,GPR
0.051429,1.2143,20.0,20,FCC,0.443692,0.483371,0.1942135868811069,0.0880541207830709,0.0868989325644335,GPR
0.062143,1.2143,20.0,20,FCC,0.394527,0.478064,0.2253606054408146,0.1012346967659918,0.0988898714618153,GPR
0.072857,1.2143,20.0,20,FCC,0.352399,0.455482,0.2586631025509222,0.1150417828998232,0.1112028391470513,GPR
0.083571,1.2143,20.0,20,FCC,0.31885,0.410962,0.2943956970696346,0.1295571782350305,0.123867149400178,GPR
0.094286,1.2143,20.0,20,FCC,0.290565,0.424148,0.3328996620684367,0.1448598699314488,0.1369224581143723,GPR
0.105,1.2143,20.0,20,FCC,0.265388,0.366227,0.3745849046816351,0.1610305599164179,0.1504175003481171,GPR
0.115714,1.2143,20.0,20,FCC,0.242673,0.378705,0.4199627859869457,0.1781871535626104,0.1644203397994739,GPR
0.126429,1.2143,20.0,20,FCC,0.223049,0.337855,0.4696410663089002,0.1965188270301765,0.1790168005881504,GPR
0.137143,1.2143,20.0,20,FCC,0.206511,0.330988,0.5243039847391655,0.2163199951475159,0.1943066440931763,GPR
0.147857,1.2143,20.0,20,FCC,0.192251,0.311442,0.5847260058382591,0.2380301332969348,0.2104105791649196,GPR
0.158571,1.2143,20.0,20,FCC,0.179505,0.292422,0.6517299791754321,0.2622353623203156,0.2274619707900609,GPR
0.169286,1.2143,20.0,20,FCC,0.167796,0.280365,0.7261657566529944,0.2896509851261112,0.2456052424974568,GPR
0.18,1.2143,20.0,20,FCC,0.156988,0.260964,0.808840368709163,0.3210547697601771,0.2649826641710379,GPR
0.03,1.3929,20.0,20,FCC,0.566439,0.475191,0.1374801134742816,0.0632812463452137,0.0637868067677611,GPR
0.040714,1.3929,20.0,20,FCC,0.534268,0.712603,0.1649879445678289,0.0754201784422323,0.0752047928127203,GPR
0.051429,1.3929,20.0,20,FCC,0.505616,0.418473,0.1942135868811069,0.0880541207830709,0.0868989325644335,GPR
0.062143,1.3929,20.0,20,FCC,0.476102,0.629847,0.2253606054408146,0.1012346967659918,0.0988898714618153,GPR
0.072857,1.3929,20.0,20,FCC,0.443016,0.477309,0.2586631025509222,0.1150417828998232,0.1112028391470513,GPR
0.083571,1.3929,20.0,20,FCC,0.405423,0.426859,0.2943956970696346,0.1295571782350305,0.123867149400178,GPR
0.094286,1.3929,20.0,20,FCC,0.370322,0.539912,0.3328996620684367,0.1448598699314488,0.1369224581143723,GPR
0.105,1.3929,20.0,20,FCC,0.341371,0.412885,0.3745849046816351,0.1610305599164179,0.1504175003481171,GPR
0.115714,1.3929,20.0,20,FCC,0.317015,0.40266,0.4199627859869457,0.1781871535626104,0.1644203397994739,GPR
0.126429,1.3929,20.0,20,FCC,0.295644,0.453244,0.4696410663089002,0.1965188270301765,0.1790168005881504,GPR
0.137143,1.3929,20.0,20,FCC,0.276164,0.377673,0.5243039847391655,0.2163199951475159,0.1943066440931763,GPR
0.147857,1.3929,20.0,20,FCC,0.25789,0.363265,0.5847260058382591,0.2380301332969348,0.2104105791649196,GPR
0.158571,1.3929,20.0,20,FCC,0.240821,0.387746,0.6517299791754321,0.2622353623203156,0.2274619707900609,GPR
0.169286,1.3929,20.0,20,FCC,0.225546,0.345709,0.7261657566529944,0.2896509851261112,0.2456052424974568,GPR
0.18,1.3929,20.0,20,FCC,0.212284,0.325739,0.808840368709163,0.3210547697601771,0.2649826641710379,GPR
0.03,1.5714,20.0,20,FCC,0.592502,0.570925,0.1374801134742816,0.0632812463452137,0.0637868067677611,GPR
0.040714,1.5714,20.0,20,FCC,0.566247,0.406018,0.1649879445678289,0.0754201784422323,0.0752047928127203,GPR
0.051429,1.5714,20.0,20,FCC,0.540055,0.796659,0.1942135868811069,0.0880541207830709,0.0868989325644335,GPR
0.062143,1.5714,20.0,20,FCC,0.518342,0.513267,0.2253606054408146,0.1012346967659918,0.0988898714618153,GPR
0.072857,1.5714,20.0,20,FCC,0.497339,0.405051,0.2586631025509222,0.1150417828998232,0.1112028391470513,GPR
0.083571,1.5714,20.0,20,FCC,0.475332,0.629503,0.2943956970696346,0.1295571782350305,0.123867149400178,GPR
0.094286,1.5714,20.0,20,FCC,0.450936,0.554337,0.3328996620684367,0.1448598699314488,0.1369224581143723,GPR
0.105,1.5714,20.0,20,FCC,0.422844,0.390865,0.3745849046816351,0.1610305599164179,0.1504175003481171,GPR
0.115714,1.5714,20.0,20,FCC,0.392961,0.457368,0.4199627859869457,0.1781871535626104,0.1644203397994739,GPR
0.126429,1.5714,20.0,20,FCC,0.366158,0.559153,0.4696410663089002,0.1965188270301765,0.1790168005881504,GPR
0.137143,1.5714,20.0,20,FCC,0.343474,0.426532,0.5243039847391655,0.2163199951475159,0.1943066440931763,GPR
0.147857,1.5714,20.0,20,FCC,0.323888,0.37075,0.5847260058382591,0.2380301332969348,0.2104105791649196,GPR
0.158571,1.5714,20.0,20,FCC,0.306463,0.436453,0.6517299791754321,0.2622353623203156,0.2274619707900609,GPR
0.169286,1.5714,20.0,20,FCC,0.290542,0.459402,0.7261657566529944,0.2896509851261112,0.2456052424974568,GPR
0.18,1.5714,20.0,20,FCC,0.275628,0.375437,0.808840368709163,0.3210547697601771,0.2649826641710379,GPR
0.03,1.75,20.0,20,FCC,0.589075,0.809461,0.1374801134742816,0.0632812463452137,0.0637868067677611,GPR
0.040714,1.75,20.0,20,FCC,0.585965,0.616874,0.1649879445678289,0.0754201784422323,0.0752047928127203,GPR
0.051429,1.75,20.0,20,FCC,0.569329,0.366403,0.1942135868811069,0.0880541207830709,0.0868989325644335,GPR
0.062143,1.75,20.0,20,FCC,0.545934,0.544241,0.2253606054408146,0.1012346967659918,0.0988898714618153,GPR
0.072857,1.75,20.0,20,FCC,0.526855,0.82351,0.2586631025509222,0.1150417828998232,0.1112028391470513,GPR
0.083571,1.75,20.0,20,FCC,0.511069,0.464792,0.2943956970696346,0.1295571782350305,0.123867149400178,GPR
0.094286,1.75,20.0,20,FCC,0.495423,0.377952,0.3328996620684367,0.1448598699314488,0.1369224581143723,GPR
0.105,1.75,20.0,20,FCC,0.478817,0.539383,0.3745849046816351,0.1610305599164179,0.1504175003481171,GPR
0.115714,1.75,20.0,20,FCC,0.460799,0.693407,0.4199627859869457,0.1781871535626104,0.1644203397994739,GPR
0.126429,1.75,20.0,20,FCC,0.440639,0.46904,0.4696410663089002,0.1965188270301765,0.1790168005881504,GPR
0.137143,1.75,20.0,20,FCC,0.417623,0.369438,0.5243039847391655,0.2163199951475159,0.1943066440931763,GPR
0.147857,1.75,20.0,20,FCC,0.393368,0.432695,0.5847260058382591,0.2380301332969348,0.2104105791649196,GPR
0.158571,1.75,20.0,20,FCC,0.371067,0.574672,0.6517299791754321,0.2622353623203156,0.2274619707900609,GPR
0.169286,1.75,20.0,20,FCC,0.351734,0.508092,0.7261657566529944,0.2896509851261112,0.2456052424974568,GPR
0.18,1.75,20.0,20,FCC,0.33486,0.38148,0.808840368709163,0.3210547697601771,0.2649826641710379,GPR
0.03,1.9286,20.0,20,FCC,0.579163,0.340343,0.1374801134742816,0.0632812463452137,0.0637868067677611,GPR
0.040714,1.9286,20.0,20,FCC,0.577497,0.771258,0.1649879445678289,0.0754201784422323,0.0752047928127203,GPR
0.051429,1.9286,20.0,20,FCC,0.580998,0.748644,0.1942135868811069,0.0880541207830709,0.0868989325644335,GPR
0.062143,1.9286,20.0,20,FCC,0.56759,0.383973,0.2253606054408146,0.1012346967659918,0.0988898714618153,GPR
0.072857,1.9286,20.0,20,FCC,0.549097,0.370702,0.2586631025509222,0.1150417828998232,0.1112028391470513,GPR
0.083571,1.9286,20.0,20,FCC,0.534974,0.643212,0.2943956970696346,0.1295571782350305,0.123867149400178,GPR
0.094286,1.9286,20.0,20,FCC,0.519893,0.82612,0.3328996620684367,0.1448598699314488,0.1369224581143723,GPR
0.105,1.9286,20.0,20,FCC,0.507895,0.48244,0.3745849046816351,0.1610305599164179,0.1504175003481171,GPR
0.115714,1.9286,20.0,20,FCC,0.496111,0.357458,0.4199627859869457,0.1781871535626104,0.1644203397994739,GPR
0.126429,1.9286,20.0,20,FCC,0.483168,0.412732,0.4696410663089002,0.1965188270301765,0.1790168005881504,GPR
0.137143,1.9286,20.0,20,FCC,0.469658,0.636894,0.5243039847391655,0.2163199951475159,0.1943066440931763,GPR
0.147857,1.9286,20.0,20,FCC,0.45511,0.689669,0.5847260058382591,0.2380301332969348,0.2104105791649196,GPR
0.158571,1.9286,20.0,20,FCC,0.438907,0.466255,0.6517299791754321,0.2622353623203156,0.2274619707900609,GPR
0.169286,1.9286,20.0,20,FCC,0.420523,0.358747,0.7261657566529944,0.2896509851261112,0.2456052424974568,GPR
0.18,1.9286,20.0,20,FCC,0.400534,0.374038,0.808840368709163,0.3210547697601771,0.2649826641710379,GPR
0.03,2.1071,20.0,20,FCC,0.547507,0.328757,0.1374801134742816,0.0632812463452137,0.0637868067677611,GPR
0.040714,2.1071,20.0,20,FCC,0.567508,0.326808,0.1649879445678289,0.0754201784422323,0.0752047928127203,GPR
0.051429,2.1071,20.0,20,FCC,0.566475,0.651486,0.1942135868811069,0.0880541207830709,0.0868989325644335,GPR
0.062143,2.1071,20.0,20,FCC,0.573669,0.934042,0.2253606054408146,0.1012346967659918,0.0988898714618153,GPR
0.072857,2.1071,20.0,20,FCC,0.562199,0.479872,0.2586631025509222,0.1150417828998232,0.1112028391470513,GPR
0.083571,2.1071,20.0,20,FCC,0.555695,0.33334,0.2943956970696346,0.1295571782350305,0.123867149400178,GPR
0.094286,2.1071,20.0,20,FCC,0.537286,0.377323,0.3328996620684367,0.1448598699314488,0.1369224581143723,GPR
0.105,2.1071,20.0,20,FCC,0.527759,0.641992,0.3745849046816351,0.1610305599164179,0.1504175003481171,GPR
0.115714,2.1071,20.0,20,FCC,0.514959,0.877765,0.4199627859869457,0.1781871535626104,0.1644203397994739,GPR
0.126429,2.1071,20.0,20,FCC,0.506745,0.564974,0.4696410663089002,0.1965188270301765,0.1790168005881504,GPR
0.137143,2.1071,20.0,20,FCC,0.496505,0.373922,0.5243039847391655,0.2163199951475159,0.1943066440931763,GPR
0.147857,2.1071,20.0,20,FCC,0.486885,0.340027,0.5847260058382591,0.2380301332969348,0.2104105791649196,GPR
0.158571,2.1071,20.0,20,FCC,0.47685,0.426984,0.6517299791754321,0.2622353623203156,0.2274619707900609,GPR
0.169286,2.1071,20.0,20,FCC,0.465824,0.646357,0.7261657566529944,0.2896509851261112,0.2456052424974568,GPR
0.18,2.1071,20.0,20,FCC,0.454204,0.734713,0.808840368709163,0.3210547697601771,0.2649826641710379,GPR
0.03,2.2857,20.0,20,FCC,0.52689,0.544741,0.1374801134742816,0.0632812463452137,0.0637868067677611,GPR
0.040714,2.2857,20.0,20,FCC,0.534862,0.307715,0.1649879445678289,0.0754201784422323,0.0752047928127203,GPR
0.051429,2.2857,20.0,20,FCC,0.552959,0.302217,0.1942135868811069,0.0880541207830709,0.0868989325644335,GPR
0.062143,2.2857,20.0,20,FCC,0.556693,0.50756,0.2253606054408146,0.1012346967659918,0.0988898714618153,GPR
0.072857,2.2857,20.0,20,FCC,0.558597,0.974574,0.2586631025509222,0.1150417828998232,0.1112028391470513,GPR
0.083571,2.2857,20.0,20,FCC,0.560322,0.69335,0.2943956970696346,0.1295571782350305,0.123867149400178,GPR
0.094286,2.2857,20.0,20,FCC,0.55019,0.393502,0.3328996620684367,0.1448598699314488,0.1369224581143723,GPR
0.105,2.2857,20.0,20,FCC,0.545321,0.313253,0.3745849046816351,0.1610305599164179,0.1504175003481171,GPR
0.115714,2.2857,20.0,20,FCC,0.529439,0.358042,0.4199627859869457,0.1781871535626104,0.1644203397994739,GPR
0.126429,2.2857,20.0,20,FCC,0.522614,0.564806,0.4696410663089002,0.1965188270301765,0.1790168005881504,GPR
0.137143,2.2857,20.0,20,FCC,0.511639,0.886889,0.5243039847391655,0.2163199951475159,0.1943066440931763,GPR
0.147857,2.2857,20.0,20,FCC,0.505282,0.7309,0.5847260058382591,0.2380301332969348,0.2104105791649196,GPR
0.158571,2.2857,20.0,20,FCC,0.496879,0.456062,0.6517299791754321,0.2622353623203156,0.2274619707900609,GPR
0.169286,2.2857,20.0,20,FCC,0.489746,0.340003,0.7261657566529944,0.2896509851261112,0.2456052424974568,GPR
0.18,2.2857,20.0,20,FCC,0.481533,0.325341,0.808840368709163,0.3210547697601771,0.2649826641710379,GPR
0.03,2.4643,20.0,20,FCC,0.481468,0.897376,0.1374801134742816,0.0632812463452137,0.0637868067677611,GPR
0.040714,2.4643,20.0,20,FCC,0.517485,0.487788,0.1649879445678289,0.0754201784422323,0.0752047928127203,GPR
0.051429,2.4643,20.0,20,FCC,0.522421,0.298907,0.1942135868811069,0.0880541207830709,0.0868989325644335,GPR
0.062143,2.4643,20.0,20,FCC,0.535054,0.277771,0.2253606054408146,0.1012346967659918,0.0988898714618153,GPR
0.072857,2.4643,20.0,20,FCC,0.547168,0.389337,0.2586631025509222,0.1150417828998232,0.1112028391470513,GPR
0.083571,2.4643,20.0,20,FCC,0.543105,0.747722,0.2943956970696346,0.1295571782350305,0.123867149400178,GPR
0.094286,2.4643,20.0,20,FCC,0.553032,0.966053,0.3328996620684367,0.1448598699314488,0.1369224581143723,GPR
0.105,2.4643,20.0,20,FCC,0.547676,0.577405,0.3745849046816351,0.1610305599164179,0.1504175003481171,GPR
0.115714,2.4643,20.0,20,FCC,0.540762,0.362992,0.4199627859869457,0.1781871535626104,0.1644203397994739,GPR
0.126429,2.4643,20.0,20,FCC,0.537696,0.299203,0.4696410663089002,0.1965188270301765,0.1790168005881504,GPR
0.137143,2.4643,20.0,20,FCC,0.523877,0.324321,0.5243039847391655,0.2163199951475159,0.1943066440931763,GPR
0.147857,2.4643,20.0,20,FCC,0.517268,0.456997,0.5847260058382591,0.2380301332969348,0.2104105791649196,GPR
0.158571,2.4643,20.0,20,FCC,0.51012,0.748384,0.6517299791754321,0.2622353623203156,0.2274619707900609,GPR
0.169286,2.4643,20.0,20,FCC,0.501726,0.910312,0.7261657566529944,0.2896509851261112,0.2456052424974568,GPR
0.18,2.4643,20.0,20,FCC,0.497836,0.645511,0.808840368709163,0.3210547697601771,0.2649826641710379,GPR
0.03,2.6429,20.0,20,FCC,0.462385,0.614453,0.1374801134742816,0.0632812463452137,0.0637868067677611,GPR
0.040714,2.6429,20.0,20,FCC,0.472335,0.852542,0.1649879445678289,0.0754201784422323,0.0752047928127203,GPR
0.051429,2.6429,20.0,20,FCC,0.505439,0.473349,0.1942135868811069,0.0880541207830709,0.0868989325644335,GPR
0.062143,2.6429,20.0,20,FCC,0.51037,0.299276,0.2253606054408146,0.1012346967659918,0.0988898714618153,GPR
0.072857,2.6429,20.0,20,FCC,0.515954,0.260333,0.2586631025509222,0.1150417828998232,0.1112028391470513,GPR
0.083571,2.6429,20.0,20,FCC,0.535522,0.3102,0.2943956970696346,0.1295571782350305,0.123867149400178,GPR
0.094286,2.6429,20.0,20,FCC,0.533635,0.50073,0.3328996620684367,0.1448598699314488,0.1369224581143723,GPR
0.105,2.6429,20.0,20,FCC,0.534107,0.896559,0.3745849046816351,0.1610305599164179,0.1504175003481171,GPR
0.115714,2.6429,20.0,20,FCC,0.543612,0.89829,0.4199627859869457,0.1781871535626104,0.1644203397994739,GPR
0.126429,2.6429,20.0,20,FCC,0.537396,0.542043,0.4696410663089002,0.1965188270301765,0.1790168005881504,GPR
0.137143,2.6429,20.0,20,FCC,0.531625,0.357097,0.5243039847391655,0.2163199951475159,0.1943066440931763,GPR
0.147857,2.6429,20.0,20,FCC,0.531418,0.29068,0.5847260058382591,0.2380301332969348,0.2104105791649196,GPR
0.158571,2.6429,20.0,20,FCC,0.5204,0.292349,0.6517299791754321,0.2622353623203156,0.2274619707900609,GPR
0.169286,2.6429,20.0,20,FCC,0.511078,0.362273,0.7261657566529944,0.2896509851261112,0.2456052424974568,GPR
0.18,2.6429,20.0,20,FCC,0.508349,0.54071,0.808840368709163,0.3210547697601771,0.2649826641710379,GPR
0.03,2.8214,20.0,20,FCC,0.440768,0.330413,0.1374801134742816,0.0632812463452137,0.0637868067677611,GPR
0.040714,2.8214,20.0,20,FCC,0.45219,0.682147,0.1649879445678289,0.0754201784422323,0.0752047928127203,GPR
0.051429,2.8214,20.0,20,FCC,0.461394,0.828209,0.1942135868811069,0.0880541207830709,0.0868989325644335,GPR
0.062143,2.8214,20.0,20,FCC,0.491906,0.485734,0.2253606054408146,0.1012346967659918,0.0988898714618153,GPR
0.072857,2.8214,20.0,20,FCC,0.498714,0.309472,0.2586631025509222,0.1150417828998232,0.1112028391470513,GPR
0.083571,2.8214,20.0,20,FCC,0.499937,0.252677,0.2943956970696346,0.1295571782350305,0.123867149400178,GPR
0.094286,2.8214,20.0,20,FCC,0.51768,0.263438,0.3328996620684367,0.1448598699314488,0.1369224581143723,GPR
0.105,2.8214,20.0,20,FCC,0.525066,0.350962,0.3745849046816351,0.1610305599164179,0.1504175003481171,GPR
0.115714,2.8214,20.0,20,FCC,0.521625,0.581691,0.4199627859869457,0.1781871535626104,0.1644203397994739,GPR
0.126429,2.8214,20.0,20,FCC,0.525519,0.945765,0.4696410663089002,0.1965188270301765,0.1790168005881504,GPR
0.137143,2.8214,20.0,20,FCC,0.533905,0.881081,0.5243039847391655,0.2163199951475159,0.1943066440931763,GPR
0.147857,2.8214,20.0,20,FCC,0.528718,0.554058,0.5847260058382591,0.2380301332969348,0.2104105791649196,GPR
0.158571,2.8214,20.0,20,FCC,0.522795,0.370109,0.6517299791754321,0.2622353623203156,0.2274619707900609,GPR
0.169286,2.8214,20.0,20,FCC,0.524318,0.291654,0.7261657566529944,0.2896509851261112,0.2456052424974568,GPR
0.18,2.8214,20.0,20,FCC,0.518166,0.2716,0.808840368709163,0.3210547697601771,0.2649826641710379,GPR
0.03,3.0,20.0,20,FCC,0.400787,0.223185,0.1374801134742816,0.0632812463452137,0.0637868067677611,GPR
0.040714,3.0,20.0,20,FCC,0.434255,0.363218,0.1649879445678289,0.0754201784422323,0.0752047928127203,GPR
0.051429,3.0,20.0,20,FCC,0.441554,0.69774,0.1942135868811069,0.0880541207830709,0.0868989325644335,GPR
0.062143,3.0,20.0,20,FCC,0.449101,0.827709,0.2253606054408146,0.1012346967659918,0.0988898714618153,GPR
0.072857,3.0,20.0,20,FCC,0.476553,0.520228,0.2586631025509222,0.1150417828998232,0.1112028391470513,GPR
0.083571,3.0,20.0,20,FCC,0.487118,0.331398,0.2943956970696346,0.1295571782350305,0.123867149400178,GPR
0.094286,3.0,20.0,20,FCC,0.487284,0.255862,0.3328996620684367,0.1448598699314488,0.1369224581143723,GPR
0.105,3.0,20.0,20,FCC,0.494569,0.239981,0.3745849046816351,0.1610305599164179,0.1504175003481171,GPR
0.115714,3.0,20.0,20,FCC,0.512468,0.272769,0.4199627859869457,0.1781871535626104,0.1644203397994739,GPR
0.126429,3.0,20.0,20,FCC,0.513766,0.376409,0.4696410663089002,0.1965188270301765,0.1790168005881504,GPR
0.137143,3.0,20.0,20,FCC,0.510826,0.61014,0.5243039847391655,0.2163199951475159,0.1943066440931763,GPR
0.147857,3.0,20.0,20,FCC,0.515457,0.94278,0.5847260058382591,0.2380301332969348,0.2104105791649196,GPR
0.158571,3.0,20.0,20,FCC,0.524338,0.911075,0.6517299791754321,0.2622353623203156,0.2274619707900609,GPR
0.169286,3.0,20.0,20,FCC,0.52104,0.605202,0.7261657566529944,0.2896509851261112,0.2456052424974568,GPR
0.18,3.0,20.0,20,FCC,0.515065,0.404493,0.808840368709163,0.3210547697601771,0.2649826641710379,GPR
0.03,0.5,23.3333,20,FCC,0.075162,0.071889,0.1374801134742816,0.0632812463452137,0.0637868067677611,GPR
0.040714,0.5,23.3333,20,FCC,0.054892,0.050334,0.1649879445678289,0.0754201784422323,0.0752047928127203,GPR
0.051429,0.5,23.3333,20,FCC,0.042405,0.03905,0.1942135868811069,0.0880541207830709,0.0868989325644335,GPR
0.062143,0.5,23.3333,20,FCC,0.034157,0.032009,0.2253606054408146,0.1012346967659918,0.0988898714618153,GPR
0.072857,0.5,23.3333,20,FCC,0.028428,0.027163,0.2586631025509222,0.1150417828998232,0.1112028391470513,GPR
0.083571,0.5,23.3333,20,FCC,0.024287,0.023611,0.2943956970696346,0.1295571782350305,0.123867149400178,GPR
0.094286,0.5,23.3333,20,FCC,0.021186,0.020891,0.3328996620684367,0.1448598699314488,0.1369224581143723,GPR
0.105,0.5,23.3333,20,FCC,0.018789,0.018739,0.3745849046816351,0.1610305599164179,0.1504175003481171,GPR
0.115714,0.5,23.3333,20,FCC,0.016885,0.016992,0.4199627859869457,0.1781871535626104,0.1644203397994739,GPR
0.126429,0.5,23.3333,20,FCC,0.015336,0.015545,0.4696410663089002,0.1965188270301765,0.1790168005881504,GPR
0.137143,0.5,23.3333,20,FCC,0.014052,0.014326,0.5243039847391655,0.2163199951475159,0.1943066440931763,GPR
0.147857,0.5,23.3333,20,FCC,0.012969,0.013286,0.5847260058382591,0.2380301332969348,0.2104105791649196,GPR
0.158571,0.5,23.3333,20,FCC,0.012043,0.012387,0.6517299791754321,0.2622353623203156,0.2274619707900609,GPR
0.169286,0.5,23.3333,20,FCC,0.011242,0.011602,0.7261657566529944,0.2896509851261112,0.2456052424974568,GPR
0.18,0.5,23.3333,20,FCC,0.010542,0.010911,0.808840368709163,0.3210547697601771,0.2649826641710379,GPR
0.03,0.6786,23.3333,20,FCC,0.140451,0.206145,0.1374801134742816,0.0632812463452137,0.0637868067677611,GPR
0.040714,0.6786,23.3333,20,FCC,0.106112,0.117665,0.1649879445678289,0.0754201784422323,0.0752047928127203,GPR
0.051429,0.6786,23.3333,20,FCC,0.083418,0.073772,0.1942135868811069,0.0880541207830709,0.0868989325644335,GPR
0.062143,0.6786,23.3333,20,FCC,0.06748,0.054285,0.2253606054408146,0.1012346967659918,0.0988898714618153,GPR
0.072857,0.6786,23.3333,20,FCC,0.055795,0.043412,0.2586631025509222,0.1150417828998232,0.1112028391470513,GPR
0.083571,0.6786,23.3333,20,FCC,0.046952,0.036372,0.2943956970696346,0.1295571782350305,0.123867149400178,GPR
0.094286,0.6786,23.3333,20,FCC,0.040098,0.031393,0.3328996620684367,0.1448598699314488,0.1369224581143723,GPR
0.105,0.6786,23.3333,20,FCC,0.034685,0.027661,0.3745849046816351,0.1610305599164179,0.1504175003481171,GPR
0.115714,0.6786,23.3333,20,FCC,0.030347,0.024749,0.4199627859869457,0.1781871535626104,0.1644203397994739,GPR
0.126429,0.6786,23.3333,20,FCC,0.02683,0.022408,0.4696410663089002,0.1965188270301765,0.1790168005881504,GPR
0.137143,0.6786,23.3333,20,FCC,0.023952,0.020482,0.5243039847391655,0.2163199951475159,0.1943066440931763,GPR
0.147857,0.6786,23.3333,20,FCC,0.021576,0.018866,0.5847260058382591,0.2380301332969348,0.2104105791649196,GPR
0.158571,0.6786,23.3333,20,FCC,0.019602,0.017492,0.6517299791754321,0.2622353623203156,0.2274619707900609,GPR
0.169286,0.6786,23.3333,20,FCC,0.017947,0.016307,0.7261657566529944,0.2896509851261112,0.2456052424974568,GPR
0.18,0.6786,23.3333,20,FCC,0.016549,0.015274,0.808840368709163,0.3210547697601771,0.2649826641710379,GPR
0.03,0.8571,23.3333,20,FCC,0.220725,0.3484,0.1374801134742816,0.0632812463452137,0.0637868067677611,GPR
0.040714,0.8571,23.3333,20,FCC,0.173174,0.281181,0.1649879445678289,0.0754201784422323,0.0752047928127203,GPR
0.051429,0.8571,23.3333,20,FCC,0.140381,0.215872,0.1942135868811069,0.0880541207830709,0.0868989325644335,GPR
0.062143,0.8571,23.3333,20,FCC,0.116343,0.150688,0.2253606054408146,0.1012346967659918,0.0988898714618153,GPR
0.072857,0.8571,23.3333,20,FCC,0.098197,0.097383,0.2586631025509222,0.1150417828998232,0.1112028391470513,GPR
0.083571,0.8571,23.3333,20,FCC,0.084012,0.06848,0.2943956970696346,0.1295571782350305,0.123867149400178,GPR
0.094286,0.8571,23.3333,20,FCC,0.072707,0.053307,0.3328996620684367,0.1448598699314488,0.1369224581143723,GPR
0.105,0.8571,23.3333,20,FCC,0.063513,0.044073,0.3745849046816351,0.1610305599164179,0.1504175003481171,GPR
0.115714,0.8571,23.3333,20,FCC,0.055927,0.037793,0.4199627859869457,0.1781871535626104,0.1644203397994739,GPR
0.126429,0.8571,23.3333,20,FCC,0.04959,0.0332,0.4696410663089002,0.1965188270301765,0.1790168005881504,GPR
0.137143,0.8571,23.3333,20,FCC,0.044239,0.029672,0.5243039847391655,0.2163199951475159,0.1943066440931763,GPR
0.147857,0.8571,23.3333,20,FCC,0.039682,0.026862,0.5847260058382591,0.2380301332969348,0.2104105791649196,GPR
0.158571,0.8571,23.3333,20,FCC,0.035771,0.024564,0.6517299791754321,0.2622353623203156,0.2274619707900609,GPR
0.169286,0.8571,23.3333,20,FCC,0.032394,0.022645,0.7261657566529944,0.2896509851261112,0.2456052424974568,GPR
0.18,0.8571,23.3333,20,FCC,0.029461,0.021015,0.808840368709163,0.3210547697601771,0.2649826641710379,GPR
0.03,1.0357,23.3333,20,FCC,0.309777,0.425307,0.1374801134742816,0.0632812463452137,0.0637868067677611,GPR
0.040714,1.0357,23.3333,20,FCC,0.249686,0.379176,0.1649879445678289,0.0754201784422323,0.0752047928127203,GPR
0.051429,1.0357,23.3333,20,FCC,0.208177,0.335384,0.1942135868811069,0.0880541207830709,0.0868989325644335,GPR
0.062143,1.0357,23.3333,20,FCC,0.176154,0.291649,0.2253606054408146,0.1012346967659918,0.0988898714618153,GPR
0.072857,1.0357,23.3333,20,FCC,0.151437,0.247632,0.2586631025509222,0.1150417828998232,0.1112028391470513,GPR
0.083571,1.0357,23.3333,20,FCC,0.131992,0.202683,0.2943956970696346,0.1295571782350305,0.123867149400178,GPR
0.094286,1.0357,23.3333,20,FCC,0.115907,0.156175,0.3328996620684367,0.1448598699314488,0.1369224581143723,GPR
0.105,1.0357,23.3333,20,FCC,0.102731,0.111536,0.3745849046816351,0.1610305599164179,0.1504175003481171,GPR
0.115714,1.0357,23.3333,20,FCC,0.091724,0.079464,0.4199627859869457,0.1781871535626104,0.1644203397994739,GPR
0.126429,1.0357,23.3333,20,FCC,0.082305,0.061048,0.4696410663089002,0.1965188270301765,0.1790168005881504,GPR
0.137143,1.0357,23.3333,20,FCC,0.074259,0.050018,0.5243039847391655,0.2163199951475159,0.1943066440931763,GPR
0.147857,1.0357,23.3333,20,FCC,0.067324,0.042704,0.5847260058382591,0.2380301332969348,0.2104105791649196,GPR
0.158571,1.0357,23.3333,20,FCC,0.061257,0.037455,0.6517299791754321,0.2622353623203156,0.2274619707900609,GPR
0.169286,1.0357,23.3333,20,FCC,0.055936,0.033473,0.7261657566529944,0.2896509851261112,0.2456052424974568,GPR
0.18,1.0357,23.3333,20,FCC,0.05125,0.030329,0.808840368709163,0.3210547697601771,0.2649826641710379,GPR
0.03,1.2143,23.3333,20,FCC,0.396698,0.519109,0.1374801134742816,0.0632812463452137,0.0637868067677611,GPR
0.040714,1.2143,23.3333,20,FCC,0.332909,0.49707,0.1649879445678289,0.0754201784422323,0.0752047928127203,GPR
0.051429,1.2143,23.3333,20,FCC,0.282546,0.428315,0.1942135868811069,0.0880541207830709,0.0868989325644335,GPR
0.062143,1.2143,23.3333,20,FCC,0.242541,0.372434,0.2253606054408146,0.1012346967659918,0.0988898714618153,GPR
0.072857,1.2143,23.3333,20,FCC,0.212722,0.342348,0.2586631025509222,0.1150417828998232,0.1112028391470513,GPR
0.083571,1.2143,23.3333,20,FCC,0.188044,0.315239,0.2943956970696346,0.1295571782350305,0.123867149400178,GPR
0.094286,1.2143,23.3333,20,FCC,0.166875,0.282689,0.3328996620684367,0.1448598699314488,0.1369224581143723,GPR
0.105,1.2143,23.3333,20,FCC,0.149686,0.249581,0.3745849046816351,0.1610305599164179,0.1504175003481171,GPR
0.115714,1.2143,23.3333,20,FCC,0.135396,0.216991,0.4199627859869457,0.1781871535626104,0.1644203397994739,GPR
0.126429,1.2143,23.3333,20,FCC,0.122832,0.183448,0.4696410663089002,0.1965188270301765,0.1790168005881504,GPR
0.137143,1.2143,23.3333,20,FCC,0.111781,0.148299,0.5243039847391655,0.2163199951475159,0.1943066440931763,GPR
0.147857,1.2143,23.3333,20,FCC,0.102317,0.113239,0.5847260058382591,0.2380301332969348,0.2104105791649196,GPR
0.158571,1.2143,23.3333,20,FCC,0.094098,0.084387,0.6517299791754321,0.2622353623203156,0.2274619707900609,GPR
0.169286,1.2143,23.3333,20,FCC,0.086736,0.065522,0.7261657566529944,0.2896509851261112,0.2456052424974568,GPR
0.18,1.2143,23.3333,20,FCC,0.0801,0.053753,0.808840368709163,0.3210547697601771,0.2649826641710379,GPR
0.03,1.3929,23.3333,20,FCC,0.484207,0.472833,0.1374801134742816,0.0632812463452137,0.0637868067677611,GPR
0.040714,1.3929,23.3333,20,FCC,0.411793,0.610166,0.1649879445678289,0.0754201784422323,0.0752047928127203,GPR
0.051429,1.3929,23.3333,20,FCC,0.357991,0.440583,0.1942135868811069,0.0880541207830709,0.0868989325644335,GPR
0.062143,1.3929,23.3333,20,FCC,0.315982,0.444089,0.2253606054408146,0.1012346967659918,0.0988898714618153,GPR
0.072857,1.3929,23.3333,20,FCC,0.279047,0.436161,0.2586631025509222,0.1150417828998232,0.1112028391470513,GPR
0.083571,1.3929,23.3333,20,FCC,0.247766,0.370493,0.2943956970696346,0.1295571782350305,0.123867149400178,GPR
0.094286,1.3929,23.3333,20,FCC,0.223458,0.37732,0.3328996620684367,0.1448598699314488,0.1369224581143723,GPR
0.105,1.3929,23.3333,20,FCC,0.203331,0.330452,0.3745849046816351,0.1610305599164179,0.1504175003481171,GPR
0.115714,1.3929,23.3333,20,FCC,0.18529,0.314417,0.4199627859869457,0.1781871535626104,0.1644203397994739,GPR
0.126429,1.3929,23.3333,20,FCC,0.16892,0.289363,0.4696410663089002,0.1965188270301765,0.1790168005881504,GPR
0.137143,1.3929,23.3333,20,FCC,0.154971,0.262883,0.5243039847391655,0.2163199951475159,0.1943066440931763,GPR
0.147857,1.3929,23.3333,20,FCC,0.143242,0.240834,0.5847260058382591,0.2380301332969348,0.2104105791649196,GPR
0.158571,1.3929,23.3333,20,FCC,0.132924,0.215365,0.6517299791754321,0.2622353623203156,0.2274619707900609,GPR
0.169286,1.3929,23.3333,20,FCC,0.123436,0.189826,0.7261657566529944,0.2896509851261112,0.2456052424974568,GPR
0.18,1.3929,23.3333,20,FCC,0.114669,0.16318,0.808840368709163,0.3210547697601771,0.2649826641710379,GPR
0.03,1.5714,23.3333,20,FCC,0.53534,0.528061,0.1374801134742816,0.0632812463452137,0.0637868067677611,GPR
0.040714,1.5714,23.3333,20,FCC,0.49056,0.51272,0.1649879445678289,0.0754201784422323,0.0752047928127203,GPR
0.051429,1.5714,23.3333,20,FCC,0.43263,0.543956,0.1942135868811069,0.0880541207830709,0.0868989325644335,GPR
0.062143,1.5714,23.3333,20,FCC,0.383765,0.466373,0.2253606054408146,0.1012346967659918,0.0988898714618153,GPR
0.072857,1.5714,23.3333,20,FCC,0.346267,0.478638,0.2586631025509222,0.1150417828998232,0.1112028391470513,GPR
0.083571,1.5714,23.3333,20,FCC,0.314608,0.444292,0.2943956970696346,0.1295571782350305,0.123867149400178,GPR
0.094286,1.5714,23.3333,20,FCC,0.285583,0.411839,0.3328996620684367,0.1448598699314488,0.1369224581143723,GPR
0.105,1.5714,23.3333,20,FCC,0.258995,0.417838,0.3745849046816351,0.1610305599164179,0.1504175003481171,GPR
0.115714,1.5714,23.3333,20,FCC,0.237159,0.362282,0.4199627859869457,0.1781871535626104,0.1644203397994739,GPR
0.126429,1.5714,23.3333,20,FCC,0.21936,0.378327,0.4696410663089002,0.1965188270301765,0.1790168005881504,GPR
0.137143,1.5714,23.3333,20,FCC,0.203935,0.326533,0.5243039847391655,0.2163199951475159,0.1943066440931763,GPR
0.147857,1.5714,23.3333,20,FCC,0.189756,0.332097,0.5847260058382591,0.2380301332969348,0.2104105791649196,GPR
0.158571,1.5714,23.3333,20,FCC,0.176295,0.29513,0.6517299791754321,0.2622353623203156,0.2274619707900609,GPR
0.169286,1.5714,23.3333,20,FCC,0.163942,0.287919,0.7261657566529944,0.2896509851261112,0.2456052424974568,GPR
0.18,1.5714,23.3333,20,FCC,0.153259,0.261882,0.808840368709163,0.3210547697601771,0.2649826641710379,GPR
0.03,1.75,23.3333,20,FCC,0.558962,0.558525,0.1374801134742816,0.0632812463452137,0.0637868067677611,GPR
0.040714,1.75,23.3333,20,FCC,0.532718,0.485981,0.1649879445678289,0.0754201784422323,0.0752047928127203,GPR
0.051429,1.75,23.3333,20,FCC,0.499883,0.654362,0.1942135868811069,0.0880541207830709,0.0868989325644335,GPR
0.062143,1.75,23.3333,20,FCC,0.456319,0.406402,0.2253606054408146,0.1012346967659918,0.0988898714618153,GPR
0.072857,1.75,23.3333,20,FCC,0.410707,0.657784,0.2586631025509222,0.1150417828998232,0.1112028391470513,GPR
0.083571,1.75,23.3333,20,FCC,0.374783,0.418956,0.2943956970696346,0.1295571782350305,0.123867149400178,GPR
0.094286,1.75,23.3333,20,FCC,0.345564,0.464861,0.3328996620684367,0.1448598699314488,0.1369224581143723,GPR
0.105,1.75,23.3333,20,FCC,0.320146,0.503586,0.3745849046816351,0.1610305599164179,0.1504175003481171,GPR
0.115714,1.75,23.3333,20,FCC,0.296673,0.373268,0.4199627859869457,0.1781871535626104,0.1644203397994739,GPR
0.126429,1.75,23.3333,20,FCC,0.274041,0.455512,0.4696410663089002,0.1965188270301765,0.1790168005881504,GPR
0.137143,1.75,23.3333,20,FCC,0.253362,0.398069,0.5243039847391655,0.2163199951475159,0.1943066440931763,GPR
0.147857,1.75,23.3333,20,FCC,0.236123,0.353588,0.5847260058382591,0.2380301332969348,0.2104105791649196,GPR
0.158571,1.75,23.3333,20,FCC,0.221682,0.396364,0.6517299791754321,0.2622353623203156,0.2274619707900609,GPR
0.169286,1.75,23.3333,20,FCC,0.209017,0.336642,0.7261657566529944,0.2896509851261112,0.2456052424974568,GPR
0.18,1.75,23.3333,20,FCC,0.197403,0.327989,0.808840368709163,0.3210547697601771,0.2649826641710379,GPR
0.03,1.9286,23.3333,20,FCC,0.57141,0.717022,0.1374801134742816,0.0632812463452137,0.0637868067677611,GPR
0.040714,1.9286,23.3333,20,FCC,0.552145,0.534814,0.1649879445678289,0.0754201784422323,0.0752047928127203,GPR
0.051429,1.9286,23.3333,20,FCC,0.532103,0.411696,0.1942135868811069,0.0880541207830709,0.0868989325644335,GPR
0.062143,1.9286,23.3333,20,FCC,0.508418,0.808788,0.2253606054408146,0.1012346967659918,0.0988898714618153,GPR
0.072857,1.9286,23.3333,20,FCC,0.477876,0.433719,0.2586631025509222,0.1150417828998232,0.1112028391470513,GPR
0.083571,1.9286,23.3333,20,FCC,0.439401,0.440817,0.2943956970696346,0.1295571782350305,0.123867149400178,GPR
0.094286,1.9286,23.3333,20,FCC,0.403382,0.676697,0.3328996620684367,0.1448598699314488,0.1369224581143723,GPR
0.105,1.9286,23.3333,20,FCC,0.374429,0.419726,0.3745849046816351,0.1610305599164179,0.1504175003481171,GPR
0.115714,1.9286,23.3333,20,FCC,0.350181,0.406668,0.4199627859869457,0.1781871535626104,0.1644203397994739,GPR
0.126429,1.9286,23.3333,20,FCC,0.328842,0.569626,0.4696410663089002,0.1965188270301765,0.1790168005881504,GPR
0.137143,1.9286,23.3333,20,FCC,0.30927,0.423256,0.5243039847391655,0.2163199951475159,0.1943066440931763,GPR
0.147857,1.9286,23.3333,20,FCC,0.290517,0.365678,0.5847260058382591,0.2380301332969348,0.2104105791649196,GPR
0.158571,1.9286,23.3333,20,FCC,0.272045,0.465805,0.6517299791754321,0.2622353623203156,0.2274619707900609,GPR
0.169286,1.9286,23.3333,20,FCC,0.25475,0.421804,0.7261657566529944,0.2896509851261112,0.2456052424974568,GPR
0.18,1.9286,23.3333,20,FCC,0.2399,0.340654,0.808840368709163,0.3210547697601771,0.2649826641710379,GPR
0.03,2.1071,23.3333,20,FCC,0.578175,0.338749,0.1374801134742816,0.0632812463452137,0.0637868067677611,GPR
0.040714,2.1071,23.3333,20,FCC,0.561838,0.773626,0.1649879445678289,0.0754201784422323,0.0752047928127203,GPR
0.051429,2.1071,23.3333,20,FCC,0.547782,0.581745,0.1942135868811069,0.0880541207830709,0.0868989325644335,GPR
0.062143,2.1071,23.3333,20,FCC,0.5325,0.361501,0.2253606054408146,0.1012346967659918,0.0988898714618153,GPR
0.072857,2.1071,23.3333,20,FCC,0.514647,0.640428,0.2586631025509222,0.1150417828998232,0.1112028391470513,GPR
0.083571,2.1071,23.3333,20,FCC,0.493347,0.675035,0.2943956970696346,0.1295571782350305,0.123867149400178,GPR
0.094286,2.1071,23.3333,20,FCC,0.466205,0.378731,0.3328996620684367,0.1448598699314488,0.1369224581143723,GPR
0.105,2.1071,23.3333,20,FCC,0.433572,0.443789,0.3745849046816351,0.1610305599164179,0.1504175003481171,GPR
0.115714,2.1071,23.3333,20,FCC,0.403443,0.700995,0.4199627859869457,0.1781871535626104,0.1644203397994739,GPR
0.126429,2.1071,23.3333,20,FCC,0.378639,0.470607,0.4696410663089002,0.1965188270301765,0.1790168005881504,GPR
0.137143,2.1071,23.3333,20,FCC,0.357594,0.36046,0.5243039847391655,0.2163199951475159,0.1943066440931763,GPR
0.147857,2.1071,23.3333,20,FCC,0.338997,0.474195,0.5847260058382591,0.2380301332969348,0.2104105791649196,GPR
0.158571,2.1071,23.3333,20,FCC,0.32205,0.577438,0.6517299791754321,0.2622353623203156,0.2274619707900609,GPR
0.169286,2.1071,23.3333,20,FCC,0.306149,0.4054,0.7261657566529944,0.2896509851261112,0.2456052424974568,GPR
0.18,2.1071,23.3333,20,FCC,0.290721,0.349864,0.808840368709163,0.3210547697601771,0.2649826641710379,GPR
0.03,2.2857,23.3333,20,FCC,0.570041,0.467333,0.1374801134742816,0.0632812463452137,0.0637868067677611,GPR
0.040714,2.2857,23.3333,20,FCC,0.565683,0.332694,0.1649879445678289,0.0754201784422323,0.0752047928127203,GPR
0.051429,2.2857,23.3333,20,FCC,0.55467,0.730693,0.1942135868811069,0.0880541207830709,0.0868989325644335,GPR
0.062143,2.2857,23.3333,20,FCC,0.543725,0.702073,0.2253606054408146,0.1012346967659918,0.0988898714618153,GPR
0.072857,2.2857,23.3333,20,FCC,0.531869,0.359853,0.2586631025509222,0.1150417828998232,0.1112028391470513,GPR
0.083571,2.2857,23.3333,20,FCC,0.518742,0.417453,0.2943956970696346,0.1295571782350305,0.123867149400178,GPR
0.094286,2.2857,23.3333,20,FCC,0.503436,0.813237,0.3328996620684367,0.1448598699314488,0.1369224581143723,GPR
0.105,2.2857,23.3333,20,FCC,0.484898,0.581342,0.3745849046816351,0.1610305599164179,0.1504175003481171,GPR
0.115714,2.2857,23.3333,20,FCC,0.461755,0.3602,0.4199627859869457,0.1781871535626104,0.1644203397994739,GPR
0.126429,2.2857,23.3333,20,FCC,0.434185,0.404771,0.4696410663089002,0.1965188270301765,0.1790168005881504,GPR
0.137143,2.2857,23.3333,20,FCC,0.407828,0.670793,0.5243039847391655,0.2163199951475159,0.1943066440931763,GPR
0.147857,2.2857,23.3333,20,FCC,0.385573,0.598901,0.5847260058382591,0.2380301332969348,0.2104105791649196,GPR
0.158571,2.2857,23.3333,20,FCC,0.36661,0.380715,0.6517299791754321,0.2622353623203156,0.2274619707900609,GPR
0.169286,2.2857,23.3333,20,FCC,0.349869,0.356606,0.7261657566529944,0.2896509851261112,0.2456052424974568,GPR
0.18,2.2857,23.3333,20,FCC,0.334684,0.496026,0.808840368709163,0.3210547697601771,0.2649826641710379,GPR
0.03,2.4643,23.3333,20,FCC,0.560916,0.963487,0.1374801134742816,0.0632812463452137,0.0637868067677611,GPR
0.040714,2.4643,23.3333,20,FCC,0.559326,0.396175,0.1649879445678289,0.0754201784422323,0.0752047928127203,GPR
0.051429,2.4643,23.3333,20,FCC,0.556342,0.319447,0.1942135868811069,0.0880541207830709,0.0868989325644335,GPR
0.062143,2.4643,23.3333,20,FCC,0.548364,0.621205,0.2253606054408146,0.1012346967659918,0.0988898714618153,GPR
0.072857,2.4643,23.3333,20,FCC,0.537327,0.88452,0.2586631025509222,0.1150417828998232,0.1112028391470513,GPR
0.083571,2.4643,23.3333,20,FCC,0.529075,0.422074,0.2943956970696346,0.1295571782350305,0.123867149400178,GPR
0.094286,2.4643,23.3333,20,FCC,0.520566,0.330921,0.3328996620684367,0.1448598699314488,0.1369224581143723,GPR
0.105,2.4643,23.3333,20,FCC,0.509582,0.490924,0.3745849046816351,0.1610305599164179,0.1504175003481171,GPR
0.115714,2.4643,23.3333,20,FCC,0.49638,0.861361,0.4199627859869457,0.1781871535626104,0.1644203397994739,GPR
0.126429,2.4643,23.3333,20,FCC,0.480754,0.572232,0.4696410663089002,0.1965188270301765,0.1790168005881504,GPR
0.137143,2.4643,23.3333,20,FCC,0.461675,0.357614,0.5243039847391655,0.2163199951475159,0.1943066440931763,GPR
0.147857,2.4643,23.3333,20,FCC,0.438628,0.354251,0.5847260058382591,0.2380301332969348,0.2104105791649196,GPR
0.158571,2.4643,23.3333,20,FCC,0.415109,0.538032,0.6517299791754321,0.2622353623203156,0.2274619707900609,GPR
0.169286,2.4643,23.3333,20,FCC,0.394401,0.739633,0.7261657566529944,0.2896509851261112,0.2456052424974568,GPR
0.18,2.4643,23.3333,20,FCC,0.376698,0.511369,0.808840368709163,0.3210547697601771,0.2649826641710379,GPR
0.03,2.6429,23.3333,20,FCC,0.530699,0.589616,0.1374801134742816,0.0632812463452137,0.0637868067677611,GPR
0.040714,2.6429,23.3333,20,FCC,0.553811,0.843153,0.1649879445678289,0.0754201784422323,0.0752047928127203,GPR
0.051429,2.6429,23.3333,20,FCC,0.549493,0.369929,0.1942135868811069,0.0880541207830709,0.0868989325644335,GPR
0.062143,2.6429,23.3333,20,FCC,0.549048,0.30111,0.2253606054408146,0.1012346967659918,0.0988898714618153,GPR
0.072857,2.6429,23.3333,20,FCC,0.540664,0.492598,0.2586631025509222,0.1150417828998232,0.1112028391470513,GPR
0.083571,2.6429,23.3333,20,FCC,0.531644,0.975994,0.2943956970696346,0.1295571782350305,0.123867149400178,GPR
0.094286,2.6429,23.3333,20,FCC,0.528181,0.581908,0.3328996620684367,0.1448598699314488,0.1369224581143723,GPR
0.105,2.6429,23.3333,20,FCC,0.51993,0.341922,0.3745849046816351,0.1610305599164179,0.1504175003481171,GPR
0.115714,2.6429,23.3333,20,FCC,0.511623,0.330757,0.4199627859869457,0.1781871535626104,0.1644203397994739,GPR
0.126429,2.6429,23.3333,20,FCC,0.502872,0.518751,0.4696410663089002,0.1965188270301765,0.1790168005881504,GPR
0.137143,2.6429,23.3333,20,FCC,0.491979,0.873891,0.5243039847391655,0.2163199951475159,0.1943066440931763,GPR
0.147857,2.6429,23.3333,20,FCC,0.479114,0.626554,0.5847260058382591,0.2380301332969348,0.2104105791649196,GPR
0.158571,2.6429,23.3333,20,FCC,0.463755,0.378591,0.6517299791754321,0.2622353623203156,0.2274619707900609,GPR
0.169286,2.6429,23.3333,20,FCC,0.445066,0.321565,0.7261657566529944,0.2896509851261112,0.2456052424974568,GPR
0.18,2.6429,23.3333,20,FCC,0.424409,0.397563,0.808840368709163,0.3210547697601771,0.2649826641710379,GPR
0.03,2.8214,23.3333,20,FCC,0.514969,0.300919,0.1374801134742816,0.0632812463452137,0.0637868067677611,GPR
0.040714,2.8214,23.3333,20,FCC,0.521954,0.73564,0.1649879445678289,0.0754201784422323,0.0752047928127203,GPR
0.051429,2.8214,23.3333,20,FCC,0.544003,0.772541,0.1942135868811069,0.0880541207830709,0.0868989325644335,GPR
0.062143,2.8214,23.3333,20,FCC,0.539392,0.365277,0.2253606054408146,0.1012346967659918,0.0988898714618153,GPR
0.072857,2.8214,23.3333,20,FCC,0.542843,0.28494,0.2586631025509222,0.1150417828998232,0.1112028391470513,GPR
0.083571,2.8214,23.3333,20,FCC,0.531049,0.385986,0.2943956970696346,0.1295571782350305,0.123867149400178,GPR
0.094286,2.8214,23.3333,20,FCC,0.528853,0.797124,0.3328996620684367,0.1448598699314488,0.1369224581143723,GPR
0.105,2.8214,23.3333,20,FCC,0.522561,0.85788,0.3745849046816351,0.1610305599164179,0.1504175003481171,GPR
0.115714,2.8214,23.3333,20,FCC,0.517844,0.449242,0.4199627859869457,0.1781871535626104,0.1644203397994739,GPR
0.126429,2.8214,23.3333,20,FCC,0.512973,0.31257,0.4696410663089002,0.1965188270301765,0.1790168005881504,GPR
0.137143,2.8214,23.3333,20,FCC,0.505032,0.324439,0.5243039847391655,0.2163199951475159,0.1943066440931763,GPR
0.147857,2.8214,23.3333,20,FCC,0.498078,0.493719,0.5847260058382591,0.2380301332969348,0.2104105791649196,GPR
0.158571,2.8214,23.3333,20,FCC,0.489064,0.848239,0.6517299791754321,0.2622353623203156,0.2274619707900609,GPR
0.169286,2.8214,23.3333,20,FCC,0.478566,0.741548,0.7261657566529944,0.2896509851261112,0.2456052424974568,GPR
0.18,2.8214,23.3333,20,FCC,0.466437,0.440044,0.808840368709163,0.3210547697601771,0.2649826641710379,GPR
0.03,3.0,23.3333,20,FCC,0.474953,0.235816,0.1374801134742816,0.0632812463452137,0.0637868067677611,GPR
0.040714,3.0,23.3333,20,FCC,0.508006,0.343151,0.1649879445678289,0.0754201784422323,0.0752047928127203,GPR
0.051429,3.0,23.3333,20,FCC,0.513391,0.806928,0.1942135868811069,0.0880541207830709,0.0868989325644335,GPR
0.062143,3.0,23.3333,20,FCC,0.534076,0.759513,0.2253606054408146,0.1012346967659918,0.0988898714618153,GPR
0.072857,3.0,23.3333,20,FCC,0.529471,0.377209,0.2586631025509222,0.1150417828998232,0.1112028391470513,GPR
0.083571,3.0,23.3333,20,FCC,0.536297,0.276443,0.2943956970696346,0.1295571782350305,0.123867149400178,GPR
0.094286,3.0,23.3333,20,FCC,0.524363,0.313979,0.3328996620684367,0.1448598699314488,0.1369224581143723,GPR
0.105,3.0,23.3333,20,FCC,0.524611,0.542976,0.3745849046816351,0.1610305599164179,0.1504175003481171,GPR
0.115714,3.0,23.3333,20,FCC,0.516708,0.975468,0.4199627859869457,0.1781871535626104,0.1644203397994739,GPR
0.126429,3.0,23.3333,20,FCC,0.515926,0.702909,0.4696410663089002,0.1965188270301765,0.1790168005881504,GPR
0.137143,3.0,23.3333,20,FCC,0.509567,0.396418,0.5243039847391655,0.2163199951475159,0.1943066440931763,GPR
0.147857,3.0,23.3333,20,FCC,0.506639,0.297816,0.5847260058382591,0.2380301332969348,0.2104105791649196,GPR
0.158571,3.0,23.3333,20,FCC,0.499656,0.307952,0.6517299791754321,0.2622353623203156,0.2274619707900609,GPR
0.169286,3.0,23.3333,20,FCC,0.494393,0.435148,0.7261657566529944,0.2896509851261112,0.2456052424974568,GPR
0.18,3.0,23.3333,20,FCC,0.486579,0.746477,0.808840368709163,0.3210547697601771,0.2649826641710379,GPR
0.03,0.5,26.6667,20,FCC,0.043558,0.039904,0.1374801134742816,0.0632812463452137,0.0637868067677611,GPR
0.040714,0.5,26.6667,20,FCC,0.031449,0.029911,0.1649879445678289,0.0754201784422323,0.0752047928127203,GPR
0.051429,0.5,26.6667,20,FCC,0.024475,0.023982,0.1942135868811069,0.0880541207830709,0.0868989325644335,GPR
0.062143,0.5,26.6667,20,FCC,0.020041,0.020035,0.2253606054408146,0.1012346967659918,0.0988898714618153,GPR
0.072857,0.5,26.6667,20,FCC,0.016988,0.017213,0.2586631025509222,0.1150417828998232,0.1112028391470513,GPR
0.083571,0.5,26.6667,20,FCC,0.014755,0.015091,0.2943956970696346,0.1295571782350305,0.123867149400178,GPR
0.094286,0.5,26.6667,20,FCC,0.013049,0.013437,0.3328996620684367,0.1448598699314488,0.1369224581143723,GPR
0.105,0.5,26.6667,20,FCC,0.011701,0.012111,0.3745849046816351,0.1610305599164179,0.1504175003481171,GPR
0.115714,0.5,26.6667,20,FCC,0.010608,0.011024,0.4199627859869457,0.1781871535626104,0.1644203397994739,GPR
0.126429,0.5,26.6667,20,FCC,0.009704,0.010117,0.4696410663089002,0.1965188270301765,0.1790168005881504,GPR
0.137143,0.5,26.6667,20,FCC,0.008942,0.009347,0.5243039847391655,0.2163199951475159,0.1943066440931763,GPR
0.147857,0.5,26.6667,20,FCC,0.008293,0.008687,0.5847260058382591,0.2380301332969348,0.2104105791649196,GPR
0.158571,0.5,26.6667,20,FCC,0.007731,0.008114,0.6517299791754321,0.2622353623203156,0.2274619707900609,GPR
0.169286,0.5,26.6667,20,FCC,0.007242,0.007612,0.7261657566529944,0.2896509851261112,0.2456052424974568,GPR
0.18,0.5,26.6667,20,FCC,0.00681,0.007169,0.808840368709163,0.3210547697601771,0.2649826641710379,GPR
0.03,0.6786,26.6667,20,FCC,0.082858,0.067705,0.1374801134742816,0.0632812463452137,0.0637868067677611,GPR
0.040714,0.6786,26.6667,20,FCC,0.059829,0.045804,0.1649879445678289,0.0754201784422323,0.0752047928127203,GPR
0.051429,0.6786,26.6667,20,FCC,0.045346,0.035138,0.1942135868811069,0.0880541207830709,0.0868989325644335,GPR
0.062143,0.6786,26.6667,20,FCC,0.035668,0.028662,0.2253606054408146,0.1012346967659918,0.0988898714618153,GPR
0.072857,0.6786,26.6667,20,FCC,0.02894,0.024264,0.2586631025509222,0.1150417828998232,0.1112028391470513,GPR
0.083571,0.6786,26.6667,20,FCC,0.024132,0.021063,0.2943956970696346,0.1295571782350305,0.123867149400178,GPR
0.094286,0.6786,26.6667,20,FCC,0.020619,0.018622,0.3328996620684367,0.1448598699314488,0.1369224581143723,GPR
0.105,0.6786,26.6667,20,FCC,0.017992,0.016696,0.3745849046816351,0.1610305599164179,0.1504175003481171,GPR
0.115714,0.6786,26.6667,20,FCC,0.015976,0.015135,0.4199627859869457,0.1781871535626104,0.1644203397994739,GPR
0.126429,0.6786,26.6667,20,FCC,0.014384,0.013844,0.4696410663089002,0.1965188270301765,0.1790168005881504,GPR
0.137143,0.6786,26.6667,20,FCC,0.013094,0.012757,0.5243039847391655,0.2163199951475159,0.1943066440931763,GPR
0.147857,0.6786,26.6667,20,FCC,0.012026,0.01183,0.5847260058382591,0.2380301332969348,0.2104105791649196,GPR
0.158571,0.6786,26.6667,20,FCC,0.011126,0.011029,0.6517299791754321,0.2622353623203156,0.2274619707900609,GPR
0.169286,0.6786,26.6667,20,FCC,0.010355,0.010331,0.7261657566529944,0.2896509851261112,0.2456052424974568,GPR
0.18,0.6786,26.6667,20,FCC,0.009687,0.009716,0.808840368709163,0.3210547697601771,0.2649826641710379,GPR
0.03,0.8571,26.6667,20,FCC,0.136494,0.190147,0.1374801134742816,0.0632812463452137,0.0637868067677611,GPR
0.040714,0.8571,26.6667,20,FCC,0.102665,0.091673,0.1649879445678289,0.0754201784422323,0.0752047928127203,GPR
0.051429,0.8571,26.6667,20,FCC,0.080077,0.057501,0.1942135868811069,0.0880541207830709,0.0868989325644335,GPR
0.062143,0.8571,26.6667,20,FCC,0.064131,0.043032,0.2253606054408146,0.1012346967659918,0.0988898714618153,GPR
0.072857,0.8571,26.6667,20,FCC,0.052416,0.034794,0.2586631025509222,0.1150417828998232,0.1112028391470513,GPR
0.083571,0.8571,26.6667,20,FCC,0.043551,0.029367,0.2943956970696346,0.1295571782350305,0.123867149400178,GPR
0.094286,0.8571,26.6667,20,FCC,0.036693,0.025478,0.3328996620684367,0.1448598699314488,0.1369224581143723,GPR
0.105,0.8571,26.6667,20,FCC,0.0313,0.022536,0.3745849046816351,0.1610305599164179,0.1504175003481171,GPR
0.115714,0.8571,26.6667,20,FCC,0.027006,0.020225,0.4199627859869457,0.1781871535626104,0.1644203397994739,GPR
0.126429,0.8571,26.6667,20,FCC,0.023557,0.018355,0.4696410663089002,0.1965188270301765,0.1790168005881504,GPR
0.137143,0.8571,26.6667,20,FCC,0.020769,0.01681,0.5243039847391655,0.2163199951475159,0.1943066440931763,GPR
0.147857,0.8571,26.6667,20,FCC,0.018506,0.01551,0.5847260058382591,0.2380301332969348,0.2104105791649196,GPR
0.158571,0.8571,26.6667,20,FCC,0.016661,0.0144,0.6517299791754321,0.2622353623203156,0.2274619707900609,GPR
0.169286,0.8571,26.6667,20,FCC,0.015149,0.01344,0.7261657566529944,0.2896509851261112,0.2456052424974568,GPR
0.18,0.8571,26.6667,20,FCC,0.0139,0.012602,0.808840368709163,0.3210547697601771,0.2649826641710379,GPR
0.03,1.0357,26.6667,20,FCC,0.198991,0.330689,0.1374801134742816,0.0632812463452137,0.0637868067677611,GPR
0.040714,1.0357,26.6667,20,FCC,0.155256,0.248444,0.1649879445678289,0.0754201784422323,0.0752047928127203,GPR
0.051429,1.0357,26.6667,20,FCC,0.124692,0.160048,0.1942135868811069,0.0880541207830709,0.0868989325644335,GPR
0.062143,1.0357,26.6667,20,FCC,0.102594,0.088369,0.2253606054408146,0.1012346967659918,0.0988898714618153,GPR
0.072857,1.0357,26.6667,20,FCC,0.085717,0.058625,0.2586631025509222,0.1150417828998232,0.1112028391470513,GPR
0.083571,1.0357,26.6667,20,FCC,0.072651,0.044932,0.2943956970696346,0.1295571782350305,0.123867149400178,GPR
0.094286,1.0357,26.6667,20,FCC,0.06221,0.036907,0.3328996620684367,0.1448598699314488,0.1369224581143723,GPR
0.105,1.0357,26.6667,20,FCC,0.053773,0.031527,0.3745849046816351,0.1610305599164179,0.1504175003481171,GPR
0.115714,1.0357,26.6667,20,FCC,0.04683,0.027621,0.4199627859869457,0.1781871535626104,0.1644203397994739,GPR
0.126429,1.0357,26.6667,20,FCC,0.041063,0.024633,0.4696410663089002,0.1965188270301765,0.1790168005881504,GPR
0.137143,1.0357,26.6667,20,FCC,0.036221,0.022261,0.5243039847391655,0.2163199951475159,0.1943066440931763,GPR
0.147857,1.0357,26.6667,20,FCC,0.032127,0.020326,0.5847260058382591,0.2380301332969348,0.2104105791649196,GPR
0.158571,1.0357,26.6667,20,FCC,0.028642,0.018713,0.6517299791754321,0.2622353623203156,0.2274619707900609,GPR
0.169286,1.0357,26.6667,20,FCC,0.02566,0.017347,0.7261657566529944,0.2896509851261112,0.2456052424974568,GPR
0.18,1.0357,26.6667,20,FCC,0.0231,0.016172,0.808840368709163,0.3210547697601771,0.2649826641710379,GPR
0.03,1.2143,26.6667,20,FCC,0.265315,0.412872,0.1374801134742816,0.0632812463452137,0.0637868067677611,GPR
0.040714,1.2143,26.6667,20,FCC,0.214492,0.36315,0.1649879445678289,0.0754201784422323,0.0752047928127203,GPR
0.051429,1.2143,26.6667,20,FCC,0.175932,0.297449,0.1942135868811069,0.0880541207830709,0.0868989325644335,GPR
0.062143,1.2143,26.6667,20,FCC,0.148289,0.23747,0.2253606054408146,0.1012346967659918,0.0988898714618153,GPR
0.072857,1.2143,26.6667,20,FCC,0.126155,0.17176,0.2586631025509222,0.1150417828998232,0.1112028391470513,GPR
0.083571,1.2143,26.6667,20,FCC,0.108895,0.106485,0.2943956970696346,0.1295571782350305,0.123867149400178,GPR
0.094286,1.2143,26.6667,20,FCC,0.094891,0.068554,0.3328996620684367,0.1448598699314488,0.1369224581143723,GPR
0.105,1.2143,26.6667,20,FCC,0.083219,0.051221,0.3745849046816351,0.1610305599164179,0.1504175003481171,GPR
0.115714,1.2143,26.6667,20,FCC,0.073617,0.041597,0.4199627859869457,0.1781871535626104,0.1644203397994739,GPR
0.126429,1.2143,26.6667,20,FCC,0.065422,0.035361,0.4696410663089002,0.1965188270301765,0.1790168005881504,GPR
0.137143,1.2143,26.6667,20,FCC,0.058434,0.030925,0.5243039847391655,0.2163199951475159,0.1943066440931763,GPR
0.147857,1.2143,26.6667,20,FCC,0.052452,0.027573,0.5847260058382591,0.2380301332969348,0.2104105791649196,GPR
0.158571,1.2143,26.6667,20,FCC,0.047237,0.024932,0.6517299791754321,0.2622353623203156,0.2274619707900609,GPR
0.169286,1.2143,26.6667,20,FCC,0.042697,0.022788,0.7261657566529944,0.2896509851261112,0.2456052424974568,GPR
0.18,1.2143,26.6667,20,FCC,0.03872,0.021006,0.808840368709163,0.3210547697601771,0.2649826641710379,GPR
0.03,1.3929,26.6667,20,FCC,0.336972,0.439818,0.1374801134742816,0.0632812463452137,0.0637868067677611,GPR
0.040714,1.3929,26.6667,20,FCC,0.274898,0.408324,0.1649879445678289,0.0754201784422323,0.0752047928127203,GPR
0.051429,1.3929,26.6667,20,FCC,0.232536,0.372857,0.1942135868811069,0.0880541207830709,0.0868989325644335,GPR
0.062143,1.3929,26.6667,20,FCC,0.198947,0.333805,0.2253606054408146,0.1012346967659918,0.0988898714618153,GPR
0.072857,1.3929,26.6667,20,FCC,0.171492,0.292188,0.2586631025509222,0.1150417828998232,0.1112028391470513,GPR
0.083571,1.3929,26.6667,20,FCC,0.15073,0.248054,0.2943956970696346,0.1295571782350305,0.123867149400178,GPR
0.094286,1.3929,26.6667,20,FCC,0.133052,0.199896,0.3328996620684367,0.1448598699314488,0.1369224581143723,GPR
0.105,1.3929,26.6667,20,FCC,0.117963,0.146663,0.3745849046816351,0.1610305599164179,0.1504175003481171,GPR
0.115714,1.3929,26.6667,20,FCC,0.105759,0.096162,0.4199627859869457,0.1781871535626104,0.1644203397994739,GPR
0.126429,1.3929,26.6667,20,FCC,0.095232,0.066085,0.4696410663089002,0.1965188270301765,0.1790168005881504,GPR
0.137143,1.3929,26.6667,20,FCC,0.085888,0.050912,0.5243039847391655,0.2163199951475159,0.1943066440931763,GPR
0.147857,1.3929,26.6667,20,FCC,0.077924,0.042046,0.5847260058382591,0.2380301332969348,0.2104105791649196,GPR
0.158571,1.3929,26.6667,20,FCC,0.071042,0.036153,0.6517299791754321,0.2622353623203156,0.2274619707900609,GPR
0.169286,1.3929,26.6667,20,FCC,0.064861,0.031895,0.7261657566529944,0.2896509851261112,0.2456052424974568,GPR
0.18,1.3929,26.6667,20,FCC,0.059355,0.028641,0.808840368709163,0.3210547697601771,0.2649826641710379,GPR
0.03,1.5714,26.6667,20,FCC,0.400598,0.435531,0.1374801134742816,0.0632812463452137,0.0637868067677611,GPR
0.040714,1.5714,26.6667,20,FCC,0.341247,0.45269,0.1649879445678289,0.0754201784422323,0.0752047928127203,GPR
0.051429,1.5714,26.6667,20,FCC,0.289909,0.483154,0.1942135868811069,0.0880541207830709,0.0868989325644335,GPR
0.062143,1.5714,26.6667,20,FCC,0.251123,0.433106,0.2253606054408146,0.1012346967659918,0.0988898714618153,GPR
0.072857,1.5714,26.6667,20,FCC,0.222104,0.364834,0.2586631025509222,0.1150417828998232,0.1112028391470513,GPR
0.083571,1.5714,26.6667,20,FCC,0.196494,0.329244,0.2943956970696346,0.1295571782350305,0.123867149400178,GPR
0.094286,1.5714,26.6667,20,FCC,0.17434,0.30288,0.3328996620684367,0.1448598699314488,0.1369224581143723,GPR
0.105,1.5714,26.6667,20,FCC,0.157102,0.269482,0.3745849046816351,0.1610305599164179,0.1504175003481171,GPR
0.115714,1.5714,26.6667,20,FCC,0.142549,0.231926,0.4199627859869457,0.1781871535626104,0.1644203397994739,GPR
0.126429,1.5714,26.6667,20,FCC,0.129164,0.192245,0.4696410663089002,0.1965188270301765,0.1790168005881504,GPR
0.137143,1.5714,26.6667,20,FCC,0.117373,0.149275,0.5243039847391655,0.2163199951475159,0.1943066440931763,GPR
0.147857,1.5714,26.6667,20,FCC,0.107594,0.105433,0.5847260058382591,0.2380301332969348,0.2104105791649196,GPR
0.158571,1.5714,26.6667,20,FCC,0.099093,0.073302,0.6517299791754321,0.2622353623203156,0.2274619707900609,GPR
0.169286,1.5714,26.6667,20,FCC,0.091242,0.055714,0.7261657566529944,0.2896509851261112,0.2456052424974568,GPR
0.18,1.5714,26.6667,20,FCC,0.084056,0.045589,0.808840368709163,0.3210547697601771,0.2649826641710379,GPR
0.03,1.75,26.6667,20,FCC,0.463561,0.634662,0.1374801134742816,0.0632812463452137,0.0637868067677611,GPR
0.040714,1.75,26.6667,20,FCC,0.398586,0.418554,0.1649879445678289,0.0754201784422323,0.0752047928127203,GPR
0.051429,1.75,26.6667,20,FCC,0.350659,0.541097,0.1942135868811069,0.0880541207830709,0.0868989325644335,GPR
0.062143,1.75,26.6667,20,FCC,0.3083,0.478404,0.2253606054408146,0.1012346967659918,0.0988898714618153,GPR
0.072857,1.75,26.6667,20,FCC,0.270925,0.391064,0.2586631025509222,0.1150417828998232,0.1112028391470513,GPR
0.083571,1.75,26.6667,20,FCC,0.243256,0.439101,0.2943956970696346,0.1295571782350305,0.123867149400178,GPR
0.094286,1.75,26.6667,20,FCC,0.22083,0.360747,0.3328996620684367,0.1448598699314488,0.1369224581143723,GPR
0.105,1.75,26.6667,20,FCC,0.200283,0.341695,0.3745849046816351,0.1610305599164179,0.1504175003481171,GPR
0.115714,1.75,26.6667,20,FCC,0.181141,0.32682,0.4199627859869457,0.1781871535626104,0.1644203397994739,GPR
0.126429,1.75,26.6667,20,FCC,0.165488,0.28518,0.4696410663089002,0.1965188270301765,0.1790168005881504,GPR
0.137143,1.75,26.6667,20,FCC,0.15272,0.260536,0.5243039847391655,0.2163199951475159,0.1943066440931763,GPR
0.147857,1.75,26.6667,20,FCC,0.141367,0.232702,0.5847260058382591,0.2380301332969348,0.2104105791649196,GPR
0.158571,1.75,26.6667,20,FCC,0.130565,0.200337,0.6517299791754321,0.2622353623203156,0.2274619707900609,GPR
0.169286,1.75,26.6667,20,FCC,0.120516,0.166245,0.7261657566529944,0.2896509851261112,0.2456052424974568,GPR
0.18,1.75,26.6667,20,FCC,0.111902,0.129424,0.808840368709163,0.3210547697601771,0.2649826641710379,GPR
0.03,1.9286,26.6667,20,FCC,0.521969,0.493207,0.1374801134742816,0.0632812463452137,0.0637868067677611,GPR
0.040714,1.9286,26.6667,20,FCC,0.455932,0.677868,0.1649879445678289,0.0754201784422323,0.0752047928127203,GPR
0.051429,1.9286,26.6667,20,FCC,0.402665,0.413196,0.1942135868811069,0.0880541207830709,0.0868989325644335,GPR
0.062143,1.9286,26.6667,20,FCC,0.362155,0.633785,0.2253606054408146,0.1012346967659918,0.0988898714618153,GPR
0.072857,1.9286,26.6667,20,FCC,0.326993,0.392411,0.2586631025509222,0.1150417828998232,0.1112028391470513,GPR
0.083571,1.9286,26.6667,20,FCC,0.293171,0.535925,0.2943956970696346,0.1295571782350305,0.123867149400178,GPR
0.094286,1.9286,26.6667,20,FCC,0.264406,0.372753,0.3328996620684367,0.1448598699314488,0.1369224581143723,GPR
0.105,1.9286,26.6667,20,FCC,0.2424,0.452405,0.3745849046816351,0.1610305599164179,0.1504175003481171,GPR
0.115714,1.9286,26.6667,20,FCC,0.224012,0.347662,0.4199627859869457,0.1781871535626104,0.1644203397994739,GPR
0.126429,1.9286,26.6667,20,FCC,0.207152,0.38279,0.4696410663089002,0.1965188270301765,0.1790168005881504,GPR
0.137143,1.9286,26.6667,20,FCC,0.19068,0.317632,0.5243039847391655,0.2163199951475159,0.1943066440931763,GPR
0.147857,1.9286,26.6667,20,FCC,0.175641,0.321931,0.5847260058382591,0.2380301332969348,0.2104105791649196,GPR
0.158571,1.9286,26.6667,20,FCC,0.163306,0.283046,0.6517299791754321,0.2622353623203156,0.2274619707900609,GPR
0.169286,1.9286,26.6667,20,FCC,0.152953,0.266362,0.7261657566529944,0.2896509851261112,0.2456052424974568,GPR
0.18,1.9286,26.6667,20,FCC,0.143653,0.241573,0.808840368709163,0.3210547697601771,0.2649826641710379,GPR
0.03,2.1071,26.6667,20,FCC,0.549071,0.725991,0.1374801134742816,0.0632812463452137,0.0637868067677611,GPR
0.040714,2.1071,26.6667,20,FCC,0.51194,0.4296,0.1649879445678289,0.0754201784422323,0.0752047928127203,GPR
0.051429,2.1071,26.6667,20,FCC,0.456173,0.635346,0.1942135868811069,0.0880541207830709,0.0868989325644335,GPR
0.062143,2.1071,26.6667,20,FCC,0.410017,0.464695,0.2253606054408146,0.1012346967659918,0.0988898714618153,GPR
0.072857,2.1071,26.6667,20,FCC,0.374454,0.491752,0.2586631025509222,0.1150417828998232,0.1112028391470513,GPR
0.083571,2.1071,26.6667,20,FCC,0.344111,0.523904,0.2943956970696346,0.1295571782350305,0.123867149400178,GPR
0.094286,2.1071,26.6667,20,FCC,0.315802,0.395997,0.3328996620684367,0.1448598699314488,0.1369224581143723,GPR
0.105,2.1071,26.6667,20,FCC,0.287834,0.539464,0.3745849046816351,0.1610305599164179,0.1504175003481171,GPR
0.115714,2.1071,26.6667,20,FCC,0.263965,0.36335,0.4199627859869457,0.1781871535626104,0.1644203397994739,GPR
0.126429,2.1071,26.6667,20,FCC,0.245223,0.458133,0.4696410663089002,0.1965188270301765,0.1790168005881504,GPR
0.137143,2.1071,26.6667,20,FCC,0.229452,0.367328,0.5243039847391655,0.2163199951475159,0.1943066440931763,GPR
0.147857,2.1071,26.6667,20,FCC,0.215208,0.367449,0.5847260058382591,0.2380301332969348,0.2104105791649196,GPR
0.158571,2.1071,26.6667,20,FCC,0.201475,0.363379,0.6517299791754321,0.2622353623203156,0.2274619707900609,GPR
0.169286,2.1071,26.6667,20,FCC,0.18777,0.314567,0.7261657566529944,0.2896509851261112,0.2456052424974568,GPR
0.18,2.1071,26.6667,20,FCC,0.175138,0.329077,0.808840368709163,0.3210547697601771,0.2649826641710379,GPR
0.03,2.2857,26.6667,20,FCC,0.559342,0.353144,0.1374801134742816,0.0632812463452137,0.0637868067677611,GPR
0.040714,2.2857,26.6667,20,FCC,0.539544,0.868713,0.1649879445678289,0.0754201784422323,0.0752047928127203,GPR
0.051429,2.2857,26.6667,20,FCC,0.507918,0.416246,0.1942135868811069,0.0880541207830709,0.0868989325644335,GPR
0.062143,2.2857,26.6667,20,FCC,0.461014,0.526174,0.2253606054408146,0.1012346967659918,0.0988898714618153,GPR
0.072857,2.2857,26.6667,20,FCC,0.419348,0.621638,0.2586631025509222,0.1150417828998232,0.1112028391470513,GPR
0.083571,2.2857,26.6667,20,FCC,0.387063,0.374411,0.2943956970696346,0.1295571782350305,0.123867149400178,GPR
0.094286,2.2857,26.6667,20,FCC,0.359845,0.647078,0.3328996620684367,0.1448598699314488,0.1369224581143723,GPR
0.105,2.2857,26.6667,20,FCC,0.335387,0.43955,0.3745849046816351,0.1610305599164179,0.1504175003481171,GPR
0.115714,2.2857,26.6667,20,FCC,0.311819,0.396316,0.4199627859869457,0.1781871535626104,0.1644203397994739,GPR
0.126429,2.2857,26.6667,20,FCC,0.288099,0.56394,0.4696410663089002,0.1965188270301765,0.1790168005881504,GPR
0.137143,2.2857,26.6667,20,FCC,0.267072,0.372252,0.5243039847391655,0.2163199951475159,0.1943066440931763,GPR
0.147857,2.2857,26.6667,20,FCC,0.250232,0.401723,0.5847260058382591,0.2380301332969348,0.2104105791649196,GPR
0.158571,2.2857,26.6667,20,FCC,0.236128,0.455416,0.6517299791754321,0.2622353623203156,0.2274619707900609,GPR
0.169286,2.2857,26.6667,20,FCC,0.2236,0.335092,0.7261657566529944,0.2896509851261112,0.2456052424974568,GPR
0.18,2.2857,26.6667,20,FCC,0.211907,0.381893,0.808840368709163,0.3210547697601771,0.2649826641710379,GPR
0.03,2.4643,26.6667,20,FCC,0.559448,0.616209,0.1374801134742816,0.0632812463452137,0.0637868067677611,GPR
0.040714,2.4643,26.6667,20,FCC,0.549084,0.353075,0.1649879445678289,0.0754201784422323,0.0752047928127203,GPR
0.051429,2.4643,26.6667,20,FCC,0.533111,0.902976,0.1942135868811069,0.0880541207830709,0.0868989325644335,GPR
0.062143,2.4643,26.6667,20,FCC,0.507272,0.43413,0.2253606054408146,0.1012346967659918,0.0988898714618153,GPR
0.072857,2.4643,26.6667,20,FCC,0.468657,0.413879,0.2586631025509222,0.1150417828998232,0.1112028391470513,GPR
0.083571,2.4643,26.6667,20,FCC,0.430125,0.807664,0.2943956970696346,0.1295571782350305,0.123867149400178,GPR
0.094286,2.4643,26.6667,20,FCC,0.399843,0.410904,0.3328996620684367,0.1448598699314488,0.1369224581143723,GPR
0.105,2.4643,26.6667,20,FCC,0.374666,0.407954,0.3745849046816351,0.1610305599164179,0.1504175003481171,GPR
0.115714,2.4643,26.6667,20,FCC,0.352487,0.690414,0.4199627859869457,0.1781871535626104,0.1644203397994739,GPR
0.126429,2.4643,26.6667,20,FCC,0.332053,0.419465,0.4696410663089002,0.1965188270301765,0.1790168005881504,GPR
0.137143,2.4643,26.6667,20,FCC,0.312156,0.371596,0.5243039847391655,0.2163199951475159,0.1943066440931763,GPR
0.147857,2.4643,26.6667,20,FCC,0.291835,0.570154,0.5847260058382591,0.2380301332969348,0.2104105791649196,GPR
0.158571,2.4643,26.6667,20,FCC,0.272652,0.435049,0.6517299791754321,0.2622353623203156,0.2274619707900609,GPR
0.169286,2.4643,26.6667,20,FCC,0.256785,0.34214,0.7261657566529944,0.2896509851261112,0.2456052424974568,GPR
0.18,2.4643,26.6667,20,FCC,0.243625,0.456269,0.808840368709163,0.3210547697601771,0.2649826641710379,GPR
0.03,2.6429,26.6667,20,FCC,0.552028,0.891647,0.1374801134742816,0.0632812463452137,0.0637868067677611,GPR
0.040714,2.6429,26.6667,20,FCC,0.549023,0.452736,0.1649879445678289,0.0754201784422323,0.0752047928127203,GPR
0.051429,2.6429,26.6667,20,FCC,0.541139,0.354639,0.1942135868811069,0.0880541207830709,0.0868989325644335,GPR
0.062143,2.6429,26.6667,20,FCC,0.528405,0.886555,0.2253606054408146,0.1012346967659918,0.0988898714618153,GPR
0.072857,2.6429,26.6667,20,FCC,0.507994,0.494166,0.2586631025509222,0.1150417828998232,0.1112028391470513,GPR
0.083571,2.6429,26.6667,20,FCC,0.477555,0.347597,0.2943956970696346,0.1295571782350305,0.123867149400178,GPR
0.094286,2.6429,26.6667,20,FCC,0.442213,0.661335,0.3328996620684367,0.1448598699314488,0.1369224581143723,GPR
0.105,2.6429,26.6667,20,FCC,0.412886,0.635689,0.3745849046816351,0.1610305599164179,0.1504175003481171,GPR
0.115714,2.6429,26.6667,20,FCC,0.388914,0.354217,0.4199627859869457,0.1781871535626104,0.1644203397994739,GPR
0.126429,2.6429,26.6667,20,FCC,0.368138,0.434779,0.4696410663089002,0.1965188270301765,0.1790168005881504,GPR
0.137143,2.6429,26.6667,20,FCC,0.349409,0.707661,0.5243039847391655,0.2163199951475159,0.1943066440931763,GPR
0.147857,2.6429,26.6667,20,FCC,0.331955,0.439009,0.5847260058382591,0.2380301332969348,0.2104105791649196,GPR
0.158571,2.6429,26.6667,20,FCC,0.314992,0.342406,0.6517299791754321,0.2622353623203156,0.2274619707900609,GPR
0.169286,2.6429,26.6667,20,FCC,0.297668,0.489798,0.7261657566529944,0.2896509851261112,0.2456052424974568,GPR
0.18,2.6429,26.6667,20,FCC,0.280214,0.563106,0.808840368709163,0.3210547697601771,0.2649826641710379,GPR
0.03,2.8214,26.6667,20,FCC,0.539122,0.373849,0.1374801134742816,0.0632812463452137,0.0637868067677611,GPR
0.040714,2.8214,26.6667,20,FCC,0.540952,0.994611,0.1649879445678289,0.0754201784422323,0.0752047928127203,GPR
0.051429,2.8214,26.6667,20,FCC,0.54016,0.392236,0.1942135868811069,0.0880541207830709,0.0868989325644335,GPR
0.062143,2.8214,26.6667,20,FCC,0.5346,0.342142,0.2253606054408146,0.1012346967659918,0.0988898714618153,GPR
0.072857,2.8214,26.6667,20,FCC,0.524406,0.803314,0.2586631025509222,0.1150417828998232,0.1112028391470513,GPR
0.083571,2.8214,26.6667,20,FCC,0.508941,0.619471,0.2943956970696346,0.1295571782350305,0.123867149400178,GPR
0.094286,2.8214,26.6667,20,FCC,0.485923,0.335996,0.3328996620684367,0.1448598699314488,0.1369224581143723,GPR
0.105,2.8214,26.6667,20,FCC,0.455349,0.425794,0.3745849046816351,0.1610305599164179,0.1504175003481171,GPR
0.115714,2.8214,26.6667,20,FCC,0.426498,0.832811,0.4199627859869457,0.1781871535626104,0.1644203397994739,GPR
0.126429,2.8214,26.6667,20,FCC,0.40292,0.514336,0.4696410663089002,0.1965188270301765,0.1790168005881504,GPR
0.137143,2.8214,26.6667,20,FCC,0.382916,0.334694,0.5243039847391655,0.2163199951475159,0.1943066440931763,GPR
0.147857,2.8214,26.6667,20,FCC,0.365174,0.424445,0.5847260058382591,0.2380301332969348,0.2104105791649196,GPR
0.158571,2.8214,26.6667,20,FCC,0.34897,0.715768,0.6517299791754321,0.2622353623203156,0.2274619707900609,GPR
0.169286,2.8214,26.6667,20,FCC,0.333798,0.506067,0.7261657566529944,0.2896509851261112,0.2456052424974568,GPR
0.18,2.8214,26.6667,20,FCC,0.319154,0.33662,0.808840368709163,0.3210547697601771,0.2649826641710379,GPR
0.03,3.0,26.6667,20,FCC,0.53659,0.273099,0.1374801134742816,0.0632812463452137,0.0637868067677611,GPR
0.040714,3.0,26.6667,20,FCC,0.535794,0.497943,0.1649879445678289,0.0754201784422323,0.0752047928127203,GPR
0.051429,3.0,26.6667,20,FCC,0.53332,0.910994,0.1942135868811069,0.0880541207830709,0.0868989325644335,GPR
0.062143,3.0,26.6667,20,FCC,0.532576,0.369153,0.2253606054408146,0.1012346967659918,0.0988898714618153,GPR
0.072857,3.0,26.6667,20,FCC,0.528886,0.320233,0.2586631025509222,0.1150417828998232,0.1112028391470513,GPR
0.083571,3.0,26.6667,20,FCC,0.521002,0.65667,0.2943956970696346,0.1295571782350305,0.123867149400178,GPR
0.094286,3.0,26.6667,20,FCC,0.509063,0.819704,0.3328996620684367,0.1448598699314488,0.1369224581143723,GPR
0.105,3.0,26.6667,20,FCC,0.492226,0.384463,0.3745849046816351,0.1610305599164179,0.1504175003481171,GPR
0.115714,3.0,26.6667,20,FCC,0.468276,0.324172,0.4199627859869457,0.1781871535626104,0.1644203397994739,GPR
0.126429,3.0,26.6667,20,FCC,0.441014,0.536265,0.4696410663089002,0.1965188270301765,0.1790168005881504,GPR
0.137143,3.0,26.6667,20,FCC,0.417143,0.846803,0.5243039847391655,0.2163199951475159,0.1943066440931763,GPR
0.147857,3.0,26.6667,20,FCC,0.39726,0.471214,0.5847260058382591,0.2380301332969348,0.2104105791649196,GPR
0.158571,3.0,26.6667,20,FCC,0.379998,0.323655,0.6517299791754321,0.2622353623203156,0.2274619707900609,GPR
0.169286,3.0,26.6667,20,FCC,0.364477,0.385199,0.7261657566529944,0.2896509851261112,0.2456052424974568,GPR
0.18,3.0,26.6667,20,FCC,0.350193,0.664194,0.808840368709163,0.3210547697601771,0.2649826641710379,GPR
0.03,0.5,30.0,20,FCC,0.027037,0.02635,0.1374801134742816,0.0632812463452137,0.0637868067677611,GPR
0.040714,0.5,30.0,20,FCC,0.020034,0.020148,0.1649879445678289,0.0754201784422323,0.0752047928127203,GPR
0.051429,0.5,30.0,20,FCC,0.015962,0.016323,0.1942135868811069,0.0880541207830709,0.0868989325644335,GPR
0.062143,0.5,30.0,20,FCC,0.013287,0.013723,0.2253606054408146,0.1012346967659918,0.0988898714618153,GPR
0.072857,0.5,30.0,20,FCC,0.011388,0.01184,0.2586631025509222,0.1150417828998232,0.1112028391470513,GPR
0.083571,0.5,30.0,20,FCC,0.009968,0.010412,0.2943956970696346,0.1295571782350305,0.123867149400178,GPR
0.094286,0.5,30.0,20,FCC,0.008865,0.009292,0.3328996620684367,0.1448598699314488,0.1369224581143723,GPR
0.105,0.5,30.0,20,FCC,0.007983,0.00839,0.3745849046816351,0.1610305599164179,0.1504175003481171,GPR
0.115714,0.5,30.0,20,FCC,0.007262,0.007647,0.4199627859869457,0.1781871535626104,0.1644203397994739,GPR
0.126429,0.5,30.0,20,FCC,0.00666,0.007026,0.4696410663089002,0.1965188270301765,0.1790168005881504,GPR
0.137143,0.5,30.0,20,FCC,0.006151,0.006498,0.5243039847391655,0.2163199951475159,0.1943066440931763,GPR
0.147857,0.5,30.0,20,FCC,0.005714,0.006044,0.5847260058382591,0.2380301332969348,0.2104105791649196,GPR
0.158571,0.5,30.0,20,FCC,0.005335,0.005649,0.6517299791754321,0.2622353623203156,0.2274619707900609,GPR
0.169286,0.5,30.0,20,FCC,0.005004,0.005303,0.7261657566529944,0.2896509851261112,0.2456052424974568,GPR
0.18,0.5,30.0,20,FCC,0.004711,0.004996,0.808840368709163,0.3210547697601771,0.2649826641710379,GPR
0.03,0.6786,30.0,20,FCC,0.04858,0.03725,0.1374801134742816,0.0632812463452137,0.0637868067677611,GPR
0.040714,0.6786,30.0,20,FCC,0.033829,0.027794,0.1649879445678289,0.0754201784422323,0.0752047928127203,GPR
0.051429,0.6786,30.0,20,FCC,0.025324,0.022262,0.1942135868811069,0.0880541207830709,0.0868989325644335,GPR
0.062143,0.6786,30.0,20,FCC,0.020129,0.018598,0.2253606054408146,0.1012346967659918,0.0988898714618153,GPR
0.072857,0.6786,30.0,20,FCC,0.016746,0.015983,0.2586631025509222,0.1150417828998232,0.1112028391470513,GPR
0.083571,0.6786,30.0,20,FCC,0.014382,0.014018,0.2943956970696346,0.1295571782350305,0.123867149400178,GPR
0.094286,0.6786,30.0,20,FCC,0.012628,0.012487,0.3328996620684367,0.1448598699314488,0.1369224581143723,GPR
0.105,0.6786,30.0,20,FCC,0.01127,0.011259,0.3745849046816351,0.1610305599164179,0.1504175003481171,GPR
0.115714,0.6786,30.0,20,FCC,0.010183,0.010252,0.4199627859869457,0.1781871535626104,0.1644203397994739,GPR
0.126429,0.6786,30.0,20,FCC,0.009292,0.009411,0.4696410663089002,0.1965188270301765,0.1790168005881504,GPR
0.137143,0.6786,30.0,20,FCC,0.008548,0.008698,0.5243039847391655,0.2163199951475159,0.1943066440931763,GPR
0.147857,0.6786,30.0,20,FCC,0.007915,0.008086,0.5847260058382591,0.2380301332969348,0.2104105791649196,GPR
0.158571,0.6786,30.0,20,FCC,0.007371,0.007555,0.6517299791754321,0.2622353623203156,0.2274619707900609,GPR
0.169286,0.6786,30.0,20,FCC,0.006898,0.007089,0.7261657566529944,0.2896509851261112,0.2456052424974568,GPR
0.18,0.6786,30.0,20,FCC,0.006482,0.006677,0.808840368709163,0.3210547697601771,0.2649826641710379,GPR
0.03,0.8571,30.0,20,FCC,0.083468,0.057426,0.1374801134742816,0.0632812463452137,0.0637868067677611,GPR
0.040714,0.8571,30.0,20,FCC,0.059714,0.039077,0.1649879445678289,0.0754201784422323,0.0752047928127203,GPR
0.051429,0.8571,30.0,20,FCC,0.0446,0.030124,0.1942135868811069,0.0880541207830709,0.0868989325644335,GPR
0.062143,0.8571,30.0,20,FCC,0.034443,0.024658,0.2253606054408146,0.1012346967659918,0.0988898714618153,GPR
0.072857,0.8571,30.0,20,FCC,0.02738,0.020929,0.2586631025509222,0.1150417828998232,0.1112028391470513,GPR
0.083571,0.8571,30.0,20,FCC,0.02237,0.018205,0.2943956970696346,0.1295571782350305,0.123867149400178,GPR
0.094286,0.8571,30.0,20,FCC,0.018776,0.016121,0.3328996620684367,0.1448598699314488,0.1369224581143723,GPR
0.105,0.8571,30.0,20,FCC,0.016167,0.014472,0.3745849046816351,0.1610305599164179,0.1504175003481171,GPR
0.115714,0.8571,30.0,20,FCC,0.01423,0.013134,0.4199627859869457,0.1781871535626104,0.1644203397994739,GPR
0.126429,0.8571,30.0,20,FCC,0.012743,0.012024,0.4696410663089002,0.1965188270301765,0.1790168005881504,GPR
0.137143,0.8571,30.0,20,FCC,0.011562,0.011089,0.5243039847391655,0.2163199951475159,0.1943066440931763,GPR
0.147857,0.8571,30.0,20,FCC,0.010596,0.01029,0.5847260058382591,0.2380301332969348,0.2104105791649196,GPR
0.158571,0.8571,30.0,20,FCC,0.009789,0.0096,0.6517299791754321,0.2622353623203156,0.2274619707900609,GPR
0.169286,0.8571,30.0,20,FCC,0.009102,0.008996,0.7261657566529944,0.2896509851261112,0.2456052424974568,GPR
0.18,0.8571,30.0,20,FCC,0.00851,0.008465,0.808840368709163,0.3210547697601771,0.2649826641710379,GPR
0.03,1.0357,30.0,20,FCC,0.127142,0.141238,0.1374801134742816,0.0632812463452137,0.0637868067677611,GPR
0.040714,1.0357,30.0,20,FCC,0.09493,0.064289,0.1649879445678289,0.0754201784422323,0.0752047928127203,GPR
0.051429,1.0357,30.0,20,FCC,0.073338,0.043534,0.1942135868811069,0.0880541207830709,0.0868989325644335,GPR
0.062143,1.0357,30.0,20,FCC,0.058061,0.033696,0.2253606054408146,0.1012346967659918,0.0988898714618153,GPR
0.072857,1.0357,30.0,20,FCC,0.046842,0.02774,0.2586631025509222,0.1150417828998232,0.1112028391470513,GPR
0.083571,1.0357,30.0,20,FCC,0.038382,0.023674,0.2943956970696346,0.1295571782350305,0.123867149400178,GPR
0.094286,1.0357,30.0,20,FCC,0.031878,0.020696,0.3328996620684367,0.1448598699314488,0.1369224581143723,GPR
0.105,1.0357,30.0,20,FCC,0.026807,0.018408,0.3745849046816351,0.1610305599164179,0.1504175003481171,GPR
0.115714,1.0357,30.0,20,FCC,0.022819,0.01659,0.4199627859869457,0.1781871535626104,0.1644203397994739,GPR
0.126429,1.0357,30.0,20,FCC,0.019667,0.015107,0.4696410663089002,0.1965188270301765,0.1790168005881504,GPR
0.137143,1.0357,30.0,20,FCC,0.017174,0.013873,0.5243039847391655,0.2163199951475159,0.1943066440931763,GPR
0.147857,1.0357,30.0,20,FCC,0.015205,0.012828,0.5847260058382591,0.2380301332969348,0.2104105791649196,GPR
0.158571,1.0357,30.0,20,FCC,0.013647,0.011933,0.6517299791754321,0.2622353623203156,0.2274619707900609,GPR
0.169286,1.0357,30.0,20,FCC,0.012404,0.011155,0.7261657566529944,0.2896509851261112,0.2456052424974568,GPR
0.18,1.0357,30.0,20,FCC,0.011395,0.010474,0.808840368709163,0.3210547697601771,0.2649826641710379,GPR
0.03,1.2143,30.0,20,FCC,0.176389,0.296899,0.1374801134742816,0.0632812463452137,0.0637868067677611,GPR
0.040714,1.2143,30.0,20,FCC,0.136389,0.182696,0.1649879445678289,0.0754201784422323,0.0752047928127203,GPR
0.051429,1.2143,30.0,20,FCC,0.108821,0.083804,0.1942135868811069,0.0880541207830709,0.0868989325644335,GPR
0.062143,1.2143,30.0,20,FCC,0.088399,0.052151,0.2253606054408146,0.1012346967659918,0.0988898714618153,GPR
0.072857,1.2143,30.0,20,FCC,0.073111,0.039265,0.2586631025509222,0.1150417828998232,0.1112028391470513,GPR
0.083571,1.2143,30.0,20,FCC,0.061205,0.031974,0.2943956970696346,0.1295571782350305,0.123867149400178,GPR
0.094286,1.2143,30.0,20,FCC,0.051768,0.027162,0.3328996620684367,0.1448598699314488,0.1369224581143723,GPR
0.105,1.2143,30.0,20,FCC,0.044177,0.0237,0.3745849046816351,0.1610305599164179,0.1504175003481171,GPR
0.115714,1.2143,30.0,20,FCC,0.037972,0.021068,0.4199627859869457,0.1781871535626104,0.1644203397994739,GPR
0.126429,1.2143,30.0,20,FCC,0.032861,0.01899,0.4696410663089002,0.1965188270301765,0.1790168005881504,GPR
0.137143,1.2143,30.0,20,FCC,0.02861,0.017301,0.5243039847391655,0.2163199951475159,0.1943066440931763,GPR
0.147857,1.2143,30.0,20,FCC,0.025057,0.015898,0.5847260058382591,0.2380301332969348,0.2104105791649196,GPR
0.158571,1.2143,30.0,20,FCC,0.022073,0.014712,0.6517299791754321,0.2622353623203156,0.2274619707900609,GPR
0.169286,1.2143,30.0,20,FCC,0.019563,0.013696,0.7261657566529944,0.2896509851261112,0.2456052424974568,GPR
0.18,1.2143,30.0,20,FCC,0.01745,0.012814,0.808840368709163,0.3210547697601771,0.2649826641710379,GPR
0.03,1.3929,30.0,20,FCC,0.2299,0.401043,0.1374801134742816,0.0632812463452137,0.0637868067677611,GPR
0.040714,1.3929,30.0,20,FCC,0.181859,0.312871,0.1649879445678289,0.0754201784422323,0.0752047928127203,GPR
0.051429,1.3929,30.0,20,FCC,0.149101,0.230665,0.1942135868811069,0.0880541207830709,0.0868989325644335,GPR
0.062143,1.3929,30.0,20,FCC,0.123575,0.136082,0.2253606054408146,0.1012346967659918,0.0988898714618153,GPR
0.072857,1.3929,30.0,20,FCC,0.10455,0.071472,0.2586631025509222,0.1150417828998232,0.1112028391470513,GPR
0.083571,1.3929,30.0,20,FCC,0.08901,0.049045,0.2943956970696346,0.1295571782350305,0.123867149400178,GPR
0.094286,1.3929,30.0,20,FCC,0.076819,0.038418,0.3328996620684367,0.1448598699314488,0.1369224581143723,GPR
0.105,1.3929,30.0,20,FCC,0.066589,0.032003,0.3745849046816351,0.1610305599164179,0.1504175003481171,GPR
0.115714,1.3929,30.0,20,FCC,0.058217,0.027615,0.4199627859869457,0.1781871535626104,0.1644203397994739,GPR
0.126429,1.3929,30.0,20,FCC,0.051129,0.024382,0.4696410663089002,0.1965188270301765,0.1790168005881504,GPR
0.137143,1.3929,30.0,20,FCC,0.04512,0.02188,0.5243039847391655,0.2163199951475159,0.1943066440931763,GPR
0.147857,1.3929,30.0,20,FCC,0.040003,0.019875,0.5847260058382591,0.2380301332969348,0.2104105791649196,GPR
0.158571,1.3929,30.0,20,FCC,0.035578,0.018227,0.6517299791754321,0.2622353623203156,0.2274619707900609,GPR
0.169286,1.3929,30.0,20,FCC,0.031767,0.016845,0.7261657566529944,0.2896509851261112,0.2456052424974568,GPR
0.18,1.3929,30.0,20,FCC,0.028446,0.015666,0.808840368709163,0.3210547697601771,0.2649826641710379,GPR
0.03,1.5714,30.0,20,FCC,0.281089,0.450044,0.1374801134742816,0.0632812463452137,0.0637868067677611,GPR
0.040714,1.5714,30.0,20,FCC,0.231732,0.413991,0.1649879445678289,0.0754201784422323,0.0752047928127203,GPR
0.051429,1.5714,30.0,20,FCC,0.191312,0.335056,0.1942135868811069,0.0880541207830709,0.0868989325644335,GPR
0.062143,1.5714,30.0,20,FCC,0.16298,0.272555,0.2253606054408146,0.1012346967659918,0.0988898714618153,GPR
0.072857,1.5714,30.0,20,FCC,0.139527,0.205376,0.2586631025509222,0.1150417828998232,0.1112028391470513,GPR
0.083571,1.5714,30.0,20,FCC,0.120693,0.127147,0.2943956970696346,0.1295571782350305,0.123867149400178,GPR
0.094286,1.5714,30.0,20,FCC,0.105924,0.071777,0.3328996620684367,0.1448598699314488,0.1369224581143723,GPR
0.105,1.5714,30.0,20,FCC,0.092937,0.050224,0.3745849046816351,0.1610305599164179,0.1504175003481171,GPR
0.115714,1.5714,30.0,20,FCC,0.082356,0.039706,0.4199627859869457,0.1781871535626104,0.1644203397994739,GPR
0.126429,1.5714,30.0,20,FCC,0.073443,0.033301,0.4696410663089002,0.1965188270301765,0.1790168005881504,GPR
0.137143,1.5714,30.0,20,FCC,0.065529,0.028896,0.5243039847391655,0.2163199951475159,0.1943066440931763,GPR
0.147857,1.5714,30.0,20,FCC,0.058844,0.025637,0.5847260058382591,0.2380301332969348,0.2104105791649196,GPR
0.158571,1.5714,30.0,20,FCC,0.053043,0.023105,0.6517299791754321,0.2622353623203156,0.2274619707900609,GPR
0.169286,1.5714,30.0,20,FCC,0.047856,0.021068,0.7261657566529944,0.2896509851261112,0.2456052424974568,GPR
0.18,1.5714,30.0,20,FCC,0.043345,0.019387,0.808840368709163,0.3210547697601771,0.2649826641710379,GPR
0.03,1.75,30.0,20,FCC,0.337473,0.502048,0.1374801134742816,0.0632812463452137,0.0637868067677611,GPR
0.040714,1.75,30.0,20,FCC,0.277992,0.452863,0.1649879445678289,0.0754201784422323,0.0752047928127203,GPR
0.051429,1.75,30.0,20,FCC,0.238326,0.404388,0.1942135868811069,0.0880541207830709,0.0868989325644335,GPR
0.062143,1.75,30.0,20,FCC,0.203739,0.358908,0.2253606054408146,0.1012346967659918,0.0988898714618153,GPR
0.072857,1.75,30.0,20,FCC,0.176699,0.312505,0.2586631025509222,0.1150417828998232,0.1112028391470513,GPR
0.083571,1.75,30.0,20,FCC,0.156257,0.260999,0.2943956970696346,0.1295571782350305,0.123867149400178,GPR
0.094286,1.75,30.0,20,FCC,0.137685,0.203444,0.3328996620684367,0.1448598699314488,0.1369224581143723,GPR
0.105,1.75,30.0,20,FCC,0.122186,0.13895,0.3745849046816351,0.1610305599164179,0.1504175003481171,GPR
0.115714,1.75,30.0,20,FCC,0.109953,0.081858,0.4199627859869457,0.1781871535626104,0.1644203397994739,GPR
0.126429,1.75,30.0,20,FCC,0.098944,0.055498,0.4696410663089002,0.1965188270301765,0.1790168005881504,GPR
0.137143,1.75,30.0,20,FCC,0.089015,0.043167,0.5243039847391655,0.2163199951475159,0.1943066440931763,GPR
0.147857,1.75,30.0,20,FCC,0.08084,0.035939,0.5847260058382591,0.2380301332969348,0.2104105791649196,GPR
0.158571,1.75,30.0,20,FCC,0.073733,0.031082,0.6517299791754321,0.2622353623203156,0.2274619707900609,GPR
0.169286,1.75,30.0,20,FCC,0.067139,0.027539,0.7261657566529944,0.2896509851261112,0.2456052424974568,GPR
0.18,1.75,30.0,20,FCC,0.0613,0.024811,0.808840368709163,0.3210547697601771,0.2649826641710379,GPR
0.03,1.9286,30.0,20,FCC,0.387732,0.700522,0.1374801134742816,0.0632812463452137,0.0637868067677611,GPR
0.040714,1.9286,30.0,20,FCC,0.329715,0.546595,0.1649879445678289,0.0754201784422323,0.0752047928127203,GPR
0.051429,1.9286,30.0,20,FCC,0.280644,0.419177,0.1942135868811069,0.0880541207830709,0.0868989325644335,GPR
0.062143,1.9286,30.0,20,FCC,0.246953,0.379594,0.2253606054408146,0.1012346967659918,0.0988898714618153,GPR
0.072857,1.9286,30.0,20,FCC,0.218075,0.374509,0.2586631025509222,0.1150417828998232,0.1112028391470513,GPR
0.083571,1.9286,30.0,20,FCC,0.191394,0.351926,0.2943956970696346,0.1295571782350305,0.123867149400178,GPR
0.094286,1.9286,30.0,20,FCC,0.171445,0.308904,0.3328996620684367,0.1448598699314488,0.1369224581143723,GPR
0.105,1.9286,30.0,20,FCC,0.155231,0.262496,0.3745849046816351,0.1610305599164179,0.1504175003481171,GPR
0.115714,1.9286,30.0,20,FCC,0.139908,0.215071,0.4199627859869457,0.1781871535626104,0.1644203397994739,GPR
0.126429,1.9286,30.0,20,FCC,0.126144,0.162809,0.4696410663089002,0.1965188270301765,0.1790168005881504,GPR
0.137143,1.9286,30.0,20,FCC,0.11524,0.106397,0.5243039847391655,0.2163199951475159,0.1943066440931763,GPR
0.147857,1.9286,30.0,20,FCC,0.10589,0.067793,0.5847260058382591,0.2380301332969348,0.2104105791649196,GPR
0.158571,1.9286,30.0,20,FCC,0.096994,0.05002,0.6517299791754321,0.2622353623203156,0.2274619707900609,GPR
0.169286,1.9286,30.0,20,FCC,0.088761,0.040537,0.7261657566529944,0.2896509851261112,0.2456052424974568,GPR
0.18,1.9286,30.0,20,FCC,0.081853,0.034543,0.808840368709163,0.3210547697601771,0.2649826641710379,GPR
0.03,2.1071,30.0,20,FCC,0.430781,0.420851,0.1374801134742816,0.0632812463452137,0.0637868067677611,GPR
0.040714,2.1071,30.0,20,FCC,0.377049,0.640383,0.1649879445678289,0.0754201784422323,0.0752047928127203,GPR
0.051429,2.1071,30.0,20,FCC,0.329438,0.531478,0.1942135868811069,0.0880541207830709,0.0868989325644335,GPR
0.062143,2.1071,30.0,20,FCC,0.286622,0.38948,0.2253606054408146,0.1012346967659918,0.0988898714618153,GPR
0.072857,2.1071,30.0,20,FCC,0.256488,0.46357,0.2586631025509222,0.1150417828998232,0.1112028391470513,GPR
0.083571,2.1071,30.0,20,FCC,0.231868,0.424912,0.2943956970696346,0.1295571782350305,0.123867149400178,GPR
0.094286,2.1071,30.0,20,FCC,0.208205,0.341564,0.3328996620684367,0.1448598699314488,0.1369224581143723,GPR
0.105,2.1071,30.0,20,FCC,0.186856,0.336484,0.3745849046816351,0.1610305599164179,0.1504175003481171,GPR
0.115714,2.1071,30.0,20,FCC,0.17068,0.31341,0.4199627859869457,0.1781871535626104,0.1644203397994739,GPR
0.126429,2.1071,30.0,20,FCC,0.157211,0.26903,0.4696410663089002,0.1965188270301765,0.1790168005881504,GPR
0.137143,2.1071,30.0,20,FCC,0.144459,0.230208,0.5243039847391655,0.2163199951475159,0.1943066440931763,GPR
0.147857,2.1071,30.0,20,FCC,0.131985,0.190426,0.5847260058382591,0.2380301332969348,0.2104105791649196,GPR
0.158571,2.1071,30.0,20,FCC,0.121442,0.144389,0.6517299791754321,0.2622353623203156,0.2274619707900609,GPR
0.169286,2.1071,30.0,20,FCC,0.112869,0.09614,0.7261657566529944,0.2896509851261112,0.2456052424974568,GPR
0.18,2.1071,30.0,20,FCC,0.105244,0.064498,0.808840368709163,0.3210547697601771,0.2649826641710379,GPR
0.03,2.2857,30.0,20,FCC,0.473713,0.807985,0.1374801134742816,0.0632812463452137,0.0637868067677611,GPR
0.040714,2.2857,30.0,20,FCC,0.416697,0.391811,0.1649879445678289,0.0754201784422323,0.0752047928127203,GPR
0.051429,2.2857,30.0,20,FCC,0.373076,0.627522,0.1942135868811069,0.0880541207830709,0.0868989325644335,GPR
0.062143,2.2857,30.0,20,FCC,0.333371,0.463666,0.2253606054408146,0.1012346967659918,0.0988898714618153,GPR
0.072857,2.2857,30.0,20,FCC,0.29499,0.436846,0.2586631025509222,0.1150417828998232,0.1112028391470513,GPR
0.083571,2.2857,30.0,20,FCC,0.266626,0.503733,0.2943956970696346,0.1295571782350305,0.123867149400178,GPR
0.094286,2.2857,30.0,20,FCC,0.244439,0.364398,0.3328996620684367,0.1448598699314488,0.1369224581143723,GPR
0.105,2.2857,30.0,20,FCC,0.224519,0.443468,0.3745849046816351,0.1610305599164179,0.1504175003481171,GPR
0.115714,2.2857,30.0,20,FCC,0.204526,0.338859,0.4199627859869457,0.1781871535626104,0.1644203397994739,GPR
0.126429,2.2857,30.0,20,FCC,0.186423,0.343491,0.4696410663089002,0.1965188270301765,0.1790168005881504,GPR
0.137143,2.2857,30.0,20,FCC,0.17242,0.317352,0.5243039847391655,0.2163199951475159,0.1943066440931763,GPR
0.147857,2.2857,30.0,20,FCC,0.160786,0.272457,0.5847260058382591,0.2380301332969348,0.2104105791649196,GPR
0.158571,2.2857,30.0,20,FCC,0.150058,0.252798,0.6517299791754321,0.2622353623203156,0.2274619707900609,GPR
0.169286,2.2857,30.0,20,FCC,0.139299,0.21999,0.7261657566529944,0.2896509851261112,0.2456052424974568,GPR
0.18,2.2857,30.0,20,FCC,0.128892,0.182564,0.808840368709163,0.3210547697601771,0.2649826641710379,GPR
0.03,2.4643,30.0,20,FCC,0.517274,0.364276,0.1374801134742816,0.0632812463452137,0.0637868067677611,GPR
0.040714,2.4643,30.0,20,FCC,0.455181,0.82952,0.1649879445678289,0.0754201784422323,0.0752047928127203,GPR
0.051429,2.4643,30.0,20,FCC,0.409658,0.388725,0.1942135868811069,0.0880541207830709,0.0868989325644335,GPR
0.062143,2.4643,30.0,20,FCC,0.372963,0.681988,0.2253606054408146,0.1012346967659918,0.0988898714618153,GPR
0.072857,2.4643,30.0,20,FCC,0.339451,0.390197,0.2586631025509222,0.1150417828998232,0.1112028391470513,GPR
0.083571,2.4643,30.0,20,FCC,0.305415,0.594572,0.2943956970696346,0.1295571782350305,0.123867149400178,GPR
0.094286,2.4643,30.0,20,FCC,0.277474,0.374473,0.3328996620684367,0.1448598699314488,0.1369224581143723,GPR
0.105,2.4643,30.0,20,FCC,0.256375,0.519354,0.3745849046816351,0.1610305599164179,0.1504175003481171,GPR
0.115714,2.4643,30.0,20,FCC,0.238494,0.353577,0.4199627859869457,0.1781871535626104,0.1644203397994739,GPR
0.126429,2.4643,30.0,20,FCC,0.221771,0.444358,0.4696410663089002,0.1965188270301765,0.1790168005881504,GPR
0.137143,2.4643,30.0,20,FCC,0.204666,0.330049,0.5243039847391655,0.2163199951475159,0.1943066440931763,GPR
0.147857,2.4643,30.0,20,FCC,0.188547,0.372223,0.5847260058382591,0.2380301332969348,0.2104105791649196,GPR
0.158571,2.4643,30.0,20,FCC,0.175747,0.302754,0.6517299791754321,0.2622353623203156,0.2274619707900609,GPR
0.169286,2.4643,30.0,20,FCC,0.16526,0.303824,0.7261657566529944,0.2896509851261112,0.2456052424974568,GPR
0.18,2.4643,30.0,20,FCC,0.155909,0.269224,0.808840368709163,0.3210547697601771,0.2649826641710379,GPR
0.03,2.6429,30.0,20,FCC,0.540942,0.676724,0.1374801134742816,0.0632812463452137,0.0637868067677611,GPR
0.040714,2.6429,30.0,20,FCC,0.496332,0.402884,0.1649879445678289,0.0754201784422323,0.0752047928127203,GPR
0.051429,2.6429,30.0,20,FCC,0.444915,0.729725,0.1942135868811069,0.0880541207830709,0.0868989325644335,GPR
0.062143,2.6429,30.0,20,FCC,0.406747,0.373281,0.2253606054408146,0.1012346967659918,0.0988898714618153,GPR
0.072857,2.6429,30.0,20,FCC,0.375099,0.763385,0.2586631025509222,0.1150417828998232,0.1112028391470513,GPR
0.083571,2.6429,30.0,20,FCC,0.346357,0.366905,0.2943956970696346,0.1295571782350305,0.123867149400178,GPR
0.094286,2.6429,30.0,20,FCC,0.317207,0.608598,0.3328996620684367,0.1448598699314488,0.1369224581143723,GPR
0.105,2.6429,30.0,20,FCC,0.289468,0.410856,0.3745849046816351,0.1610305599164179,0.1504175003481171,GPR
0.115714,2.6429,30.0,20,FCC,0.268264,0.431724,0.4199627859869457,0.1781871535626104,0.1644203397994739,GPR
0.126429,2.6429,30.0,20,FCC,0.25118,0.473543,0.4696410663089002,0.1965188270301765,0.1790168005881504,GPR
0.137143,2.6429,30.0,20,FCC,0.236139,0.348735,0.5243039847391655,0.2163199951475159,0.1943066440931763,GPR
0.147857,2.6429,30.0,20,FCC,0.221875,0.462323,0.5847260058382591,0.2380301332969348,0.2104105791649196,GPR
0.158571,2.6429,30.0,20,FCC,0.20723,0.324654,0.6517299791754321,0.2622353623203156,0.2274619707900609,GPR
0.169286,2.6429,30.0,20,FCC,0.192568,0.386548,0.7261657566529944,0.2896509851261112,0.2456052424974568,GPR
0.18,2.6429,30.0,20,FCC,0.180285,0.312195,0.808840368709163,0.3210547697601771,0.2649826641710379,GPR
0.03,2.8214,30.0,20,FCC,0.547136,0.72942,0.1374801134742816,0.0632812463452137,0.0637868067677611,GPR
0.040714,2.8214,30.0,20,FCC,0.526481,0.435252,0.1649879445678289,0.0754201784422323,0.0752047928127203,GPR
0.051429,2.8214,30.0,20,FCC,0.482767,0.463944,0.1942135868811069,0.0880541207830709,0.0868989325644335,GPR
0.062143,2.8214,30.0,20,FCC,0.439445,0.701041,0.2253606054408146,0.1012346967659918,0.0988898714618153,GPR
0.072857,2.8214,30.0,20,FCC,0.40639,0.352002,0.2586631025509222,0.1150417828998232,0.1112028391470513,GPR
0.083571,2.8214,30.0,20,FCC,0.378544,0.744526,0.2943956970696346,0.1295571782350305,0.123867149400178,GPR
0.094286,2.8214,30.0,20,FCC,0.35341,0.425976,0.3328996620684367,0.1448598699314488,0.1369224581143723,GPR
0.105,2.8214,30.0,20,FCC,0.328767,0.413065,0.3745849046816351,0.1610305599164179,0.1504175003481171,GPR
0.115714,2.8214,30.0,20,FCC,0.303048,0.641716,0.4199627859869457,0.1781871535626104,0.1644203397994739,GPR
0.126429,2.8214,30.0,20,FCC,0.280779,0.352819,0.4696410663089002,0.1965188270301765,0.1790168005881504,GPR
0.137143,2.8214,30.0,20,FCC,0.263488,0.475379,0.5243039847391655,0.2163199951475159,0.1943066440931763,GPR
0.147857,2.8214,30.0,20,FCC,0.248997,0.466692,0.5847260058382591,0.2380301332969348,0.2104105791649196,GPR
0.158571,2.8214,30.0,20,FCC,0.236012,0.334789,0.6517299791754321,0.2622353623203156,0.2274619707900609,GPR
0.169286,2.8214,30.0,20,FCC,0.223698,0.470238,0.7261657566529944,0.2896509851261112,0.2456052424974568,GPR
0.18,2.8214,30.0,20,FCC,0.211209,0.353083,0.808840368709163,0.3210547697601771,0.2649826641710379,GPR
0.03,3.0,30.0,20,FCC,0.544181,0.326007,0.1374801134742816,0.0632812463452137,0.0637868067677611,GPR
0.040714,3.0,30.0,20,FCC,0.537451,0.989789,0.1649879445678289,0.0754201784422323,0.0752047928127203,GPR
0.051429,3.0,30.0,20,FCC,0.514961,0.359321,0.1942135868811069,0.0880541207830709,0.0868989325644335,GPR
0.062143,3.0,30.0,20,FCC,0.47462,0.494207,0.2253606054408146,0.1012346967659918,0.0988898714618153,GPR
0.072857,3.0,30.0,20,FCC,0.436996,0.73943,0.2586631025509222,0.1150417828998232,0.1112028391470513,GPR
0.083571,3.0,30.0,20,FCC,0.407664,0.340921,0.2943956970696346,0.1295571782350305,0.123867149400178,GPR
0.094286,3.0,30.0,20,FCC,0.382745,0.575523,0.3328996620684367,0.1448598699314488,0.1369224581143723,GPR
0.105,3.0,30.0,20,FCC,0.360346,0.60812,0.3745849046816351,0.1610305599164179,0.1504175003481171,GPR
0.115714,3.0,30.0,20,FCC,0.339064,0.340265,0.4199627859869457,0.1781871535626104,0.1644203397994739,GPR
0.126429,3.0,30.0,20,FCC,0.317136,0.54412,0.4696410663089002,0.1965188270301765,0.1790168005881504,GPR
0.137143,3.0,30.0,20,FCC,0.294774,0.550916,0.5243039847391655,0.2163199951475159,0.1943066440931763,GPR
0.147857,3.0,30.0,20,FCC,0.276207,0.335653,0.5847260058382591,0.2380301332969348,0.2104105791649196,GPR
0.158571,3.0,30.0,20,FCC,0.261398,0.478582,0.6517299791754321,0.2622353623203156,0.2274619707900609,GPR
0.169286,3.0,30.0,20,FCC,0.248729,0.501068,0.7261657566529944,0.2896509851261112,0.2456052424974568,GPR
0.18,3.0,30.0,20,FCC,0.237292,0.326153,0.808840368709163,0.3210547697601771,0.2649826641710379,GPR
0.03,0.5,33.3333,20,FCC,0.018509,0.018806,0.1374801134742816,0.0632812463452137,0.0637868067677611,GPR
0.040714,0.5,33.3333,20,FCC,0.014011,0.014476,0.1649879445678289,0.0754201784422323,0.0752047928127203,GPR
0.051429,0.5,33.3333,20,FCC,0.011291,0.01177,0.1942135868811069,0.0880541207830709,0.0868989325644335,GPR
0.062143,0.5,33.3333,20,FCC,0.009461,0.009917,0.2253606054408146,0.1012346967659918,0.0988898714618153,GPR
0.072857,0.5,33.3333,20,FCC,0.008145,0.008569,0.2586631025509222,0.1150417828998232,0.1112028391470513,GPR
0.083571,0.5,33.3333,20,FCC,0.007151,0.007543,0.2943956970696346,0.1295571782350305,0.123867149400178,GPR
0.094286,0.5,33.3333,20,FCC,0.006374,0.006737,0.3328996620684367,0.1448598699314488,0.1369224581143723,GPR
0.105,0.5,33.3333,20,FCC,0.005749,0.006087,0.3745849046816351,0.1610305599164179,0.1504175003481171,GPR
0.115714,0.5,33.3333,20,FCC,0.005237,0.005551,0.4199627859869457,0.1781871535626104,0.1644203397994739,GPR
0.126429,0.5,33.3333,20,FCC,0.004808,0.005102,0.4696410663089002,0.1965188270301765,0.1790168005881504,GPR
0.137143,0.5,33.3333,20,FCC,0.004444,0.00472,0.5243039847391655,0.2163199951475159,0.1943066440931763,GPR
0.147857,0.5,33.3333,20,FCC,0.004132,0.004391,0.5847260058382591,0.2380301332969348,0.2104105791649196,GPR
0.158571,0.5,33.3333,20,FCC,0.00386,0.004106,0.6517299791754321,0.2622353623203156,0.2274619707900609,GPR
0.169286,0.5,33.3333,20,FCC,0.003622,0.003855,0.7261657566529944,0.2896509851261112,0.2456052424974568,GPR
0.18,0.5,33.3333,20,FCC,0.003412,0.003633,0.808840368709163,0.3210547697601771,0.2649826641710379,GPR
0.03,0.6786,33.3333,20,FCC,0.02902,0.025025,0.1374801134742816,0.0632812463452137,0.0637868067677611,GPR
0.040714,0.6786,33.3333,20,FCC,0.020576,0.019192,0.1649879445678289,0.0754201784422323,0.0752047928127203,GPR
0.051429,0.6786,33.3333,20,FCC,0.016055,0.015588,0.1942135868811069,0.0880541207830709,0.0868989325644335,GPR
0.062143,0.6786,33.3333,20,FCC,0.013234,0.013132,0.2253606054408146,0.1012346967659918,0.0988898714618153,GPR
0.072857,0.6786,33.3333,20,FCC,0.011285,0.011348,0.2586631025509222,0.1150417828998232,0.1112028391470513,GPR
0.083571,0.6786,33.3333,20,FCC,0.009848,0.009993,0.2943956970696346,0.1295571782350305,0.123867149400178,GPR
0.094286,0.6786,33.3333,20,FCC,0.008742,0.008927,0.3328996620684367,0.1448598699314488,0.1369224581143723,GPR
0.105,0.6786,33.3333,20,FCC,0.007863,0.008068,0.3745849046816351,0.1610305599164179,0.1504175003481171,GPR
0.115714,0.6786,33.3333,20,FCC,0.007146,0.007359,0.4199627859869457,0.1781871535626104,0.1644203397994739,GPR
0.126429,0.6786,33.3333,20,FCC,0.00655,0.006766,0.4696410663089002,0.1965188270301765,0.1790168005881504,GPR
0.137143,0.6786,33.3333,20,FCC,0.006046,0.006261,0.5243039847391655,0.2163199951475159,0.1943066440931763,GPR
0.147857,0.6786,33.3333,20,FCC,0.005615,0.005826,0.5847260058382591,0.2380301332969348,0.2104105791649196,GPR
0.158571,0.6786,33.3333,20,FCC,0.005242,0.005448,0.6517299791754321,0.2622353623203156,0.2274619707900609,GPR
0.169286,0.6786,33.3333,20,FCC,0.004915,0.005115,0.7261657566529944,0.2896509851261112,0.2456052424974568,GPR
0.18,0.6786,33.3333,20,FCC,0.004627,0.004822,0.808840368709163,0.3210547697601771,0.2649826641710379,GPR
0.03,0.8571,33.3333,20,FCC,0.04998,0.03309,0.1374801134742816,0.0632812463452137,0.0637868067677611,GPR
0.040714,0.8571,33.3333,20,FCC,0.034004,0.024793,0.1649879445678289,0.0754201784422323,0.0752047928127203,GPR
0.051429,0.8571,33.3333,20,FCC,0.024686,0.019921,0.1942135868811069,0.0880541207830709,0.0868989325644335,GPR
0.062143,0.8571,33.3333,20,FCC,0.019073,0.016683,0.2253606054408146,0.1012346967659918,0.0988898714618153,GPR
0.072857,0.8571,33.3333,20,FCC,0.015584,0.014364,0.2586631025509222,0.1150417828998232,0.1112028391470513,GPR
0.083571,0.8571,33.3333,20,FCC,0.013259,0.012617,0.2943956970696346,0.1295571782350305,0.123867149400178,GPR
0.094286,0.8571,33.3333,20,FCC,0.011586,0.011253,0.3328996620684367,0.1448598699314488,0.1369224581143723,GPR
0.105,0.8571,33.3333,20,FCC,0.010311,0.010156,0.3745849046816351,0.1610305599164179,0.1504175003481171,GPR
0.115714,0.8571,33.3333,20,FCC,0.009302,0.009256,0.4199627859869457,0.1781871535626104,0.1644203397994739,GPR
0.126429,0.8571,33.3333,20,FCC,0.008479,0.008503,0.4696410663089002,0.1965188270301765,0.1790168005881504,GPR
0.137143,0.8571,33.3333,20,FCC,0.007794,0.007863,0.5243039847391655,0.2163199951475159,0.1943066440931763,GPR
0.147857,0.8571,33.3333,20,FCC,0.007214,0.007314,0.5847260058382591,0.2380301332969348,0.2104105791649196,GPR
0.158571,0.8571,33.3333,20,FCC,0.006716,0.006836,0.6517299791754321,0.2622353623203156,0.2274619707900609,GPR
0.169286,0.8571,33.3333,20,FCC,0.006284,0.006417,0.7261657566529944,0.2896509851261112,0.2456052424974568,GPR
0.18,0.8571,33.3333,20,FCC,0.005904,0.006047,0.808840368709163,0.3210547697601771,0.2649826641710379,GPR
0.03,1.0357,33.3333,20,FCC,0.07987,0.04652,0.1374801134742816,0.0632812463452137,0.0637868067677611,GPR
0.040714,1.0357,33.3333,20,FCC,0.056525,0.032587,0.1649879445678289,0.0754201784422323,0.0752047928127203,GPR
0.051429,1.0357,33.3333,20,FCC,0.041595,0.025454,0.1942135868811069,0.0880541207830709,0.0868989325644335,GPR
0.062143,1.0357,33.3333,20,FCC,0.031564,0.020996,0.2253606054408146,0.1012346967659918,0.0988898714618153,GPR
0.072857,1.0357,33.3333,20,FCC,0.024634,0.017912,0.2586631025509222,0.1150417828998232,0.1112028391470513,GPR
0.083571,1.0357,33.3333,20,FCC,0.019787,0.015638,0.2943956970696346,0.1295571782350305,0.123867149400178,GPR
0.094286,1.0357,33.3333,20,FCC,0.016399,0.013886,0.3328996620684367,0.1448598699314488,0.1369224581143723,GPR
0.105,1.0357,33.3333,20,FCC,0.014026,0.012493,0.3745849046816351,0.1610305599164179,0.1504175003481171,GPR
0.115714,1.0357,33.3333,20,FCC,0.012319,0.011358,0.4199627859869457,0.1781871535626104,0.1644203397994739,GPR
0.126429,1.0357,33.3333,20,FCC,0.011031,0.010414,0.4696410663089002,0.1965188270301765,0.1790168005881504,GPR
0.137143,1.0357,33.3333,20,FCC,0.010014,0.009616,0.5243039847391655,0.2163199951475159,0.1943066440931763,GPR
0.147857,1.0357,33.3333,20,FCC,0.009185,0.008932,0.5847260058382591,0.2380301332969348,0.2104105791649196,GPR
0.158571,1.0357,33.3333,20,FCC,0.008492,0.00834,0.6517299791754321,0.2622353623203156,0.2274619707900609,GPR
0.169286,1.0357,33.3333,20,FCC,0.007902,0.007822,0.7261657566529944,0.2896509851261112,0.2456052424974568,GPR
0.18,1.0357,33.3333,20,FCC,0.007393,0.007365,0.808840368709163,0.3210547697601771,0.2649826641710379,GPR
0.03,1.2143,33.3333,20,FCC,0.115683,0.084071,0.1374801134742816,0.0632812463452137,0.0637868067677611,GPR
0.040714,1.2143,33.3333,20,FCC,0.085455,0.046262,0.1649879445678289,0.0754201784422323,0.0752047928127203,GPR
0.051429,1.2143,33.3333,20,FCC,0.065161,0.033581,0.1942135868811069,0.0880541207830709,0.0868989325644335,GPR
0.062143,1.2143,33.3333,20,FCC,0.05085,0.026774,0.2253606054408146,0.1012346967659918,0.0988898714618153,GPR
0.072857,1.2143,33.3333,20,FCC,0.040402,0.022405,0.2586631025509222,0.1150417828998232,0.1112028391470513,GPR
0.083571,1.2143,33.3333,20,FCC,0.032584,0.019322,0.2943956970696346,0.1295571782350305,0.123867149400178,GPR
0.094286,1.2143,33.3333,20,FCC,0.026636,0.017014,0.3328996620684367,0.1448598699314488,0.1369224581143723,GPR
0.105,1.2143,33.3333,20,FCC,0.02207,0.015214,0.3745849046816351,0.1610305599164179,0.1504175003481171,GPR
0.115714,1.2143,33.3333,20,FCC,0.018554,0.013768,0.4199627859869457,0.1781871535626104,0.1644203397994739,GPR
0.126429,1.2143,33.3333,20,FCC,0.015858,0.012578,0.4696410663089002,0.1965188270301765,0.1790168005881504,GPR
0.137143,1.2143,33.3333,20,FCC,0.013808,0.011581,0.5243039847391655,0.2163199951475159,0.1943066440931763,GPR
0.147857,1.2143,33.3333,20,FCC,0.012255,0.010733,0.5847260058382591,0.2380301332969348,0.2104105791649196,GPR
0.158571,1.2143,33.3333,20,FCC,0.011064,0.010002,0.6517299791754321,0.2622353623203156,0.2274619707900609,GPR
0.169286,1.2143,33.3333,20,FCC,0.010122,0.009366,0.7261657566529944,0.2896509851261112,0.2456052424974568,GPR
0.18,1.2143,33.3333,20,FCC,0.009352,0.008806,0.808840368709163,0.3210547697601771,0.2649826641710379,GPR
0.03,1.3929,33.3333,20,FCC,0.155165,0.232886,0.1374801134742816,0.0632812463452137,0.0637868067677611,GPR
0.040714,1.3929,33.3333,20,FCC,0.118904,0.089014,0.1649879445678289,0.0754201784422323,0.0752047928127203,GPR
0.051429,1.3929,33.3333,20,FCC,0.093363,0.049167,0.1942135868811069,0.0880541207830709,0.0868989325644335,GPR
0.062143,1.3929,33.3333,20,FCC,0.075011,0.035858,0.2253606054408146,0.1012346967659918,0.0988898714618153,GPR
0.072857,1.3929,33.3333,20,FCC,0.061208,0.028757,0.2586631025509222,0.1150417828998232,0.1112028391470513,GPR
0.083571,1.3929,33.3333,20,FCC,0.050474,0.024199,0.2943956970696346,0.1295571782350305,0.123867149400178,GPR
0.094286,1.3929,33.3333,20,FCC,0.042073,0.020974,0.3328996620684367,0.1448598699314488,0.1369224581143723,GPR
0.105,1.3929,33.3333,20,FCC,0.035351,0.018551,0.3745849046816351,0.1610305599164179,0.1504175003481171,GPR
0.115714,1.3929,33.3333,20,FCC,0.029918,0.016653,0.4199627859869457,0.1781871535626104,0.1644203397994739,GPR
0.126429,1.3929,33.3333,20,FCC,0.025501,0.015121,0.4696410663089002,0.1965188270301765,0.1790168005881504,GPR
0.137143,1.3929,33.3333,20,FCC,0.021885,0.013856,0.5243039847391655,0.2163199951475159,0.1943066440931763,GPR
0.147857,1.3929,33.3333,20,FCC,0.018922,0.012792,0.5847260058382591,0.2380301332969348,0.2104105791649196,GPR
0.158571,1.3929,33.3333,20,FCC,0.016498,0.011883,0.6517299791754321,0.2622353623203156,0.2274619707900609,GPR
0.169286,1.3929,33.3333,20,FCC,0.014523,0.011098,0.7261657566529944,0.2896509851261112,0.2456052424974568,GPR
0.18,1.3929,33.3333,20,FCC,0.012929,0.010411,0.808840368709163,0.3210547697601771,0.2649826641710379,GPR
0.03,1.5714,33.3333,20,FCC,0.196057,0.342522,0.1374801134742816,0.0632812463452137,0.0637868067677611,GPR
0.040714,1.5714,33.3333,20,FCC,0.155292,0.238554,0.1649879445678289,0.0754201784422323,0.0752047928127203,GPR
0.051429,1.5714,33.3333,20,FCC,0.125162,0.110544,0.1942135868811069,0.0880541207830709,0.0868989325644335,GPR
0.062143,1.5714,33.3333,20,FCC,0.102779,0.055991,0.2253606054408146,0.1012346967659918,0.0988898714618153,GPR
0.072857,1.5714,33.3333,20,FCC,0.085783,0.039737,0.2586631025509222,0.1150417828998232,0.1112028391470513,GPR
0.083571,1.5714,33.3333,20,FCC,0.072166,0.031597,0.2943956970696346,0.1295571782350305,0.123867149400178,GPR
0.094286,1.5714,33.3333,20,FCC,0.061416,0.026516,0.3328996620684367,0.1448598699314488,0.1369224581143723,GPR
0.105,1.5714,33.3333,20,FCC,0.052532,0.022972,0.3745849046816351,0.1610305599164179,0.1504175003481171,GPR
0.115714,1.5714,33.3333,20,FCC,0.045274,0.020328,0.4199627859869457,0.1781871535626104,0.1644203397994739,GPR
0.126429,1.5714,33.3333,20,FCC,0.03918,0.018266,0.4696410663089002,0.1965188270301765,0.1790168005881504,GPR
0.137143,1.5714,33.3333,20,FCC,0.034081,0.016605,0.5243039847391655,0.2163199951475159,0.1943066440931763,GPR
0.147857,1.5714,33.3333,20,FCC,0.029755,0.015235,0.5847260058382591,0.2380301332969348,0.2104105791649196,GPR
0.158571,1.5714,33.3333,20,FCC,0.026083,0.014082,0.6517299791754321,0.2622353623203156,0.2274619707900609,GPR
0.169286,1.5714,33.3333,20,FCC,0.022948,0.013097,0.7261657566529944,0.2896509851261112,0.2456052424974568,GPR
0.18,1.5714,33.3333,20,FCC,0.020268,0.012245,0.808840368709163,0.3210547697601771,0.2649826641710379,GPR
0.03,1.75,33.3333,20,FCC,0.24088,0.430754,0.1374801134742816,0.0632812463452137,0.0637868067677611,GPR
0.040714,1.75,33.3333,20,FCC,0.192482,0.342064,0.1649879445678289,0.0754201784422323,0.0752047928127203,GPR
0.051429,1.75,33.3333,20,FCC,0.159928,0.255767,0.1942135868811069,0.0880541207830709,0.0868989325644335,GPR
0.062143,1.75,33.3333,20,FCC,0.132933,0.153286,0.2253606054408146,0.1012346967659918,0.0988898714618153,GPR
0.072857,1.75,33.3333,20,FCC,0.113499,0.070866,0.2586631025509222,0.1150417828998232,0.1112028391470513,GPR
0.083571,1.75,33.3333,20,FCC,0.096692,0.046333,0.2943956970696346,0.1295571782350305,0.123867149400178,GPR
0.094286,1.75,33.3333,20,FCC,0.08384,0.035778,0.3328996620684367,0.1448598699314488,0.1369224581143723,GPR
0.105,1.75,33.3333,20,FCC,0.072813,0.029628,0.3745849046816351,0.1610305599164179,0.1504175003481171,GPR
0.115714,1.75,33.3333,20,FCC,0.063651,0.025491,0.4199627859869457,0.1781871535626104,0.1644203397994739,GPR
0.126429,1.75,33.3333,20,FCC,0.056046,0.022472,0.4696410663089002,0.1965188270301765,0.1790168005881504,GPR
0.137143,1.75,33.3333,20,FCC,0.049356,0.020148,0.5243039847391655,0.2163199951475159,0.1943066440931763,GPR
0.147857,1.75,33.3333,20,FCC,0.043771,0.018294,0.5847260058382591,0.2380301332969348,0.2104105791649196,GPR
0.158571,1.75,33.3333,20,FCC,0.038865,0.016774,0.6517299791754321,0.2622353623203156,0.2274619707900609,GPR
0.169286,1.75,33.3333,20,FCC,0.034607,0.0155,0.7261657566529944,0.2896509851261112,0.2456052424974568,GPR
0.18,1.75,33.3333,20,FCC,0.03092,0.014415,0.808840368709163,0.3210547697601771,0.2649826641710379,GPR
0.03,1.9286,33.3333,20,FCC,0.280959,0.530311,0.1374801134742816,0.0632812463452137,0.0637868067677611,GPR
0.040714,1.9286,33.3333,20,FCC,0.23356,0.393511,0.1649879445678289,0.0754201784422323,0.0752047928127203,GPR
0.051429,1.9286,33.3333,20,FCC,0.193818,0.339305,0.1942135868811069,0.0880541207830709,0.0868989325644335,GPR
0.062143,1.9286,33.3333,20,FCC,0.166686,0.282843,0.2253606054408146,0.1012346967659918,0.0988898714618153,GPR
0.072857,1.9286,33.3333,20,FCC,0.142275,0.201435,0.2586631025509222,0.1150417828998232,0.1112028391470513,GPR
0.083571,1.9286,33.3333,20,FCC,0.123847,0.108303,0.2943956970696346,0.1295571782350305,0.123867149400178,GPR
0.094286,1.9286,33.3333,20,FCC,0.10887,0.059151,0.3328996620684367,0.1448598699314488,0.1369224581143723,GPR
0.105,1.9286,33.3333,20,FCC,0.095252,0.042494,0.3745849046816351,0.1610305599164179,0.1504175003481171,GPR
0.115714,1.9286,33.3333,20,FCC,0.084669,0.034102,0.4199627859869457,0.1781871535626104,0.1644203397994739,GPR
0.126429,1.9286,33.3333,20,FCC,0.07545,0.028858,0.4696410663089002,0.1965188270301765,0.1790168005881504,GPR
0.137143,1.9286,33.3333,20,FCC,0.067108,0.025192,0.5243039847391655,0.2163199951475159,0.1943066440931763,GPR
0.147857,1.9286,33.3333,20,FCC,0.060299,0.022447,0.5847260058382591,0.2380301332969348,0.2104105791649196,GPR
0.158571,1.9286,33.3333,20,FCC,0.054265,0.020297,0.6517299791754321,0.2622353623203156,0.2274619707900609,GPR
0.169286,1.9286,33.3333,20,FCC,0.048774,0.018556,0.7261657566529944,0.2896509851261112,0.2456052424974568,GPR
0.18,1.9286,33.3333,20,FCC,0.044114,0.017113,0.808840368709163,0.3210547697601771,0.2649826641710379,GPR
0.03,2.1071,33.3333,20,FCC,0.321002,0.495725,0.1374801134742816,0.0632812463452137,0.0637868067677611,GPR
0.040714,2.1071,33.3333,20,FCC,0.271101,0.442604,0.1649879445678289,0.0754201784422323,0.0752047928127203,GPR
0.051429,2.1071,33.3333,20,FCC,0.232562,0.391962,0.1942135868811069,0.0880541207830709,0.0868989325644335,GPR
0.062143,2.1071,33.3333,20,FCC,0.197968,0.342569,0.2253606054408146,0.1012346967659918,0.0988898714618153,GPR
0.072857,2.1071,33.3333,20,FCC,0.174146,0.296814,0.2586631025509222,0.1150417828998232,0.1112028391470513,GPR
0.083571,2.1071,33.3333,20,FCC,0.153274,0.244307,0.2943956970696346,0.1295571782350305,0.123867149400178,GPR
0.094286,2.1071,33.3333,20,FCC,0.134321,0.170852,0.3328996620684367,0.1448598699314488,0.1369224581143723,GPR
0.105,2.1071,33.3333,20,FCC,0.120307,0.092034,0.3745849046816351,0.1610305599164179,0.1504175003481171,GPR
0.115714,2.1071,33.3333,20,FCC,0.108045,0.055412,0.4199627859869457,0.1781871535626104,0.1644203397994739,GPR
0.126429,2.1071,33.3333,20,FCC,0.096358,0.041328,0.4696410663089002,0.1965188270301765,0.1790168005881504,GPR
0.137143,2.1071,33.3333,20,FCC,0.087005,0.033762,0.5243039847391655,0.2163199951475159,0.1943066440931763,GPR
0.147857,2.1071,33.3333,20,FCC,0.079163,0.02889,0.5847260058382591,0.2380301332969348,0.2104105791649196,GPR
0.158571,2.1071,33.3333,20,FCC,0.071665,0.025421,0.6517299791754321,0.2622353623203156,0.2274619707900609,GPR
0.169286,2.1071,33.3333,20,FCC,0.064978,0.022793,0.7261657566529944,0.2896509851261112,0.2456052424974568,GPR
0.18,2.1071,33.3333,20,FCC,0.059451,0.020715,0.808840368709163,0.3210547697601771,0.2649826641710379,GPR
0.03,2.2857,33.3333,20,FCC,0.365291,0.418065,0.1374801134742816,0.0632812463452137,0.0637868067677611,GPR
0.040714,2.2857,33.3333,20,FCC,0.30633,0.400289,0.1649879445678289,0.0754201784422323,0.0752047928127203,GPR
0.051429,2.2857,33.3333,20,FCC,0.267291,0.416247,0.1942135868811069,0.0880541207830709,0.0868989325644335,GPR
0.062143,2.2857,33.3333,20,FCC,0.235184,0.424716,0.2253606054408146,0.1012346967659918,0.0988898714618153,GPR
0.072857,2.2857,33.3333,20,FCC,0.204152,0.394814,0.2586631025509222,0.1150417828998232,0.1112028391470513,GPR
0.083571,2.2857,33.3333,20,FCC,0.181899,0.341336,0.2943956970696346,0.1295571782350305,0.123867149400178,GPR
0.094286,2.2857,33.3333,20,FCC,0.164044,0.283516,0.3328996620684367,0.1448598699314488,0.1369224581143723,GPR
0.105,2.2857,33.3333,20,FCC,0.146451,0.224231,0.3745849046816351,0.1610305599164179,0.1504175003481171,GPR
0.115714,2.2857,33.3333,20,FCC,0.131218,0.159498,0.4199627859869457,0.1781871535626104,0.1644203397994739,GPR
0.126429,2.2857,33.3333,20,FCC,0.119688,0.090131,0.4696410663089002,0.1965188270301765,0.1790168005881504,GPR
0.137143,2.2857,33.3333,20,FCC,0.109424,0.055854,0.5243039847391655,0.2163199951475159,0.1943066440931763,GPR
0.147857,2.2857,33.3333,20,FCC,0.09919,0.041988,0.5847260058382591,0.2380301332969348,0.2104105791649196,GPR
0.158571,2.2857,33.3333,20,FCC,0.09035,0.034457,0.6517299791754321,0.2622353623203156,0.2274619707900609,GPR
0.169286,2.2857,33.3333,20,FCC,0.083268,0.029588,0.7261657566529944,0.2896509851261112,0.2456052424974568,GPR
0.18,2.2857,33.3333,20,FCC,0.076859,0.026115,0.808840368709163,0.3210547697601771,0.2649826641710379,GPR
0.03,2.4643,33.3333,20,FCC,0.399972,0.792905,0.1374801134742816,0.0632812463452137,0.0637868067677611,GPR
0.040714,2.4643,33.3333,20,FCC,0.347557,0.56563,0.1649879445678289,0.0754201784422323,0.0752047928127203,GPR
0.051429,2.4643,33.3333,20,FCC,0.299417,0.390268,0.1942135868811069,0.0880541207830709,0.0868989325644335,GPR
0.062143,2.4643,33.3333,20,FCC,0.266924,0.426852,0.2253606054408146,0.1012346967659918,0.0988898714618153,GPR
0.072857,2.4643,33.3333,20,FCC,0.239719,0.4908,0.2586631025509222,0.1150417828998232,0.1112028391470513,GPR
0.083571,2.4643,33.3333,20,FCC,0.212182,0.403937,0.2943956970696346,0.1295571782350305,0.123867149400178,GPR
0.094286,2.4643,33.3333,20,FCC,0.190105,0.328891,0.3328996620684367,0.1448598699314488,0.1369224581143723,GPR
0.105,2.4643,33.3333,20,FCC,0.173675,0.29526,0.3745849046816351,0.1610305599164179,0.1504175003481171,GPR
0.115714,2.4643,33.3333,20,FCC,0.158907,0.261824,0.4199627859869457,0.1781871535626104,0.1644203397994739,GPR
0.126429,2.4643,33.3333,20,FCC,0.143775,0.216988,0.4696410663089002,0.1965188270301765,0.1790168005881504,GPR
0.137143,2.4643,33.3333,20,FCC,0.130763,0.161737,0.5243039847391655,0.2163199951475159,0.1943066440931763,GPR
0.147857,2.4643,33.3333,20,FCC,0.12077,0.098323,0.5847260058382591,0.2380301332969348,0.2104105791649196,GPR
0.158571,2.4643,33.3333,20,FCC,0.112013,0.06014,0.6517299791754321,0.2622353623203156,0.2274619707900609,GPR
0.169286,2.4643,33.3333,20,FCC,0.10325,0.044452,0.7261657566529944,0.2896509851261112,0.2456052424974568,GPR
0.18,2.4643,33.3333,20,FCC,0.094706,0.036201,0.808840368709163,0.3210547697601771,0.2649826641710379,GPR
0.03,2.6429,33.3333,20,FCC,0.42944,0.38641,0.1374801134742816,0.0632812463452137,0.0637868067677611,GPR
0.040714,2.6429,33.3333,20,FCC,0.382499,0.506667,0.1649879445678289,0.0754201784422323,0.0752047928127203,GPR
0.051429,2.6429,33.3333,20,FCC,0.337281,0.681352,0.1942135868811069,0.0880541207830709,0.0868989325644335,GPR
0.062143,2.6429,33.3333,20,FCC,0.296762,0.380456,0.2253606054408146,0.1012346967659918,0.0988898714618153,GPR
0.072857,2.6429,33.3333,20,FCC,0.268621,0.482072,0.2586631025509222,0.1150417828998232,0.1112028391470513,GPR
0.083571,2.6429,33.3333,20,FCC,0.245096,0.481431,0.2943956970696346,0.1295571782350305,0.123867149400178,GPR
0.094286,2.6429,33.3333,20,FCC,0.221575,0.345996,0.3328996620684367,0.1448598699314488,0.1369224581143723,GPR
0.105,2.6429,33.3333,20,FCC,0.199239,0.38152,0.3745849046816351,0.1610305599164179,0.1504175003481171,GPR
0.115714,2.6429,33.3333,20,FCC,0.182857,0.357653,0.4199627859869457,0.1781871535626104,0.1644203397994739,GPR
0.126429,2.6429,33.3333,20,FCC,0.169515,0.290711,0.4696410663089002,0.1965188270301765,0.1790168005881504,GPR
0.137143,2.6429,33.3333,20,FCC,0.156915,0.255744,0.5243039847391655,0.2163199951475159,0.1943066440931763,GPR
0.147857,2.6429,33.3333,20,FCC,0.143738,0.219804,0.5847260058382591,0.2380301332969348,0.2104105791649196,GPR
0.158571,2.6429,33.3333,20,FCC,0.131999,0.17277,0.6517299791754321,0.2622353623203156,0.2274619707900609,GPR
0.169286,2.6429,33.3333,20,FCC,0.122917,0.116342,0.7261657566529944,0.2896509851261112,0.2456052424974568,GPR
0.18,2.6429,33.3333,20,FCC,0.115201,0.070099,0.808840368709163,0.3210547697601771,0.2649826641710379,GPR
0.03,2.8214,33.3333,20,FCC,0.457026,0.611933,0.1374801134742816,0.0632812463452137,0.0637868067677611,GPR
0.040714,2.8214,33.3333,20,FCC,0.410674,0.574237,0.1649879445678289,0.0754201784422323,0.0752047928127203,GPR
0.051429,2.8214,33.3333,20,FCC,0.37159,0.399119,0.1942135868811069,0.0880541207830709,0.0868989325644335,GPR
0.062143,2.8214,33.3333,20,FCC,0.332146,0.718529,0.2253606054408146,0.1012346967659918,0.0988898714618153,GPR
0.072857,2.8214,33.3333,20,FCC,0.296741,0.36499,0.2586631025509222,0.1150417828998232,0.1112028391470513,GPR
0.083571,2.8214,33.3333,20,FCC,0.271602,0.584787,0.2943956970696346,0.1295571782350305,0.123867149400178,GPR
0.094286,2.8214,33.3333,20,FCC,0.250774,0.379873,0.3328996620684367,0.1448598699314488,0.1369224581143723,GPR
0.105,2.8214,33.3333,20,FCC,0.230913,0.422737,0.3745849046816351,0.1610305599164179,0.1504175003481171,GPR
0.115714,2.8214,33.3333,20,FCC,0.209919,0.403663,0.4199627859869457,0.1781871535626104,0.1644203397994739,GPR
0.126429,2.8214,33.3333,20,FCC,0.19239,0.324356,0.4696410663089002,0.1965188270301765,0.1790168005881504,GPR
0.137143,2.8214,33.3333,20,FCC,0.17915,0.359285,0.5243039847391655,0.2163199951475159,0.1943066440931763,GPR
0.147857,2.8214,33.3333,20,FCC,0.167831,0.291085,0.5847260058382591,0.2380301332969348,0.2104105791649196,GPR
0.158571,2.8214,33.3333,20,FCC,0.156974,0.25775,0.6517299791754321,0.2622353623203156,0.2274619707900609,GPR
0.169286,2.8214,33.3333,20,FCC,0.145493,0.23191,0.7261657566529944,0.2896509851261112,0.2456052424974568,GPR
0.18,2.8214,33.3333,20,FCC,0.134519,0.190301,0.808840368709163,0.3210547697601771,0.2649826641710379,GPR
0.03,3.0,33.3333,20,FCC,0.485188,0.705695,0.1374801134742816,0.0632812463452137,0.0637868067677611,GPR
0.040714,3.0,33.3333,20,FCC,0.436244,0.374067,0.1649879445678289,0.0754201784422323,0.0752047928127203,GPR
0.051429,3.0,33.3333,20,FCC,0.398468,0.79657,0.1942135868811069,0.0880541207830709,0.0868989325644335,GPR
0.062143,3.0,33.3333,20,FCC,0.365001,0.365838,0.2253606054408146,0.1012346967659918,0.0988898714618153,GPR
0.072857,3.0,33.3333,20,FCC,0.33047,0.722017,0.2586631025509222,0.1150417828998232,0.1112028391470513,GPR
0.083571,3.0,33.3333,20,FCC,0.298521,0.362264,0.2943956970696346,0.1295571782350305,0.123867149400178,GPR
0.094286,3.0,33.3333,20,FCC,0.27543,0.620062,0.3328996620684367,0.1448598699314488,0.1369224581143723,GPR
0.105,3.0,33.3333,20,FCC,0.256547,0.353403,0.3745849046816351,0.1610305599164179,0.1504175003481171,GPR
0.115714,3.0,33.3333,20,FCC,0.239284,0.526898,0.4199627859869457,0.1781871535626104,0.1644203397994739,GPR
0.126429,3.0,33.3333,20,FCC,0.221477,0.335509,0.4696410663089002,0.1965188270301765,0.1790168005881504,GPR
0.137143,3.0,33.3333,20,FCC,0.203233,0.444985,0.5243039847391655,0.2163199951475159,0.1943066440931763,GPR
0.147857,3.0,33.3333,20,FCC,0.188864,0.310259,0.5847260058382591,0.2380301332969348,0.2104105791649196,GPR
0.158571,3.0,33.3333,20,FCC,0.177585,0.361184,0.6517299791754321,0.2622353623203156,0.2274619707900609,GPR
0.169286,3.0,33.3333,20,FCC,0.167736,0.285691,0.7261657566529944,0.2896509851261112,0.2456052424974568,GPR
0.18,3.0,33.3333,20,FCC,0.158318,0.271868,0.808840368709163,0.3210547697601771,0.2649826641710379,GPR
0.03,0.5,36.6667,20,FCC,0.01356,0.014058,0.1374801134742816,0.0632812463452137,0.0637868067677611,GPR
0.040714,0.5,36.6667,20,FCC,0.010356,0.010841,0.1649879445678289,0.0754201784422323,0.0752047928127203,GPR
0.051429,0.5,36.6667,20,FCC,0.008382,0.008823,0.1942135868811069,0.0880541207830709,0.0868989325644335,GPR
0.062143,0.5,36.6667,20,FCC,0.007042,0.007438,0.2253606054408146,0.1012346967659918,0.0988898714618153,GPR
0.072857,0.5,36.6667,20,FCC,0.006073,0.006429,0.2586631025509222,0.1150417828998232,0.1112028391470513,GPR
0.083571,0.5,36.6667,20,FCC,0.005338,0.005661,0.2943956970696346,0.1295571782350305,0.123867149400178,GPR
0.094286,0.5,36.6667,20,FCC,0.004762,0.005057,0.3328996620684367,0.1448598699314488,0.1369224581143723,GPR
0.105,0.5,36.6667,20,FCC,0.004299,0.004569,0.3745849046816351,0.1610305599164179,0.1504175003481171,GPR
0.115714,0.5,36.6667,20,FCC,0.003917,0.004168,0.4199627859869457,0.1781871535626104,0.1644203397994739,GPR
0.126429,0.5,36.6667,20,FCC,0.003598,0.003831,0.4696410663089002,0.1965188270301765,0.1790168005881504,GPR
0.137143,0.5,36.6667,20,FCC,0.003327,0.003544,0.5243039847391655,0.2163199951475159,0.1943066440931763,GPR
0.147857,0.5,36.6667,20,FCC,0.003094,0.003298,0.5847260058382591,0.2380301332969348,0.2104105791649196,GPR
0.158571,0.5,36.6667,20,FCC,0.002892,0.003083,0.6517299791754321,0.2622353623203156,0.2274619707900609,GPR
0.169286,0.5,36.6667,20,FCC,0.002714,0.002895,0.7261657566529944,0.2896509851261112,0.2456052424974568,GPR
0.18,0.5,36.6667,20,FCC,0.002557,0.002728,0.808840368709163,0.3210547697601771,0.2649826641710379,GPR
0.03,0.6786,36.6667,20,FCC,0.019073,0.018219,0.1374801134742816,0.0632812463452137,0.0637868067677611,GPR
0.040714,0.6786,36.6667,20,FCC,0.014228,0.014113,0.1649879445678289,0.0754201784422323,0.0752047928127203,GPR
0.051429,0.6786,36.6667,20,FCC,0.011411,0.011524,0.1942135868811069,0.0880541207830709,0.0868989325644335,GPR
0.062143,0.6786,36.6667,20,FCC,0.009544,0.00974,0.2253606054408146,0.1012346967659918,0.0988898714618153,GPR
0.072857,0.6786,36.6667,20,FCC,0.00821,0.008435,0.2586631025509222,0.1150417828998232,0.1112028391470513,GPR
0.083571,0.6786,36.6667,20,FCC,0.007206,0.007439,0.2943956970696346,0.1295571782350305,0.123867149400178,GPR
0.094286,0.6786,36.6667,20,FCC,0.006423,0.006654,0.3328996620684367,0.1448598699314488,0.1369224581143723,GPR
0.105,0.6786,36.6667,20,FCC,0.005794,0.006019,0.3745849046816351,0.1610305599164179,0.1504175003481171,GPR
0.115714,0.6786,36.6667,20,FCC,0.005278,0.005494,0.4199627859869457,0.1781871535626104,0.1644203397994739,GPR
0.126429,0.6786,36.6667,20,FCC,0.004846,0.005054,0.4696410663089002,0.1965188270301765,0.1790168005881504,GPR
0.137143,0.6786,36.6667,20,FCC,0.00448,0.004679,0.5243039847391655,0.2163199951475159,0.1943066440931763,GPR
0.147857,0.6786,36.6667,20,FCC,0.004166,0.004356,0.5847260058382591,0.2380301332969348,0.2104105791649196,GPR
0.158571,0.6786,36.6667,20,FCC,0.003893,0.004075,0.6517299791754321,0.2622353623203156,0.2274619707900609,GPR
0.169286,0.6786,36.6667,20,FCC,0.003653,0.003827,0.7261657566529944,0.2896509851261112,0.2456052424974568,GPR
0.18,0.6786,36.6667,20,FCC,0.003441,0.003608,0.808840368709163,0.3210547697601771,0.2649826641710379,GPR
0.03,0.8571,36.6667,20,FCC,0.029595,0.022868,0.1374801134742816,0.0632812463452137,0.0637868067677611,GPR
0.040714,0.8571,36.6667,20,FCC,0.020077,0.017628,0.1649879445678289,0.0754201784422323,0.0752047928127203,GPR
0.051429,0.8571,36.6667,20,FCC,0.015297,0.014369,0.1942135868811069,0.0880541207830709,0.0868989325644335,GPR
0.062143,0.8571,36.6667,20,FCC,0.012495,0.012137,0.2253606054408146,0.1012346967659918,0.0988898714618153,GPR
0.072857,0.8571,36.6667,20,FCC,0.010614,0.010509,0.2586631025509222,0.1150417828998232,0.1112028391470513,GPR
0.083571,0.8571,36.6667,20,FCC,0.009246,0.009268,0.2943956970696346,0.1295571782350305,0.123867149400178,GPR
0.094286,0.8571,36.6667,20,FCC,0.0082,0.00829,0.3328996620684367,0.1448598699314488,0.1369224581143723,GPR
0.105,0.8571,36.6667,20,FCC,0.007372,0.0075,0.3745849046816351,0.1610305599164179,0.1504175003481171,GPR
0.115714,0.8571,36.6667,20,FCC,0.006698,0.006847,0.4199627859869457,0.1781871535626104,0.1644203397994739,GPR
0.126429,0.8571,36.6667,20,FCC,0.006138,0.006299,0.4696410663089002,0.1965188270301765,0.1790168005881504,GPR
0.137143,0.8571,36.6667,20,FCC,0.005666,0.005833,0.5243039847391655,0.2163199951475159,0.1943066440931763,GPR
0.147857,0.8571,36.6667,20,FCC,0.005262,0.005431,0.5847260058382591,0.2380301332969348,0.2104105791649196,GPR
0.158571,0.8571,36.6667,20,FCC,0.004912,0.005081,0.6517299791754321,0.2622353623203156,0.2274619707900609,GPR
0.169286,0.8571,36.6667,20,FCC,0.004606,0.004773,0.7261657566529944,0.2896509851261112,0.2456052424974568,GPR
0.18,0.8571,36.6667,20,FCC,0.004336,0.0045,0.808840368709163,0.3210547697601771,0.2649826641710379,GPR
0.03,1.0357,36.6667,20,FCC,0.04871,0.02877,0.1374801134742816,0.0632812463452137,0.0637868067677611,GPR
0.040714,1.0357,36.6667,20,FCC,0.032505,0.021775,0.1649879445678289,0.0754201784422323,0.0752047928127203,GPR
0.051429,1.0357,36.6667,20,FCC,0.023025,0.017602,0.1942135868811069,0.0880541207830709,0.0868989325644335,GPR
0.062143,1.0357,36.6667,20,FCC,0.017403,0.014799,0.2253606054408146,0.1012346967659918,0.0988898714618153,GPR
0.072857,1.0357,36.6667,20,FCC,0.014055,0.012779,0.2586631025509222,0.1150417828998232,0.1112028391470513,GPR
0.083571,1.0357,36.6667,20,FCC,0.011913,0.01125,0.2943956970696346,0.1295571782350305,0.123867149400178,GPR
0.094286,1.0357,36.6667,20,FCC,0.010399,0.010051,0.3328996620684367,0.1448598699314488,0.1369224581143723,GPR
0.105,1.0357,36.6667,20,FCC,0.009254,0.009084,0.3745849046816351,0.1610305599164179,0.1504175003481171,GPR
0.115714,1.0357,36.6667,20,FCC,0.00835,0.008288,0.4199627859869457,0.1781871535626104,0.1644203397994739,GPR
0.126429,1.0357,36.6667,20,FCC,0.007614,0.007621,0.4696410663089002,0.1965188270301765,0.1790168005881504,GPR
0.137143,1.0357,36.6667,20,FCC,0.007001,0.007054,0.5243039847391655,0.2163199951475159,0.1943066440931763,GPR
0.147857,1.0357,36.6667,20,FCC,0.006483,0.006566,0.5847260058382591,0.2380301332969348,0.2104105791649196,GPR
0.158571,1.0357,36.6667,20,FCC,0.006037,0.006141,0.6517299791754321,0.2622353623203156,0.2274619707900609,GPR
0.169286,1.0357,36.6667,20,FCC,0.00565,0.005768,0.7261657566529944,0.2896509851261112,0.2456052424974568,GPR
0.18,1.0357,36.6667,20,FCC,0.005311,0.005438,0.808840368709163,0.3210547697601771,0.2649826641710379,GPR
0.03,1.2143,36.6667,20,FCC,0.073931,0.037464,0.1374801134742816,0.0632812463452137,0.0637868067677611,GPR
0.040714,1.2143,36.6667,20,FCC,0.051613,0.027122,0.1649879445678289,0.0754201784422323,0.0752047928127203,GPR
0.051429,1.2143,36.6667,20,FCC,0.037327,0.021505,0.1942135868811069,0.0880541207830709,0.0868989325644335,GPR
0.062143,1.2143,36.6667,20,FCC,0.027796,0.017895,0.2253606054408146,0.1012346967659918,0.0988898714618153,GPR
0.072857,1.2143,36.6667,20,FCC,0.021307,0.015355,0.2586631025509222,0.1150417828998232,0.1112028391470513,GPR
0.083571,1.2143,36.6667,20,FCC,0.016891,0.013461,0.2943956970696346,0.1295571782350305,0.123867149400178,GPR
0.094286,1.2143,36.6667,20,FCC,0.013935,0.011991,0.3328996620684367,0.1448598699314488,0.1369224581143723,GPR
0.105,1.2143,36.6667,20,FCC,0.011953,0.010814,0.3745849046816351,0.1610305599164179,0.1504175003481171,GPR
0.115714,1.2143,36.6667,20,FCC,0.010548,0.009851,0.4199627859869457,0.1781871535626104,0.1644203397994739,GPR
0.126429,1.2143,36.6667,20,FCC,0.009483,0.009046,0.4696410663089002,0.1965188270301765,0.1790168005881504,GPR
0.137143,1.2143,36.6667,20,FCC,0.008635,0.008364,0.5243039847391655,0.2163199951475159,0.1943066440931763,GPR
0.147857,1.2143,36.6667,20,FCC,0.007939,0.007779,0.5847260058382591,0.2380301332969348,0.2104105791649196,GPR
0.158571,1.2143,36.6667,20,FCC,0.007354,0.00727,0.6517299791754321,0.2622353623203156,0.2274619707900609,GPR
0.169286,1.2143,36.6667,20,FCC,0.006854,0.006825,0.7261657566529944,0.2896509851261112,0.2456052424974568,GPR
0.18,1.2143,36.6667,20,FCC,0.006421,0.006431,0.808840368709163,0.3210547697601771,0.2649826641710379,GPR
0.03,1.3929,36.6667,20,FCC,0.103118,0.054323,0.1374801134742816,0.0632812463452137,0.0637868067677611,GPR
0.040714,1.3929,36.6667,20,FCC,0.075248,0.03501,0.1649879445678289,0.0754201784422323,0.0752047928127203,GPR
0.051429,1.3929,36.6667,20,FCC,0.05654,0.026635,0.1942135868811069,0.0880541207830709,0.0868989325644335,GPR
0.062143,1.3929,36.6667,20,FCC,0.043392,0.021715,0.2253606054408146,0.1012346967659918,0.0988898714618153,GPR
0.072857,1.3929,36.6667,20,FCC,0.03386,0.01841,0.2586631025509222,0.1150417828998232,0.1112028391470513,GPR
0.083571,1.3929,36.6667,20,FCC,0.026811,0.016015,0.2943956970696346,0.1295571782350305,0.123867149400178,GPR
0.094286,1.3929,36.6667,20,FCC,0.021546,0.014189,0.3328996620684367,0.1448598699314488,0.1369224581143723,GPR
0.105,1.3929,36.6667,20,FCC,0.017611,0.012747,0.3745849046816351,0.1610305599164179,0.1504175003481171,GPR
0.115714,1.3929,36.6667,20,FCC,0.014701,0.011577,0.4199627859869457,0.1781871535626104,0.1644203397994739,GPR
0.126429,1.3929,36.6667,20,FCC,0.012589,0.010607,0.4696410663089002,0.1965188270301765,0.1790168005881504,GPR
0.137143,1.3929,36.6667,20,FCC,0.011072,0.009789,0.5243039847391655,0.2163199951475159,0.1943066440931763,GPR
0.147857,1.3929,36.6667,20,FCC,0.00995,0.00909,0.5847260058382591,0.2380301332969348,0.2104105791649196,GPR
0.158571,1.3929,36.6667,20,FCC,0.009078,0.008486,0.6517299791754321,0.2622353623203156,0.2274619707900609,GPR
0.169286,1.3929,36.6667,20,FCC,0.008371,0.007957,0.7261657566529944,0.2896509851261112,0.2456052424974568,GPR
0.18,1.3929,36.6667,20,FCC,0.00778,0.007491,0.808840368709163,0.3210547697601771,0.2649826641710379,GPR
0.03,1.5714,36.6667,20,FCC,0.135275,0.121608,0.1374801134742816,0.0632812463452137,0.0637868067677611,GPR
0.040714,1.5714,36.6667,20,FCC,0.102067,0.050035,0.1649879445678289,0.0754201784422323,0.0752047928127203,GPR
0.051429,1.5714,36.6667,20,FCC,0.079319,0.03436,0.1942135868811069,0.0880541207830709,0.0868989325644335,GPR
0.062143,1.5714,36.6667,20,FCC,0.062801,0.026862,0.2253606054408146,0.1012346967659918,0.0988898714618153,GPR
0.072857,1.5714,36.6667,20,FCC,0.050324,0.022271,0.2586631025509222,0.1150417828998232,0.1112028391470513,GPR
0.083571,1.5714,36.6667,20,FCC,0.040798,0.01911,0.2943956970696346,0.1295571782350305,0.123867149400178,GPR
0.094286,1.5714,36.6667,20,FCC,0.033402,0.016777,0.3328996620684367,0.1448598699314488,0.1369224581143723,GPR
0.105,1.5714,36.6667,20,FCC,0.02756,0.014975,0.3745849046816351,0.1610305599164179,0.1504175003481171,GPR
0.115714,1.5714,36.6667,20,FCC,0.022918,0.013534,0.4199627859869457,0.1781871535626104,0.1644203397994739,GPR
0.126429,1.5714,36.6667,20,FCC,0.019223,0.012354,0.4696410663089002,0.1965188270301765,0.1790168005881504,GPR
0.137143,1.5714,36.6667,20,FCC,0.016288,0.011369,0.5243039847391655,0.2163199951475159,0.1943066440931763,GPR
0.147857,1.5714,36.6667,20,FCC,0.013976,0.010532,0.5847260058382591,0.2380301332969348,0.2104105791649196,GPR
0.158571,1.5714,36.6667,20,FCC,0.012185,0.009812,0.6517299791754321,0.2622353623203156,0.2274619707900609,GPR
0.169286,1.5714,36.6667,20,FCC,0.010822,0.009186,0.7261657566529944,0.2896509851261112,0.2456052424974568,GPR
0.18,1.5714,36.6667,20,FCC,0.009788,0.008636,0.808840368709163,0.3210547697601771,0.2649826641710379,GPR
0.03,1.75,36.6667,20,FCC,0.169689,0.272325,0.1374801134742816,0.0632812463452137,0.0637868067677611,GPR
0.040714,1.75,36.6667,20,FCC,0.131646,0.106557,0.1649879445678289,0.0754201784422323,0.0752047928127203,GPR
0.051429,1.75,36.6667,20,FCC,0.104511,0.049525,0.1942135868811069,0.0880541207830709,0.0868989325644335,GPR
0.062143,1.75,36.6667,20,FCC,0.085108,0.034893,0.2253606054408146,0.1012346967659918,0.0988898714618153,GPR
0.072857,1.75,36.6667,20,FCC,0.069661,0.027646,0.2586631025509222,0.1150417828998232,0.1112028391470513,GPR
0.083571,1.75,36.6667,20,FCC,0.057869,0.023135,0.2943956970696346,0.1295571782350305,0.123867149400178,GPR
0.094286,1.75,36.6667,20,FCC,0.048394,0.019994,0.3328996620684367,0.1448598699314488,0.1369224581143723,GPR
0.105,1.75,36.6667,20,FCC,0.040717,0.017655,0.3745849046816351,0.1610305599164179,0.1504175003481171,GPR
0.115714,1.75,36.6667,20,FCC,0.034492,0.015834,0.4199627859869457,0.1781871535626104,0.1644203397994739,GPR
0.126429,1.75,36.6667,20,FCC,0.029322,0.01437,0.4696410663089002,0.1965188270301765,0.1790168005881504,GPR
0.137143,1.75,36.6667,20,FCC,0.025063,0.013164,0.5243039847391655,0.2163199951475159,0.1943066440931763,GPR
0.147857,1.75,36.6667,20,FCC,0.021509,0.012151,0.5847260058382591,0.2380301332969348,0.2104105791649196,GPR
0.158571,1.75,36.6667,20,FCC,0.018553,0.011288,0.6517299791754321,0.2622353623203156,0.2274619707900609,GPR
0.169286,1.75,36.6667,20,FCC,0.016097,0.010542,0.7261657566529944,0.2896509851261112,0.2456052424974568,GPR
0.18,1.75,36.6667,20,FCC,0.014066,0.00989,0.808840368709163,0.3210547697601771,0.2649826641710379,GPR
0.03,1.9286,36.6667,20,FCC,0.202649,0.37349,0.1374801134742816,0.0632812463452137,0.0637868067677611,GPR
0.040714,1.9286,36.6667,20,FCC,0.162639,0.255614,0.1649879445678289,0.0754201784422323,0.0752047928127203,GPR
0.051429,1.9286,36.6667,20,FCC,0.132117,0.110484,0.1942135868811069,0.0880541207830709,0.0868989325644335,GPR
0.062143,1.9286,36.6667,20,FCC,0.109195,0.05181,0.2253606054408146,0.1012346967659918,0.0988898714618153,GPR
0.072857,1.9286,36.6667,20,FCC,0.091496,0.036479,0.2586631025509222,0.1150417828998232,0.1112028391470513,GPR
0.083571,1.9286,36.6667,20,FCC,0.077256,0.028973,0.2943956970696346,0.1295571782350305,0.123867149400178,GPR
0.094286,1.9286,36.6667,20,FCC,0.065821,0.024321,0.3328996620684367,0.1448598699314488,0.1369224581143723,GPR
0.105,1.9286,36.6667,20,FCC,0.056421,0.021084,0.3745849046816351,0.1610305599164179,0.1504175003481171,GPR
0.115714,1.9286,36.6667,20,FCC,0.048571,0.018672,0.4199627859869457,0.1781871535626104,0.1644203397994739,GPR
0.126429,1.9286,36.6667,20,FCC,0.042059,0.016791,0.4696410663089002,0.1965188270301765,0.1790168005881504,GPR
0.137143,1.9286,36.6667,20,FCC,0.03648,0.015276,0.5243039847391655,0.2163199951475159,0.1943066440931763,GPR
0.147857,1.9286,36.6667,20,FCC,0.031803,0.014025,0.5847260058382591,0.2380301332969348,0.2104105791649196,GPR
0.158571,1.9286,36.6667,20,FCC,0.027755,0.012972,0.6517299791754321,0.2622353623203156,0.2274619707900609,GPR
0.169286,1.9286,36.6667,20,FCC,0.02432,0.012072,0.7261657566529944,0.2896509851261112,0.2456052424974568,GPR
0.18,1.9286,36.6667,20,FCC,0.021345,0.011293,0.808840368709163,0.3210547697601771,0.2649826641710379,GPR
0.03,2.1071,36.6667,20,FCC,0.238513,0.39258,0.1374801134742816,0.0632812463452137,0.0637868067677611,GPR
0.040714,2.1071,36.6667,20,FCC,0.19362,0.350816,0.1649879445678289,0.0754201784422323,0.0752047928127203,GPR
0.051429,2.1071,36.6667,20,FCC,0.161077,0.254587,0.1942135868811069,0.0880541207830709,0.0868989325644335,GPR
0.062143,2.1071,36.6667,20,FCC,0.134791,0.129382,0.2253606054408146,0.1012346967659918,0.0988898714618153,GPR
0.072857,2.1071,36.6667,20,FCC,0.115403,0.057463,0.2586631025509222,0.1150417828998232,0.1112028391470513,GPR
0.083571,2.1071,36.6667,20,FCC,0.098192,0.039307,0.2943956970696346,0.1295571782350305,0.123867149400178,GPR
0.094286,2.1071,36.6667,20,FCC,0.085512,0.030945,0.3328996620684367,0.1448598699314488,0.1369224581143723,GPR
0.105,2.1071,36.6667,20,FCC,0.073949,0.025897,0.3745849046816351,0.1610305599164179,0.1504175003481171,GPR
0.115714,2.1071,36.6667,20,FCC,0.06476,0.022432,0.4199627859869457,0.1781871535626104,0.1644203397994739,GPR
0.126429,2.1071,36.6667,20,FCC,0.056913,0.019869,0.4696410663089002,0.1965188270301765,0.1790168005881504,GPR
0.137143,2.1071,36.6667,20,FCC,0.049956,0.017879,0.5243039847391655,0.2163199951475159,0.1943066440931763,GPR
0.147857,2.1071,36.6667,20,FCC,0.044277,0.016279,0.5847260058382591,0.2380301332969348,0.2104105791649196,GPR
0.158571,2.1071,36.6667,20,FCC,0.039129,0.01496,0.6517299791754321,0.2622353623203156,0.2274619707900609,GPR
0.169286,2.1071,36.6667,20,FCC,0.03474,0.01385,0.7261657566529944,0.2896509851261112,0.2456052424974568,GPR
0.18,2.1071,36.6667,20,FCC,0.03092,0.012902,0.808840368709163,0.3210547697601771,0.2649826641710379,GPR
0.03,2.2857,36.6667,20,FCC,0.273043,0.419466,0.1374801134742816,0.0632812463452137,0.0637868067677611,GPR
0.040714,2.2857,36.6667,20,FCC,0.224416,0.451838,0.1649879445678289,0.0754201784422323,0.0752047928127203,GPR
0.051429,2.2857,36.6667,20,FCC,0.189994,0.333862,0.1942135868811069,0.0880541207830709,0.0868989325644335,GPR
0.062143,2.2857,36.6667,20,FCC,0.162778,0.264636,0.2253606054408146,0.1012346967659918,0.0988898714618153,GPR
0.072857,2.2857,36.6667,20,FCC,0.138841,0.160326,0.2586631025509222,0.1150417828998232,0.1112028391470513,GPR
0.083571,2.2857,36.6667,20,FCC,0.121966,0.069248,0.2943956970696346,0.1295571782350305,0.123867149400178,GPR
0.094286,2.2857,36.6667,20,FCC,0.105989,0.044004,0.3328996620684367,0.1448598699314488,0.1369224581143723,GPR
0.105,2.2857,36.6667,20,FCC,0.093167,0.033811,0.3745849046816351,0.1610305599164179,0.1504175003481171,GPR
0.115714,2.2857,36.6667,20,FCC,0.08297,0.027998,0.4199627859869457,0.1781871535626104,0.1644203397994739,GPR
0.126429,2.2857,36.6667,20,FCC,0.073164,0.024123,0.4696410663089002,0.1965188270301765,0.1790168005881504,GPR
0.137143,2.2857,36.6667,20,FCC,0.065255,0.021306,0.5243039847391655,0.2163199951475159,0.1943066440931763,GPR
0.147857,2.2857,36.6667,20,FCC,0.058581,0.019142,0.5847260058382591,0.2380301332969348,0.2104105791649196,GPR
0.158571,2.2857,36.6667,20,FCC,0.05223,0.017415,0.6517299791754321,0.2622353623203156,0.2274619707900609,GPR
0.169286,2.2857,36.6667,20,FCC,0.046936,0.015999,0.7261657566529944,0.2896509851261112,0.2456052424974568,GPR
0.18,2.2857,36.6667,20,FCC,0.042355,0.014811,0.808840368709163,0.3210547697601771,0.2649826641710379,GPR
0.03,2.4643,36.6667,20,FCC,0.301765,0.60288,0.1374801134742816,0.0632812463452137,0.0637868067677611,GPR
0.040714,2.4643,36.6667,20,FCC,0.258851,0.54667,0.1649879445678289,0.0754201784422323,0.0752047928127203,GPR
0.051429,2.4643,36.6667,20,FCC,0.217702,0.442327,0.1942135868811069,0.0880541207830709,0.0868989325644335,GPR
0.062143,2.4643,36.6667,20,FCC,0.189407,0.33741,0.2253606054408146,0.1012346967659918,0.0988898714618153,GPR
0.072857,2.4643,36.6667,20,FCC,0.166409,0.272202,0.2586631025509222,0.1150417828998232,0.1112028391470513,GPR
0.083571,2.4643,36.6667,20,FCC,0.144074,0.194794,0.2943956970696346,0.1295571782350305,0.123867149400178,GPR
0.094286,2.4643,36.6667,20,FCC,0.128293,0.095627,0.3328996620684367,0.1448598699314488,0.1369224581143723,GPR
0.105,2.4643,36.6667,20,FCC,0.114712,0.052256,0.3745849046816351,0.1610305599164179,0.1504175003481171,GPR
0.115714,2.4643,36.6667,20,FCC,0.101286,0.038126,0.4199627859869457,0.1781871535626104,0.1644203397994739,GPR
0.126429,2.4643,36.6667,20,FCC,0.091068,0.030883,0.4696410663089002,0.1965188270301765,0.1790168005881504,GPR
0.137143,2.4643,36.6667,20,FCC,0.082504,0.026305,0.5243039847391655,0.2163199951475159,0.1943066440931763,GPR
0.147857,2.4643,36.6667,20,FCC,0.073964,0.023079,0.5847260058382591,0.2380301332969348,0.2104105791649196,GPR
0.158571,2.4643,36.6667,20,FCC,0.066722,0.020649,0.6517299791754321,0.2622353623203156,0.2274619707900609,GPR
0.169286,2.4643,36.6667,20,FCC,0.060871,0.018735,0.7261657566529944,0.2896509851261112,0.2456052424974568,GPR
0.18,2.4643,36.6667,20,FCC,0.055279,0.01718,0.808840368709163,0.3210547697601771,0.2649826641710379,GPR
0.03,2.6429,36.6667,20,FCC,0.332058,0.508602,0.1374801134742816,0.0632812463452137,0.0637868067677611,GPR
0.040714,2.6429,36.6667,20,FCC,0.286022,0.524382,0.1649879445678289,0.0754201784422323,0.0752047928127203,GPR
0.051429,2.6429,36.6667,20,FCC,0.250626,0.498431,0.1942135868811069,0.0880541207830709,0.0868989325644335,GPR
0.062143,2.6429,36.6667,20,FCC,0.215143,0.43752,0.2253606054408146,0.1012346967659918,0.0988898714618153,GPR
0.072857,2.6429,36.6667,20,FCC,0.190656,0.363374,0.2586631025509222,0.1150417828998232,0.1112028391470513,GPR
0.083571,2.6429,36.6667,20,FCC,0.170953,0.289685,0.2943956970696346,0.1295571782350305,0.123867149400178,GPR
0.094286,2.6429,36.6667,20,FCC,0.15065,0.225619,0.3328996620684367,0.1448598699314488,0.1369224581143723,GPR
0.105,2.6429,36.6667,20,FCC,0.134669,0.143704,0.3745849046816351,0.1610305599164179,0.1504175003481171,GPR
0.115714,2.6429,36.6667,20,FCC,0.122567,0.069401,0.4199627859869457,0.1781871535626104,0.1644203397994739,GPR
0.126429,2.6429,36.6667,20,FCC,0.110813,0.045228,0.4696410663089002,0.1965188270301765,0.1790168005881504,GPR
0.137143,2.6429,36.6667,20,FCC,0.099347,0.035082,0.5243039847391655,0.2163199951475159,0.1943066440931763,GPR
0.147857,2.6429,36.6667,20,FCC,0.090658,0.029251,0.5847260058382591,0.2380301332969348,0.2104105791649196,GPR
0.158571,2.6429,36.6667,20,FCC,0.083316,0.02535,0.6517299791754321,0.2622353623203156,0.2274619707900609,GPR
0.169286,2.6429,36.6667,20,FCC,0.075893,0.022506,0.7261657566529944,0.2896509851261112,0.2456052424974568,GPR
0.18,2.6429,36.6667,20,FCC,0.068959,0.020315,0.808840368709163,0.3210547697601771,0.2649826641710379,GPR
0.03,2.8214,36.6667,20,FCC,0.365993,0.495881,0.1374801134742816,0.0632812463452137,0.0637868067677611,GPR
0.040714,2.8214,36.6667,20,FCC,0.312003,0.384687,0.1649879445678289,0.0754201784422323,0.0752047928127203,GPR
0.051429,2.8214,36.6667,20,FCC,0.276684,0.395193,0.1942135868811069,0.0880541207830709,0.0868989325644335,GPR
0.062143,2.8214,36.6667,20,FCC,0.246391,0.455068,0.2253606054408146,0.1012346967659918,0.0988898714618153,GPR
0.072857,2.8214,36.6667,20,FCC,0.215153,0.459759,0.2586631025509222,0.1150417828998232,0.1112028391470513,GPR
0.083571,2.8214,36.6667,20,FCC,0.193071,0.396673,0.2943956970696346,0.1295571782350305,0.123867149400178,GPR
0.094286,2.8214,36.6667,20,FCC,0.175765,0.328272,0.3328996620684367,0.1448598699314488,0.1369224581143723,GPR
0.105,2.8214,36.6667,20,FCC,0.158367,0.263115,0.3745849046816351,0.1610305599164179,0.1504175003481171,GPR
0.115714,2.8214,36.6667,20,FCC,0.141688,0.191858,0.4199627859869457,0.1781871535626104,0.1644203397994739,GPR
0.126429,2.8214,36.6667,20,FCC,0.129653,0.111197,0.4696410663089002,0.1965188270301765,0.1790168005881504,GPR
0.137143,2.8214,36.6667,20,FCC,0.119558,0.059222,0.5243039847391655,0.2163199951475159,0.1943066440931763,GPR
0.147857,2.8214,36.6667,20,FCC,0.109242,0.041855,0.5847260058382591,0.2380301332969348,0.2104105791649196,GPR
0.158571,2.8214,36.6667,20,FCC,0.099104,0.03351,0.6517299791754321,0.2622353623203156,0.2274619707900609,GPR
0.169286,2.8214,36.6667,20,FCC,0.091321,0.028415,0.7261657566529944,0.2896509851261112,0.2456052424974568,GPR
0.18,2.8214,36.6667,20,FCC,0.084876,0.024894,0.808840368709163,0.3210547697601771,0.2649826641710379,GPR
0.03,3.0,36.6667,20,FCC,0.39241,0.468665,0.1374801134742816,0.0632812463452137,0.0637868067677611,GPR
0.040714,3.0,36.6667,20,FCC,0.342105,0.790247,0.1649879445678289,0.0754201784422323,0.0752047928127203,GPR
0.051429,3.0,36.6667,20,FCC,0.300306,0.488858,0.1942135868811069,0.0880541207830709,0.0868989325644335,GPR
0.062143,3.0,36.6667,20,FCC,0.271183,0.364584,0.2253606054408146,0.1012346967659918,0.0988898714618153,GPR
0.072857,3.0,36.6667,20,FCC,0.244895,0.454775,0.2586631025509222,0.1150417828998232,0.1112028391470513,GPR
0.083571,3.0,36.6667,20,FCC,0.216976,0.485422,0.2943956970696346,0.1295571782350305,0.123867149400178,GPR
0.094286,3.0,36.6667,20,FCC,0.196301,0.369125,0.3328996620684367,0.1448598699314488,0.1369224581143723,GPR
0.105,3.0,36.6667,20,FCC,0.18061,0.305287,0.3745849046816351,0.1610305599164179,0.1504175003481171,GPR
0.115714,3.0,36.6667,20,FCC,0.165929,0.269962,0.4199627859869457,0.1781871535626104,0.1644203397994739,GPR
0.126429,3.0,36.6667,20,FCC,0.150061,0.227613,0.4696410663089002,0.1965188270301765,0.1790168005881504,GPR
0.137143,3.0,36.6667,20,FCC,0.136872,0.169457,0.5243039847391655,0.2163199951475159,0.1943066440931763,GPR
0.147857,3.0,36.6667,20,FCC,0.127028,0.095362,0.5847260058382591,0.2380301332969348,0.2104105791649196,GPR
0.158571,3.0,36.6667,20,FCC,0.118328,0.055077,0.6517299791754321,0.2622353623203156,0.2274619707900609,GPR
0.169286,3.0,36.6667,20,FCC,0.109287,0.040411,0.7261657566529944,0.2896509851261112,0.2456052424974568,GPR
0.18,3.0,36.6667,20,FCC,0.100059,0.032886,0.808840368709163,0.3210547697601771,0.2649826641710379,GPR
0.03,0.5,40.0,20,FCC,0.010354,0.01085,0.1374801134742816,0.0632812463452137,0.0637868067677611,GPR
0.040714,0.5,40.0,20,FCC,0.007933,0.008366,0.1649879445678289,0.0754201784422323,0.0752047928127203,GPR
0.051429,0.5,40.0,20,FCC,0.006432,0.006807,0.1942135868811069,0.0880541207830709,0.0868989325644335,GPR
0.062143,0.5,40.0,20,FCC,0.005409,0.005738,0.2253606054408146,0.1012346967659918,0.0988898714618153,GPR
0.072857,0.5,40.0,20,FCC,0.004667,0.004959,0.2586631025509222,0.1150417828998232,0.1112028391470513,GPR
0.083571,0.5,40.0,20,FCC,0.004104,0.004366,0.2943956970696346,0.1295571782350305,0.123867149400178,GPR
0.094286,0.5,40.0,20,FCC,0.003662,0.003899,0.3328996620684367,0.1448598699314488,0.1369224581143723,GPR
0.105,0.5,40.0,20,FCC,0.003306,0.003523,0.3745849046816351,0.1610305599164179,0.1504175003481171,GPR
0.115714,0.5,40.0,20,FCC,0.003013,0.003213,0.4199627859869457,0.1781871535626104,0.1644203397994739,GPR
0.126429,0.5,40.0,20,FCC,0.002768,0.002953,0.4696410663089002,0.1965188270301765,0.1790168005881504,GPR
0.137143,0.5,40.0,20,FCC,0.00256,0.002732,0.5243039847391655,0.2163199951475159,0.1943066440931763,GPR
0.147857,0.5,40.0,20,FCC,0.002381,0.002542,0.5847260058382591,0.2380301332969348,0.2104105791649196,GPR
0.158571,0.5,40.0,20,FCC,0.002225,0.002376,0.6517299791754321,0.2622353623203156,0.2274619707900609,GPR
0.169286,0.5,40.0,20,FCC,0.002089,0.002231,0.7261657566529944,0.2896509851261112,0.2456052424974568,GPR
0.18,0.5,40.0,20,FCC,0.001968,0.002103,0.808840368709163,0.3210547697601771,0.2649826641710379,GPR
0.03,0.6786,40.0,20,FCC,0.013893,0.013882,0.1374801134742816,0.0632812463452137,0.0637868067677611,GPR
0.040714,0.6786,40.0,20,FCC,0.010599,0.010793,0.1649879445678289,0.0754201784422323,0.0752047928127203,GPR
0.051429,0.6786,40.0,20,FCC,0.008586,0.00883,0.1942135868811069,0.0880541207830709,0.0868989325644335,GPR
0.062143,0.6786,40.0,20,FCC,0.007222,0.007471,0.2253606054408146,0.1012346967659918,0.0988898714618153,GPR
0.072857,0.6786,40.0,20,FCC,0.006234,0.006475,0.2586631025509222,0.1150417828998232,0.1112028391470513,GPR
0.083571,0.6786,40.0,20,FCC,0.005485,0.005714,0.2943956970696346,0.1295571782350305,0.123867149400178,GPR
0.094286,0.6786,40.0,20,FCC,0.004897,0.005113,0.3328996620684367,0.1448598699314488,0.1369224581143723,GPR
0.105,0.6786,40.0,20,FCC,0.004423,0.004626,0.3745849046816351,0.1610305599164179,0.1504175003481171,GPR
0.115714,0.6786,40.0,20,FCC,0.004033,0.004224,0.4199627859869457,0.1781871535626104,0.1644203397994739,GPR
0.126429,0.6786,40.0,20,FCC,0.003706,0.003886,0.4696410663089002,0.1965188270301765,0.1790168005881504,GPR
0.137143,0.6786,40.0,20,FCC,0.003429,0.003598,0.5243039847391655,0.2163199951475159,0.1943066440931763,GPR
0.147857,0.6786,40.0,20,FCC,0.00319,0.00335,0.5847260058382591,0.2380301332969348,0.2104105791649196,GPR
0.158571,0.6786,40.0,20,FCC,0.002982,0.003134,0.6517299791754321,0.2622353623203156,0.2274619707900609,GPR
0.169286,0.6786,40.0,20,FCC,0.0028,0.002944,0.7261657566529944,0.2896509851261112,0.2456052424974568,GPR
0.18,0.6786,40.0,20,FCC,0.002638,0.002776,0.808840368709163,0.3210547697601771,0.2649826641710379,GPR
0.03,0.8571,40.0,20,FCC,0.018736,0.017019,0.1374801134742816,0.0632812463452137,0.0637868067677611,GPR
0.040714,0.8571,40.0,20,FCC,0.013714,0.013264,0.1649879445678289,0.0754201784422323,0.0752047928127203,GPR
0.051429,0.8571,40.0,20,FCC,0.010945,0.010875,0.1942135868811069,0.0880541207830709,0.0868989325644335,GPR
0.062143,0.8571,40.0,20,FCC,0.009142,0.009219,0.2253606054408146,0.1012346967659918,0.0988898714618153,GPR
0.072857,0.8571,40.0,20,FCC,0.007861,0.008001,0.2586631025509222,0.1150417828998232,0.1112028391470513,GPR
0.083571,0.8571,40.0,20,FCC,0.006901,0.007069,0.2943956970696346,0.1295571782350305,0.123867149400178,GPR
0.094286,0.8571,40.0,20,FCC,0.006152,0.006331,0.3328996620684367,0.1448598699314488,0.1369224581143723,GPR
0.105,0.8571,40.0,20,FCC,0.005551,0.005733,0.3745849046816351,0.1610305599164179,0.1504175003481171,GPR
0.115714,0.8571,40.0,20,FCC,0.005058,0.005238,0.4199627859869457,0.1781871535626104,0.1644203397994739,GPR
0.126429,0.8571,40.0,20,FCC,0.004646,0.004822,0.4696410663089002,0.1965188270301765,0.1790168005881504,GPR
0.137143,0.8571,40.0,20,FCC,0.004296,0.004468,0.5243039847391655,0.2163199951475159,0.1943066440931763,GPR
0.147857,0.8571,40.0,20,FCC,0.003995,0.004162,0.5847260058382591,0.2380301332969348,0.2104105791649196,GPR
0.158571,0.8571,40.0,20,FCC,0.003734,0.003895,0.6517299791754321,0.2622353623203156,0.2274619707900609,GPR
0.169286,0.8571,40.0,20,FCC,0.003505,0.00366,0.7261657566529944,0.2896509851261112,0.2456052424974568,GPR
0.18,0.8571,40.0,20,FCC,0.003303,0.003452,0.808840368709163,0.3210547697601771,0.2649826641710379,GPR
0.03,1.0357,40.0,20,FCC,0.028911,0.020554,0.1374801134742816,0.0632812463452137,0.0637868067677611,GPR
0.040714,1.0357,40.0,20,FCC,0.01895,0.015957,0.1649879445678289,0.0754201784422323,0.0752047928127203,GPR
0.051429,1.0357,40.0,20,FCC,0.014166,0.013067,0.1942135868811069,0.0880541207830709,0.0868989325644335,GPR
0.062143,1.0357,40.0,20,FCC,0.011514,0.011072,0.2253606054408146,0.1012346967659918,0.0988898714618153,GPR
0.072857,1.0357,40.0,20,FCC,0.00977,0.00961,0.2586631025509222,0.1150417828998232,0.1112028391470513,GPR
0.083571,1.0357,40.0,20,FCC,0.00851,0.008491,0.2943956970696346,0.1295571782350305,0.123867149400178,GPR
0.094286,1.0357,40.0,20,FCC,0.007549,0.007606,0.3328996620684367,0.1448598699314488,0.1369224581143723,GPR
0.105,1.0357,40.0,20,FCC,0.006789,0.006889,0.3745849046816351,0.1610305599164179,0.1504175003481171,GPR
0.115714,1.0357,40.0,20,FCC,0.006171,0.006296,0.4199627859869457,0.1781871535626104,0.1644203397994739,GPR
0.126429,1.0357,40.0,20,FCC,0.005658,0.005797,0.4696410663089002,0.1965188270301765,0.1790168005881504,GPR
0.137143,1.0357,40.0,20,FCC,0.005225,0.005371,0.5243039847391655,0.2163199951475159,0.1943066440931763,GPR
0.147857,1.0357,40.0,20,FCC,0.004854,0.005004,0.5847260058382591,0.2380301332969348,0.2104105791649196,GPR
0.158571,1.0357,40.0,20,FCC,0.004532,0.004684,0.6517299791754321,0.2622353623203156,0.2274619707900609,GPR
0.169286,1.0357,40.0,20,FCC,0.004251,0.004402,0.7261657566529944,0.2896509851261112,0.2456052424974568,GPR
0.18,1.0357,40.0,20,FCC,0.004003,0.004153,0.808840368709163,0.3210547697601771,0.2649826641710379,GPR
0.03,1.2143,40.0,20,FCC,0.045658,0.024829,0.1374801134742816,0.0632812463452137,0.0637868067677611,GPR
0.040714,1.2143,40.0,20,FCC,0.029859,0.019029,0.1649879445678289,0.0754201784422323,0.0752047928127203,GPR
0.051429,1.2143,40.0,20,FCC,0.020689,0.015492,0.1942135868811069,0.0880541207830709,0.0868989325644335,GPR
0.062143,1.2143,40.0,20,FCC,0.015415,0.013087,0.2253606054408146,0.1012346967659918,0.0988898714618153,GPR
0.072857,1.2143,40.0,20,FCC,0.01243,0.011339,0.2586631025509222,0.1150417828998232,0.1112028391470513,GPR
0.083571,1.2143,40.0,20,FCC,0.010561,0.010007,0.2943956970696346,0.1295571782350305,0.123867149400178,GPR
0.094286,1.2143,40.0,20,FCC,0.009241,0.008958,0.3328996620684367,0.1448598699314488,0.1369224581143723,GPR
0.105,1.2143,40.0,20,FCC,0.008239,0.008109,0.3745849046816351,0.1610305599164179,0.1504175003481171,GPR
0.115714,1.2143,40.0,20,FCC,0.007445,0.007408,0.4199627859869457,0.1781871535626104,0.1644203397994739,GPR
0.126429,1.2143,40.0,20,FCC,0.006798,0.006819,0.4696410663089002,0.1965188270301765,0.1790168005881504,GPR
0.137143,1.2143,40.0,20,FCC,0.006257,0.006318,0.5243039847391655,0.2163199951475159,0.1943066440931763,GPR
0.147857,1.2143,40.0,20,FCC,0.005799,0.005885,0.5847260058382591,0.2380301332969348,0.2104105791649196,GPR
0.158571,1.2143,40.0,20,FCC,0.005405,0.005508,0.6517299791754321,0.2622353623203156,0.2274619707900609,GPR
0.169286,1.2143,40.0,20,FCC,0.005062,0.005176,0.7261657566529944,0.2896509851261112,0.2456052424974568,GPR
0.18,1.2143,40.0,20,FCC,0.00476,0.004883,0.808840368709163,0.3210547697601771,0.2649826641710379,GPR
0.03,1.3929,40.0,20,FCC,0.066864,0.030515,0.1374801134742816,0.0632812463452137,0.0637868067677611,GPR
0.040714,1.3929,40.0,20,FCC,0.04583,0.02274,0.1649879445678289,0.0754201784422323,0.0752047928127203,GPR
0.051429,1.3929,40.0,20,FCC,0.032483,0.018283,0.1942135868811069,0.0880541207830709,0.0868989325644335,GPR
0.062143,1.3929,40.0,20,FCC,0.023692,0.015341,0.2253606054408146,0.1012346967659918,0.0988898714618153,GPR
0.072857,1.3929,40.0,20,FCC,0.017863,0.013237,0.2586631025509222,0.1150417828998232,0.1112028391470513,GPR
0.083571,1.3929,40.0,20,FCC,0.014087,0.011651,0.2943956970696346,0.1295571782350305,0.123867149400178,GPR
0.094286,1.3929,40.0,20,FCC,0.011719,0.01041,0.3328996620684367,0.1448598699314488,0.1369224581143723,GPR
0.105,1.3929,40.0,20,FCC,0.010165,0.009411,0.3745849046816351,0.1610305599164179,0.1504175003481171,GPR
0.115714,1.3929,40.0,20,FCC,0.009041,0.008589,0.4199627859869457,0.1781871535626104,0.1644203397994739,GPR
0.126429,1.3929,40.0,20,FCC,0.008171,0.0079,0.4696410663089002,0.1965188270301765,0.1790168005881504,GPR
0.137143,1.3929,40.0,20,FCC,0.007469,0.007314,0.5243039847391655,0.2163199951475159,0.1943066440931763,GPR
0.147857,1.3929,40.0,20,FCC,0.006887,0.00681,0.5847260058382591,0.2380301332969348,0.2104105791649196,GPR
0.158571,1.3929,40.0,20,FCC,0.006393,0.006371,0.6517299791754321,0.2622353623203156,0.2274619707900609,GPR
0.169286,1.3929,40.0,20,FCC,0.005969,0.005986,0.7261657566529944,0.2896509851261112,0.2456052424974568,GPR
0.18,1.3929,40.0,20,FCC,0.0056,0.005644,0.808840368709163,0.3210547697601771,0.2649826641710379,GPR
0.03,1.5714,40.0,20,FCC,0.091189,0.039312,0.1374801134742816,0.0632812463452137,0.0637868067677611,GPR
0.040714,1.5714,40.0,20,FCC,0.065368,0.027603,0.1649879445678289,0.0754201784422323,0.0752047928127203,GPR
0.051429,1.5714,40.0,20,FCC,0.048164,0.021671,0.1942135868811069,0.0880541207830709,0.0868989325644335,GPR
0.062143,1.5714,40.0,20,FCC,0.036195,0.017961,0.2253606054408146,0.1012346967659918,0.0988898714618153,GPR
0.072857,1.5714,40.0,20,FCC,0.027642,0.015383,0.2586631025509222,0.1150417828998232,0.1112028391470513,GPR
0.083571,1.5714,40.0,20,FCC,0.02145,0.013475,0.2943956970696346,0.1295571782350305,0.123867149400178,GPR
0.094286,1.5714,40.0,20,FCC,0.01697,0.011999,0.3328996620684367,0.1448598699314488,0.1369224581143723,GPR
0.105,1.5714,40.0,20,FCC,0.013787,0.010821,0.3745849046816351,0.1610305599164179,0.1504175003481171,GPR
0.115714,1.5714,40.0,20,FCC,0.011604,0.009858,0.4199627859869457,0.1781871535626104,0.1644203397994739,GPR
0.126429,1.5714,40.0,20,FCC,0.010126,0.009054,0.4696410663089002,0.1965188270301765,0.1790168005881504,GPR
0.137143,1.5714,40.0,20,FCC,0.009067,0.008373,0.5243039847391655,0.2163199951475159,0.1943066440931763,GPR
0.147857,1.5714,40.0,20,FCC,0.008251,0.007788,0.5847260058382591,0.2380301332969348,0.2104105791649196,GPR
0.158571,1.5714,40.0,20,FCC,0.007591,0.007281,0.6517299791754321,0.2622353623203156,0.2274619707900609,GPR
0.169286,1.5714,40.0,20,FCC,0.007041,0.006836,0.7261657566529944,0.2896509851261112,0.2456052424974568,GPR
0.18,1.5714,40.0,20,FCC,0.006573,0.006443,0.808840368709163,0.3210547697601771,0.2649826641710379,GPR
0.03,1.75,40.0,20,FCC,0.117245,0.057699,0.1374801134742816,0.0632812463452137,0.0637868067677611,GPR
0.040714,1.75,40.0,20,FCC,0.087465,0.034848,0.1649879445678289,0.0754201784422323,0.0752047928127203,GPR
0.051429,1.75,40.0,20,FCC,0.06673,0.026109,0.1942135868811069,0.0880541207830709,0.0868989325644335,GPR
0.062143,1.75,40.0,20,FCC,0.051729,0.021168,0.2253606054408146,0.1012346967659918,0.0988898714618153,GPR
0.072857,1.75,40.0,20,FCC,0.040638,0.017905,0.2586631025509222,0.1150417828998232,0.1112028391470513,GPR
0.083571,1.75,40.0,20,FCC,0.032277,0.015559,0.2943956970696346,0.1295571782350305,0.123867149400178,GPR
0.094286,1.75,40.0,20,FCC,0.025868,0.01378,0.3328996620684367,0.1448598699314488,0.1369224581143723,GPR
0.105,1.75,40.0,20,FCC,0.020916,0.012379,0.3745849046816351,0.1610305599164179,0.1504175003481171,GPR
0.115714,1.75,40.0,20,FCC,0.017096,0.011244,0.4199627859869457,0.1781871535626104,0.1644203397994739,GPR
0.126429,1.75,40.0,20,FCC,0.01418,0.010304,0.4696410663089002,0.1965188270301765,0.1790168005881504,GPR
0.137143,1.75,40.0,20,FCC,0.012005,0.009512,0.5243039847391655,0.2163199951475159,0.1943066440931763,GPR
0.147857,1.75,40.0,20,FCC,0.010435,0.008835,0.5847260058382591,0.2380301332969348,0.2104105791649196,GPR
0.158571,1.75,40.0,20,FCC,0.009313,0.008249,0.6517299791754321,0.2622353623203156,0.2274619707900609,GPR
0.169286,1.75,40.0,20,FCC,0.008475,0.007737,0.7261657566529944,0.2896509851261112,0.2456052424974568,GPR
0.18,1.75,40.0,20,FCC,0.007812,0.007286,0.808840368709163,0.3210547697601771,0.2649826641710379,GPR
0.03,1.9286,40.0,20,FCC,0.144669,0.139816,0.1374801134742816,0.0632812463452137,0.0637868067677611,GPR
0.040714,1.9286,40.0,20,FCC,0.110838,0.048554,0.1649879445678289,0.0754201784422323,0.0752047928127203,GPR
0.051429,1.9286,40.0,20,FCC,0.087433,0.032653,0.1942135868811069,0.0880541207830709,0.0868989325644335,GPR
0.062143,1.9286,40.0,20,FCC,0.06958,0.025399,0.2253606054408146,0.1012346967659918,0.0988898714618153,GPR
0.072857,1.9286,40.0,20,FCC,0.056006,0.021028,0.2586631025509222,0.1150417828998232,0.1112028391470513,GPR
0.083571,1.9286,40.0,20,FCC,0.045705,0.01804,0.2943956970696346,0.1295571782350305,0.123867149400178,GPR
0.094286,1.9286,40.0,20,FCC,0.037458,0.015842,0.3328996620684367,0.1448598699314488,0.1369224581143723,GPR
0.105,1.9286,40.0,20,FCC,0.030875,0.014145,0.3745849046816351,0.1610305599164179,0.1504175003481171,GPR
0.115714,1.9286,40.0,20,FCC,0.025614,0.012791,0.4199627859869457,0.1781871535626104,0.1644203397994739,GPR
0.126429,1.9286,40.0,20,FCC,0.021346,0.011682,0.4696410663089002,0.1965188270301765,0.1790168005881504,GPR
0.137143,1.9286,40.0,20,FCC,0.017894,0.010756,0.5243039847391655,0.2163199951475159,0.1943066440931763,GPR
0.147857,1.9286,40.0,20,FCC,0.015119,0.009969,0.5847260058382591,0.2380301332969348,0.2104105791649196,GPR
0.158571,1.9286,40.0,20,FCC,0.012909,0.009292,0.6517299791754321,0.2622353623203156,0.2274619707900609,GPR
0.169286,1.9286,40.0,20,FCC,0.011185,0.008702,0.7261657566529944,0.2896509851261112,0.2456052424974568,GPR
0.18,1.9286,40.0,20,FCC,0.009878,0.008184,0.808840368709163,0.3210547697601771,0.2649826641710379,GPR
0.03,2.1071,40.0,20,FCC,0.173933,0.28402,0.1374801134742816,0.0632812463452137,0.0637868067677611,GPR
0.040714,2.1071,40.0,20,FCC,0.136611,0.097165,0.1649879445678289,0.0754201784422323,0.0752047928127203,GPR
0.051429,2.1071,40.0,20,FCC,0.10894,0.044641,0.1942135868811069,0.0880541207830709,0.0868989325644335,GPR
0.062143,2.1071,40.0,20,FCC,0.089475,0.031669,0.2253606054408146,0.1012346967659918,0.0988898714618153,GPR
0.072857,2.1071,40.0,20,FCC,0.073254,0.025202,0.2586631025509222,0.1150417828998232,0.1112028391470513,GPR
0.083571,2.1071,40.0,20,FCC,0.061143,0.021157,0.2943956970696346,0.1295571782350305,0.123867149400178,GPR
0.094286,2.1071,40.0,20,FCC,0.051076,0.018329,0.3328996620684367,0.1448598699314488,0.1369224581143723,GPR
0.105,2.1071,40.0,20,FCC,0.043006,0.016217,0.3745849046816351,0.1610305599164179,0.1504175003481171,GPR
0.115714,2.1071,40.0,20,FCC,0.036371,0.014568,0.4199627859869457,0.1781871535626104,0.1644203397994739,GPR
0.126429,2.1071,40.0,20,FCC,0.030828,0.013239,0.4696410663089002,0.1965188270301765,0.1790168005881504,GPR
0.137143,2.1071,40.0,20,FCC,0.026263,0.012142,0.5243039847391655,0.2163199951475159,0.1943066440931763,GPR
0.147857,2.1071,40.0,20,FCC,0.022402,0.01122,0.5847260058382591,0.2380301332969348,0.2104105791649196,GPR
0.158571,2.1071,40.0,20,FCC,0.019194,0.010432,0.6517299791754321,0.2622353623203156,0.2274619707900609,GPR
0.169286,2.1071,40.0,20,FCC,0.016501,0.00975,0.7261657566529944,0.2896509851261112,0.2456052424974568,GPR
0.18,2.1071,40.0,20,FCC,0.01426,0.009154,0.808840368709163,0.3210547697601771,0.2649826641710379,GPR
0.03,2.2857,40.0,20,FCC,0.201727,0.356243,0.1374801134742816,0.0632812463452137,0.0637868067677611,GPR
0.040714,2.2857,40.0,20,FCC,0.161545,0.241124,0.1649879445678289,0.0754201784422323,0.0752047928127203,GPR
0.051429,2.2857,40.0,20,FCC,0.133199,0.082895,0.1942135868811069,0.0880541207830709,0.0868989325644335,GPR
0.062143,2.2857,40.0,20,FCC,0.109579,0.043185,0.2253606054408146,0.1012346967659918,0.0988898714618153,GPR
0.072857,2.2857,40.0,20,FCC,0.092592,0.031489,0.2586631025509222,0.1150417828998232,0.1112028391470513,GPR
0.083571,2.2857,40.0,20,FCC,0.07779,0.025398,0.2943956970696346,0.1295571782350305,0.123867149400178,GPR
0.094286,2.2857,40.0,20,FCC,0.066553,0.021509,0.3328996620684367,0.1448598699314488,0.1369224581143723,GPR
0.105,2.2857,40.0,20,FCC,0.056774,0.018757,0.3745849046816351,0.1610305599164179,0.1504175003481171,GPR
0.115714,2.2857,40.0,20,FCC,0.048902,0.016682,0.4199627859869457,0.1781871535626104,0.1644203397994739,GPR
0.126429,2.2857,40.0,20,FCC,0.04216,0.015051,0.4696410663089002,0.1965188270301765,0.1790168005881504,GPR
0.137143,2.2857,40.0,20,FCC,0.03647,0.013728,0.5243039847391655,0.2163199951475159,0.1943066440931763,GPR
0.147857,2.2857,40.0,20,FCC,0.03165,0.01263,0.5847260058382591,0.2380301332969348,0.2104105791649196,GPR
0.158571,2.2857,40.0,20,FCC,0.027481,0.011703,0.6517299791754321,0.2622353623203156,0.2274619707900609,GPR
0.169286,2.2857,40.0,20,FCC,0.023944,0.010907,0.7261657566529944,0.2896509851261112,0.2456052424974568,GPR
0.18,2.2857,40.0,20,FCC,0.020871,0.010217,0.808840368709163,0.3210547697601771,0.2649826641710379,GPR
0.03,2.4643,40.0,20,FCC,0.227697,0.446028,0.1374801134742816,0.0632812463452137,0.0637868067677611,GPR
0.040714,2.4643,40.0,20,FCC,0.189444,0.349541,0.1649879445678289,0.0754201784422323,0.0752047928127203,GPR
0.051429,2.4643,40.0,20,FCC,0.155543,0.221496,0.1942135868811069,0.0880541207830709,0.0868989325644335,GPR
0.062143,2.4643,40.0,20,FCC,0.132468,0.07984,0.2253606054408146,0.1012346967659918,0.0988898714618153,GPR
0.072857,2.4643,40.0,20,FCC,0.111957,0.043356,0.2586631025509222,0.1150417828998232,0.1112028391470513,GPR
0.083571,2.4643,40.0,20,FCC,0.096208,0.031956,0.2943956970696346,0.1295571782350305,0.123867149400178,GPR
0.094286,2.4643,40.0,20,FCC,0.083336,0.025938,0.3328996620684367,0.1448598699314488,0.1369224581143723,GPR
0.105,2.4643,40.0,20,FCC,0.071811,0.022072,0.3745849046816351,0.1610305599164179,0.1504175003481171,GPR
0.115714,2.4643,40.0,20,FCC,0.063092,0.019322,0.4199627859869457,0.1781871535626104,0.1644203397994739,GPR
0.126429,2.4643,40.0,20,FCC,0.054823,0.017242,0.4696410663089002,0.1965188270301765,0.1790168005881504,GPR
0.137143,2.4643,40.0,20,FCC,0.048258,0.0156,0.5243039847391655,0.2163199951475159,0.1943066440931763,GPR
0.147857,2.4643,40.0,20,FCC,0.042467,0.014265,0.5847260058382591,0.2380301332969348,0.2104105791649196,GPR
0.158571,2.4643,40.0,20,FCC,0.037314,0.013153,0.6517299791754321,0.2622353623203156,0.2274619707900609,GPR
0.169286,2.4643,40.0,20,FCC,0.033058,0.012212,0.7261657566529944,0.2896509851261112,0.2456052424974568,GPR
0.18,2.4643,40.0,20,FCC,0.029138,0.011402,0.808840368709163,0.3210547697601771,0.2649826641710379,GPR
0.03,2.6429,40.0,20,FCC,0.258884,0.439137,0.1374801134742816,0.0632812463452137,0.0637868067677611,GPR
0.040714,2.6429,40.0,20,FCC,0.212363,0.384157,0.1649879445678289,0.0754201784422323,0.0752047928127203,GPR
0.051429,2.6429,40.0,20,FCC,0.182368,0.315162,0.1942135868811069,0.0880541207830709,0.0868989325644335,GPR
0.062143,2.6429,40.0,20,FCC,0.153126,0.214253,0.2253606054408146,0.1012346967659918,0.0988898714618153,GPR
0.072857,2.6429,40.0,20,FCC,0.133357,0.084043,0.2586631025509222,0.1150417828998232,0.1112028391470513,GPR
0.083571,2.6429,40.0,20,FCC,0.115672,0.044992,0.2943956970696346,0.1295571782350305,0.123867149400178,GPR
0.094286,2.6429,40.0,20,FCC,0.100237,0.033048,0.3328996620684367,0.1448598699314488,0.1369224581143723,GPR
0.105,2.6429,40.0,20,FCC,0.088982,0.026827,0.3745849046816351,0.1610305599164179,0.1504175003481171,GPR
0.115714,2.6429,40.0,20,FCC,0.077807,0.022854,0.4199627859869457,0.1781871535626104,0.1644203397994739,GPR
0.126429,2.6429,40.0,20,FCC,0.068847,0.020036,0.4696410663089002,0.1965188270301765,0.1790168005881504,GPR
0.137143,2.6429,40.0,20,FCC,0.061538,0.017906,0.5243039847391655,0.2163199951475159,0.1943066440931763,GPR
0.147857,2.6429,40.0,20,FCC,0.054331,0.016226,0.5847260058382591,0.2380301332969348,0.2104105791649196,GPR
0.158571,2.6429,40.0,20,FCC,0.048555,0.014859,0.6517299791754321,0.2622353623203156,0.2274619707900609,GPR
0.169286,2.6429,40.0,20,FCC,0.043543,0.01372,0.7261657566529944,0.2896509851261112,0.2456052424974568,GPR
0.18,2.6429,40.0,20,FCC,0.038733,0.012755,0.808840368709163,0.3210547697601771,0.2649826641710379,GPR
0.03,2.8214,40.0,20,FCC,0.283923,0.393967,0.1374801134742816,0.0632812463452137,0.0637868067677611,GPR
0.040714,2.8214,40.0,20,FCC,0.238698,0.44771,0.1649879445678289,0.0754201784422323,0.0752047928127203,GPR
0.051429,2.8214,40.0,20,FCC,0.203912,0.426536,0.1942135868811069,0.0880541207830709,0.0868989325644335,GPR
0.062143,2.8214,40.0,20,FCC,0.178652,0.295761,0.2253606054408146,0.1012346967659918,0.0988898714618153,GPR
0.072857,2.8214,40.0,20,FCC,0.152877,0.218751,0.2586631025509222,0.1150417828998232,0.1112028391470513,GPR
0.083571,2.8214,40.0,20,FCC,0.135235,0.096502,0.2943956970696346,0.1295571782350305,0.123867149400178,GPR
0.094286,2.8214,40.0,20,FCC,0.120151,0.048389,0.3328996620684367,0.1448598699314488,0.1369224581143723,GPR
0.105,2.8214,40.0,20,FCC,0.104939,0.034864,0.3745849046816351,0.1610305599164179,0.1504175003481171,GPR
0.115714,2.8214,40.0,20,FCC,0.094106,0.028114,0.4199627859869457,0.1781871535626104,0.1644203397994739,GPR
0.126429,2.8214,40.0,20,FCC,0.084603,0.023887,0.4696410663089002,0.1965188270301765,0.1790168005881504,GPR
0.137143,2.8214,40.0,20,FCC,0.07492,0.020922,0.5243039847391655,0.2163199951475159,0.1943066440931763,GPR
0.147857,2.8214,40.0,20,FCC,0.067532,0.018694,0.5847260058382591,0.2380301332969348,0.2104105791649196,GPR
0.158571,2.8214,40.0,20,FCC,0.061245,0.016944,0.6517299791754321,0.2622353623203156,0.2274619707900609,GPR
0.169286,2.8214,40.0,20,FCC,0.054829,0.015524,0.7261657566529944,0.2896509851261112,0.2456052424974568,GPR
0.18,2.8214,40.0,20,FCC,0.049473,0.014342,0.808840368709163,0.3210547697601771,0.2649826641710379,GPR
0.03,3.0,40.0,20,FCC,0.305007,0.740793,0.1374801134742816,0.0632812463452137,0.0637868067677611,GPR
0.040714,3.0,40.0,20,FCC,0.266234,0.626455,0.1649879445678289,0.0754201784422323,0.0752047928127203,GPR
0.051429,3.0,40.0,20,FCC,0.226281,0.506513,0.1942135868811069,0.0880541207830709,0.0868989325644335,GPR
0.062143,3.0,40.0,20,FCC,0.199088,0.383364,0.2253606054408146,0.1012346967659918,0.0988898714618153,GPR
0.072857,3.0,40.0,20,FCC,0.177264,0.291421,0.2586631025509222,0.1150417828998232,0.1112028391470513,GPR
0.083571,3.0,40.0,20,FCC,0.154145,0.231014,0.2943956970696346,0.1295571782350305,0.123867149400178,GPR
0.094286,3.0,40.0,20,FCC,0.137755,0.119902,0.3328996620684367,0.1448598699314488,0.1369224581143723,GPR
0.105,3.0,40.0,20,FCC,0.124669,0.054534,0.3745849046816351,0.1610305599164179,0.1504175003481171,GPR
0.115714,3.0,40.0,20,FCC,0.110716,0.037658,0.4199627859869457,0.1781871535626104,0.1644203397994739,GPR
0.126429,3.0,40.0,20,FCC,0.099176,0.029907,0.4696410663089002,0.1965188270301765,0.1790168005881504,GPR
0.137143,3.0,40.0,20,FCC,0.09059,0.025232,0.5243039847391655,0.2163199951475159,0.1943066440931763,GPR
0.147857,3.0,40.0,20,FCC,0.082163,0.022018,0.5847260058382591,0.2380301332969348,0.2104105791649196,GPR
0.158571,3.0,40.0,20,FCC,0.073677,0.019634,0.6517299791754321,0.2622353623203156,0.2274619707900609,GPR
0.169286,3.0,40.0,20,FCC,0.06725,0.017775,0.7261657566529944,0.2896509851261112,0.2456052424974568,GPR
0.18,3.0,40.0,20,FCC,0.061776,0.016275,0.808840368709163,0.3210547697601771,0.2649826641710379,GPR
